449.01,534.964,621.93,704.749,779.072,840.164,884.509,910.388,921.654,923.514,922.025,917.716,905.635,877.366,833.499,772.192,697.951,616.409,530.587,445.816,
289.105,396.389,541.891,729.919,960.719,1224.619,1496.013,1741.063,1923.913,2017.101,2016.125,1920.821,1735.117,1487.333,1214.354,951.22,721.18,534.352,390.929,285.16,
315.683,361.874,409.975,457.43,500.798,536.81,562.016,575.742,580.688,581.054,580.853,580.242,575.3,561.145,536.151,500.624,457.513,410.458,362.6,316.508,
46.357,43.708,41.237,38.942,36.762,34.644,32.611,30.739,29.293,28.476,28.475,29.289,30.758,32.59,34.624,36.746,38.886,41.152,43.579,46.154,
246.318,271.825,295.208,314.899,328.998,337.159,339.295,336.824,332.343,329.087,328.59,331.935,336.354,338.716,336.374,328.221,313.914,294.514,270.954,245.684,
378.845,431.777,482.617,528.831,568.312,596.932,614.211,619.195,616.731,613.114,612.535,615.869,617.499,611.911,594.848,565.296,525.505,479.127,428.375,375.592,
386.463,432.356,476.835,517.102,551.43,576.927,592.659,598.551,597.996,595.449,595.358,598.096,598.707,592.866,577.089,551.131,516.814,476.327,431.793,385.355,
237.171,255.291,271.479,284.887,294.938,300.678,302.231,300.158,296.421,293.545,293.439,296.04,299.598,301.519,299.818,293.82,283.611,270.052,253.766,235.528,
366.323,455.352,552.756,653.593,750.837,836.145,900.705,940.145,958.202,963.036,963.216,958.41,940.391,900.819,835.98,750.561,653.305,551.403,453.813,364.331,
259.001,271.388,280.402,285.948,287.45,285.292,279.674,271.969,264.433,259.795,259.6,264.206,271.749,279.392,284.98,287.511,285.947,280.851,271.907,259.979,
351.405,394.743,431.735,459.586,477.917,486.02,484.892,477.168,468.01,461.17,461.373,467.669,477.084,484.099,484.984,476.898,458.747,430.044,393.237,350.093,
340.157,388.472,435.363,478.717,515.593,543.694,561.051,568.679,569.121,568.009,568.338,570.391,570.623,563.799,546.457,518.57,481.665,438.12,391.029,342.496,
309.732,378.83,453.671,530.778,604.828,670.556,722.059,755.691,772.713,778.265,778.943,773.922,756.149,721.956,669.532,603.332,528.382,451.088,376.242,307.481,
444.786,539.764,638.961,737.637,829.429,909.566,970.064,1010.055,1028.324,1031.956,1032.024,1028.085,1009.537,970.593,908.76,829.608,737.927,640.117,541.41,447.057,
434.692,535.234,636.62,730.805,808.953,865.043,899.012,915.088,920.664,921.442,920.503,918.304,910.758,892.488,857.478,800.045,721.047,627.323,526.626,427.483,
324.595,490.177,710.836,985.805,1300.281,1635.003,1957.698,2246.989,2474.411,2605.307,2601.877,2464.738,2236.04,1947.648,1625.306,1295.029,981.723,708.919,489.348,324.186,
420.746,602.199,805.382,1007.329,1184.549,1326.934,1433.687,1506.989,1549.044,1567.921,1568.815,1553.644,1511.999,1437.786,1328.997,1182.735,1002.594,798.992,594.74,415.421,
321.821,390.612,466.363,547.53,629.801,707.334,774.289,825.266,856.458,869.489,869.697,856.512,824.519,774.395,707.779,630.312,548.476,467.262,390.847,321.993,
153.848,157.178,158.627,158.248,156.213,152.559,147.424,141.909,136.959,133.943,134.008,136.876,141.784,147.438,152.405,156.108,158.265,158.596,157.229,153.917,
104.953,106.043,106.403,105.859,104.264,101.792,98.427,94.82,91.661,89.805,89.863,91.825,95.087,98.766,102.139,104.681,106.263,106.789,106.392,105.204,
434.242,515.759,598.91,681.462,757.488,824.179,877.823,913.508,933.485,940.372,940.173,933.348,914.675,878.018,825.083,758.512,681.711,598.961,515.939,434.342,
354.979,455.257,571.175,700.338,836.12,969.601,1089.583,1184.594,1247.148,1276.244,1276.762,1247.8,1185.167,1089.477,969.043,835.165,699.062,569.655,453.089,353.381,
38.082,34.564,31.709,29.384,27.388,25.616,23.991,22.594,21.511,20.886,20.882,21.468,22.555,23.943,25.546,27.311,29.289,31.613,34.46,37.98,
375.696,428.763,479.067,525.05,564.173,594.165,613.426,622.094,622.993,621.117,620.685,621.869,620.348,610.981,591.218,560.971,521.712,475.442,425.035,372.169,
285.3,336.683,390.918,445.122,496.659,540.558,574.364,595.605,605.893,609.441,609.236,605.808,595.013,573.944,540.606,497.099,446.39,392.325,338.399,287.015,
458.538,528.804,597.354,660.224,712.933,752.085,775.89,784.946,784.008,780.423,780.067,782.423,782.165,771.939,747.26,707.02,654.078,591.242,523.034,453.511,
135.5,134.598,132.455,129.141,124.825,119.767,114.157,108.705,104.181,101.623,101.636,104.287,108.811,114.329,119.91,125.086,129.437,132.838,135.153,136.169,
462.285,577.864,702.11,830.446,956.991,1073.492,1169.75,1238.693,1277.243,1290.448,1289.474,1275.237,1235.836,1166.415,1069.326,953.005,826.607,697.761,574.418,459.748,
353.059,419.763,489.665,559.327,624.955,680.847,722.479,747.431,758.179,760.541,760.422,758.155,747.68,722.735,680.739,624.279,558.731,488.726,418.835,352.293,
243.239,266.083,286.641,303.935,317.171,325.972,329.352,328.673,325.589,323.07,323.355,326.01,329.222,330.342,327.076,318.644,305.221,287.832,267.224,244.319,
391.99,492.915,601.181,712.074,818.752,913.259,988.065,1039.472,1066.325,1076.781,1076.532,1066.242,1038.086,987.35,912.221,817.687,710.591,599.052,490.073,388.982,
351.001,440.125,537.778,639.995,738.318,824.685,891.18,932.956,952.928,959.488,959.666,954.085,934.867,894.413,829.134,742.648,644.096,541.607,442.86,353.014,
180.861,184.11,184.507,182.144,177.814,171.338,163.776,155.924,149.389,145.597,145.605,149.579,156.383,164.295,172.051,178.707,183.538,185.971,185.962,182.893,
89.275,86.454,83.922,81.553,79.061,76.243,73.295,70.318,67.75,66.276,66.25,67.725,70.231,73.234,76.251,79.008,81.519,83.987,86.521,89.371,
448.105,537.464,627.944,714.356,795.026,861.12,906.092,926.044,925.094,917.419,916.183,924.428,924.532,904.087,858.4,792.207,712.851,625.945,536.489,447.882,
534.334,626.144,715.678,798.381,869.102,923.928,959.221,975.73,976.882,973.963,973.075,975.653,972.677,955.259,918.696,863.259,792.216,709.6,621.069,529.549,
222.683,244.45,265.762,285.57,302.829,316.029,324.173,327.56,327.284,326.289,326.284,327.37,327.456,324.029,315.816,302.638,285.325,265.39,244.061,222.001,
499.227,642.619,803.015,979.37,1170.279,1367.986,1560.455,1725.845,1842.701,1900.149,1900.485,1844.427,1727.772,1563.548,1372.751,1173.75,981.64,804.303,642.897,499.016,
552.028,712.733,903.755,1120.509,1355.756,1594.031,1812.352,1989.549,2107.039,2160.556,2159.686,2104.922,1985.039,1807.078,1587.807,1350.017,1114.926,897.737,708.277,547.78,
274.436,379.982,514.999,677.377,862.387,1059.194,1251.878,1419.334,1540.134,1599.003,1598.499,1539.754,1419.659,1252.493,1059.32,861.786,676.977,514.468,379.734,273.898,
379.397,489.462,620.381,769.326,928.263,1086.055,1227.555,1338.639,1409.799,1442.165,1441.598,1409.233,1337.17,1225.864,1083.983,926.816,768.411,620.394,489.627,379.866,
381.365,398.868,407.384,407.488,399.932,386.08,368.013,349.204,333.344,324.161,324.235,333.252,348.946,367.713,385.551,399.277,406.586,406.361,397.3,379.635,
303.837,464.242,678.026,946.609,1262.581,1613.002,1977.955,2326.027,2614.32,2779.175,2775.7,2603.673,2310.899,1961.966,1598.054,1249.456,934.222,667.907,455.924,297.538,
281.79,322.704,365.335,407.488,446.152,478.241,501.135,513.761,518.581,518.951,518.913,518.082,513.279,500.58,477.606,445.568,406.939,365.164,322.616,281.842,
423.003,486.582,550.603,611.319,664.973,707.46,735.842,750.006,753.369,752.828,752.831,754.079,751.217,737.02,708.832,666.66,612.971,552.524,488.524,424.993,
420.585,477.256,530.466,576.977,614.969,642.41,658.003,663.12,661.0,657.606,657.546,660.834,662.661,657.478,641.272,613.59,575.173,527.913,474.911,418.242,
146.927,150.498,152.595,153.45,152.939,150.929,147.541,143.415,139.529,137.143,137.125,139.565,143.419,147.56,150.954,152.957,153.525,152.707,150.513,146.974,
426.297,508.995,597.164,686.735,772.727,848.26,907.543,946.721,967.278,974.474,974.301,966.401,945.548,906.183,846.68,771.382,685.491,595.636,507.185,424.263,
183.499,192.281,198.772,202.586,203.244,201.151,196.721,191.204,185.867,182.693,182.656,185.831,190.968,196.429,200.677,202.652,201.852,197.899,191.532,182.686,
307.198,390.377,488.412,600.57,721.418,843.306,955.298,1046.133,1106.132,1134.262,1134.104,1104.059,1042.839,952.178,839.985,718.276,597.83,486.335,388.695,306.24,
135.586,137.717,138.676,138.352,136.683,133.987,130.321,126.163,122.328,120.133,120.006,122.398,126.084,130.257,133.935,136.783,138.282,138.611,137.654,135.385,
339.993,396.847,454.149,508.093,555.77,593.776,619.859,633.467,637.822,637.367,636.845,636.602,632.047,617.842,591.625,553.36,505.954,452.227,395.592,338.73,
265.162,351.874,468.419,620.5,811.412,1038.129,1287.635,1531.787,1732.541,1845.252,1846.029,1735.54,1536.632,1293.706,1044.911,818.682,627.386,474.983,357.671,270.153,
465.512,571.026,689.269,816.117,949.651,1079.899,1198.005,1293.479,1356.87,1385.615,1385.321,1357.534,1293.804,1198.802,1081.192,951.837,819.263,691.844,574.789,469.093,
512.31,659.537,819.549,982.729,1129.411,1246.681,1339.091,1408.746,1453.577,1473.665,1473.406,1452.79,1408.004,1338.408,1246.621,1130.23,984.536,822.043,661.809,514.246,
125.717,123.153,119.946,116.352,112.267,107.786,103.212,98.681,94.912,92.727,92.755,94.944,98.635,103.258,107.813,112.257,116.291,119.897,123.053,125.657,
69.106,65.538,62.314,59.349,56.505,53.784,51.049,48.568,46.548,45.425,45.435,46.608,48.613,51.13,53.874,56.603,59.501,62.497,65.763,69.396,
99.028,99.327,99.379,98.92,97.667,95.67,93.0,89.884,87.132,85.476,85.422,87.123,89.917,93.029,95.723,97.817,98.957,99.515,99.527,99.214,
196.177,214.935,233.146,249.183,261.527,268.928,270.507,267.623,262.93,259.14,259.092,262.767,267.939,271.202,269.924,263.07,251.035,234.942,216.629,197.218,
419.827,477.673,533.362,584.277,627.672,660.4,679.938,685.927,683.473,678.65,678.918,683.475,686.328,679.98,660.264,627.319,583.756,532.344,476.672,418.665,
288.761,316.806,341.808,362.484,377.485,385.844,387.764,384.351,378.611,374.214,374.239,378.763,384.418,387.98,386.233,377.63,362.807,342.104,317.316,289.394,
411.048,492.63,580.392,672.016,762.451,845.638,915.752,967.041,996.533,1007.636,1007.265,995.79,966.856,915.756,845.385,761.785,671.047,579.351,490.854,409.068,
325.148,393.482,472.625,561.41,656.672,751.947,838.148,908.125,953.073,973.773,973.711,953.546,909.407,840.679,754.693,659.611,564.778,475.882,396.837,327.886,
316.703,418.632,547.672,706.095,892.719,1099.519,1309.599,1498.731,1639.645,1713.824,1716.0,1645.804,1507.058,1317.936,1107.048,898.197,709.578,549.577,419.608,317.192,
485.931,606.55,748.41,912.848,1098.754,1300.49,1505.75,1693.328,1835.865,1907.695,1906.819,1832.244,1689.005,1501.093,1296.334,1095.236,909.758,746.381,605.342,485.403,
580.686,666.353,735.627,782.661,806.355,808.669,794.988,772.817,750.91,737.086,737.519,751.724,774.434,797.01,811.901,810.318,787.842,741.238,672.552,586.534,
455.636,627.868,806.138,968.829,1109.46,1224.733,1309.346,1359.862,1383.308,1390.446,1390.92,1384.309,1361.892,1311.222,1227.551,1112.926,973.268,810.641,632.019,459.007,
259.57,284.468,305.107,319.816,327.848,328.97,324.271,315.803,307.155,301.534,301.553,307.067,315.759,324.144,328.97,327.617,319.536,304.603,284.11,259.245,
209.91,222.591,233.228,241.29,246.713,249.155,248.772,245.689,241.936,239.249,239.068,241.55,245.557,248.072,248.732,246.159,240.544,232.165,221.507,208.835,
303.262,413.816,559.87,745.205,967.719,1217.884,1474.378,1701.779,1870.401,1953.912,1952.722,1865.413,1694.713,1464.915,1210.644,961.018,740.108,555.894,410.828,300.816,
276.822,334.41,399.903,474.35,557.057,645.176,731.743,807.452,862.775,890.701,890.032,861.188,804.48,728.478,641.196,553.756,471.016,397.055,332.026,274.689,
276.263,301.289,323.222,341.135,353.814,360.477,361.164,357.255,351.419,347.369,347.748,352.305,358.727,363.315,363.166,356.856,344.55,326.799,304.921,279.838,
190.144,197.957,204.22,208.29,210.214,209.71,206.899,202.438,197.816,194.811,194.657,197.528,201.914,206.113,208.663,208.928,206.767,202.289,195.974,187.963,
346.81,387.571,424.979,457.467,481.276,495.099,498.472,492.692,483.638,476.949,476.865,482.825,491.492,496.964,493.869,479.381,454.884,422.508,384.49,343.468,
330.065,398.309,472.257,549.663,626.095,695.773,753.155,794.632,818.316,828.706,828.663,818.608,794.645,753.682,696.462,626.99,550.486,472.932,398.738,330.515,
386.254,441.151,490.317,530.796,560.762,578.384,583.727,579.174,569.764,562.082,562.24,569.386,578.303,583.155,577.463,559.371,529.45,488.929,439.79,384.971,
324.849,371.064,415.919,457.883,494.43,523.717,544.456,556.894,562.833,564.677,564.176,562.837,557.392,544.609,523.984,494.501,458.123,416.551,371.472,325.393,
428.448,517.497,612.197,709.424,803.695,889.992,960.509,1008.493,1033.662,1042.153,1042.51,1033.89,1009.074,960.658,890.041,803.808,709.774,612.624,517.885,429.298,
458.258,568.228,683.844,800.167,912.237,1012.43,1091.71,1145.672,1173.317,1181.875,1183.173,1176.595,1151.22,1099.427,1021.072,922.437,810.143,692.516,575.793,465.707,
465.454,620.527,788.489,956.799,1112.881,1246.554,1346.347,1409.766,1440.104,1449.761,1448.983,1438.434,1407.568,1343.259,1243.961,1110.057,953.042,785.135,617.125,462.116,
92.103,90.297,87.967,85.097,81.718,77.984,74.051,70.376,67.39,65.703,65.687,67.341,70.316,73.957,77.832,81.534,84.866,87.745,90.089,91.91,
329.485,379.242,430.112,478.305,521.513,556.126,579.401,590.959,594.051,593.688,593.975,594.57,591.909,580.483,557.51,523.599,480.533,431.972,381.527,331.354,
406.893,505.838,614.436,727.726,840.224,944.389,1032.53,1097.874,1137.851,1155.759,1156.244,1140.158,1100.988,1036.554,949.016,845.047,731.934,617.952,509.491,409.388,
509.715,630.169,757.005,883.713,1002.294,1103.744,1182.608,1235.691,1264.147,1274.928,1274.547,1263.19,1234.099,1180.447,1100.625,998.302,879.902,753.116,626.744,506.9,
310.4,356.062,398.083,433.885,459.948,474.754,477.904,472.721,463.936,457.708,457.568,463.888,472.347,477.506,473.754,458.682,432.651,396.962,354.865,309.447,
306.747,340.204,370.037,394.926,413.079,423.296,425.919,422.321,416.185,411.517,411.708,416.534,423.273,426.879,424.681,414.687,396.524,371.985,342.263,308.677,
339.614,394.273,450.077,503.908,552.269,590.988,617.48,631.577,635.622,635.043,635.052,634.995,630.62,616.514,589.897,551.05,502.663,448.706,392.784,338.174,
406.842,481.884,555.744,624.471,683.395,728.423,756.583,767.734,767.741,764.169,764.454,767.948,768.323,756.586,728.677,683.595,624.338,555.4,480.72,405.715,
409.066,531.833,669.472,816.15,963.937,1101.691,1218.504,1303.405,1354.655,1374.814,1375.749,1355.072,1304.651,1219.325,1103.012,965.56,817.795,670.891,532.957,410.289,
458.07,527.811,591.481,646.78,691.583,724.495,743.721,751.116,749.979,746.64,746.213,748.846,749.612,741.952,722.544,689.829,644.504,589.0,525.417,455.326,
289.904,337.294,386.49,436.232,485.358,530.839,570.473,601.508,621.996,631.583,632.003,622.344,602.107,570.962,531.86,486.114,436.926,387.381,338.156,290.785,
245.925,345.769,484.101,669.405,904.185,1185.919,1491.992,1783.835,2015.088,2138.196,2136.412,2010.675,1778.222,1486.263,1181.287,902.237,669.079,486.005,349.021,250.144,
325.194,369.533,413.423,454.682,490.088,517.024,533.875,540.562,540.768,538.583,538.538,540.485,540.453,533.691,517.05,490.1,454.651,413.857,369.91,325.631,
204.728,217.042,228.033,236.883,242.994,245.655,245.201,242.086,237.929,235.134,235.262,238.337,242.481,245.775,246.423,243.676,237.607,228.733,217.698,205.444,
350.891,400.401,449.614,496.436,537.098,567.473,586.023,591.765,590.437,586.822,587.017,589.841,591.489,585.159,566.55,535.689,494.948,448.097,398.494,348.75,
318.502,348.458,374.929,397.052,412.959,422.308,424.493,421.15,415.077,410.694,410.885,415.71,421.881,425.315,423.129,413.892,397.497,375.591,348.747,318.829,
328.87,384.878,442.854,499.733,552.929,598.124,632.36,653.118,662.478,665.216,664.938,661.655,651.254,629.745,595.821,550.512,497.61,440.756,382.9,327.635,
420.9,508.763,601.562,695.013,782.451,857.731,915.69,953.283,973.006,979.927,980.475,973.93,955.338,918.11,860.942,785.681,698.557,605.249,512.566,424.966,
301.763,334.827,365.841,393.763,415.916,430.97,437.522,436.14,430.679,425.948,425.483,429.467,434.121,434.927,428.34,413.136,390.842,363.157,332.549,299.621,
301.757,322.89,339.47,351.335,357.931,359.196,355.763,348.894,341.329,336.571,336.526,341.399,349.023,356.127,359.618,358.467,351.93,340.016,323.187,302.407,
419.892,554.84,710.04,887.075,1092.851,1327.21,1576.823,1811.064,1993.182,2091.12,2091.336,1995.231,1813.419,1579.056,1329.464,1094.141,888.311,711.186,556.106,420.884,
449.524,534.875,619.814,700.253,770.364,826.08,864.876,886.056,891.527,890.241,890.417,891.365,885.982,865.433,826.128,770.361,700.328,620.299,535.24,449.729,
160.857,161.705,160.736,158.409,154.261,148.803,142.259,135.518,129.823,126.517,126.502,129.769,135.318,142.224,148.739,154.284,158.349,160.794,161.69,160.82,
329.618,379.201,429.076,476.769,520.307,555.421,580.756,595.023,600.075,600.233,599.912,599.114,593.417,578.481,552.604,516.709,473.043,424.852,374.895,325.498,
115.019,114.307,112.641,110.1,106.749,102.758,98.316,93.911,90.203,88.083,88.092,90.203,93.863,98.33,102.819,106.829,110.164,112.747,114.354,115.23,
241.177,259.04,273.612,284.103,289.889,291.717,289.297,284.109,278.353,274.413,274.205,278.163,283.979,288.961,291.28,289.327,283.124,272.439,257.777,239.483,
293.826,354.825,423.472,498.29,577.928,657.511,731.615,794.773,838.53,860.624,860.133,836.793,792.602,728.828,654.269,574.028,494.624,419.658,351.287,290.345,
293.934,395.826,513.291,640.077,768.723,890.671,996.69,1080.134,1136.235,1165.017,1164.806,1138.112,1082.795,1000.413,896.636,776.204,648.991,521.15,402.661,300.515,
233.019,235.551,234.371,230.468,224.292,216.063,206.496,196.9,188.975,184.217,184.273,188.882,196.88,206.509,215.985,224.17,230.598,234.517,235.529,233.249,
302.406,367.521,438.66,512.921,586.265,653.348,709.592,751.54,776.98,787.37,786.758,775.481,750.591,709.165,653.204,586.258,513.774,440.119,368.642,303.104,
261.609,271.965,277.646,279.267,276.776,270.828,261.83,251.859,243.023,237.761,237.552,242.921,251.758,261.644,270.168,275.964,277.975,276.09,269.941,259.464,
57.052,52.86,49.049,45.661,42.743,40.237,38.018,36.04,34.469,33.584,33.565,34.44,35.999,37.975,40.225,42.711,45.638,49.045,52.909,57.109,
452.996,531.324,607.32,678.494,740.769,789.031,819.682,832.985,833.822,830.407,829.922,832.556,831.191,817.139,785.544,737.175,675.564,604.076,528.36,450.767,
335.532,398.683,466.55,535.536,599.484,651.835,686.215,701.882,704.188,701.887,701.584,703.574,701.293,684.817,650.447,598.384,534.382,465.729,398.413,335.374,
360.19,436.678,518.118,601.114,679.298,745.939,793.694,821.144,831.184,833.064,833.033,831.217,821.687,794.691,746.288,680.145,601.334,517.634,436.014,359.155,
245.782,268.497,289.052,306.392,319.379,327.192,329.55,327.087,322.704,319.165,319.092,322.473,326.726,329.16,326.959,319.195,306.244,288.995,268.637,246.133,
249.611,276.382,301.683,324.31,342.335,354.531,360.193,360.423,357.413,354.453,354.372,357.143,359.973,359.837,353.797,341.455,323.483,300.962,275.59,248.638,
298.61,333.437,366.2,395.054,418.641,435.989,445.953,449.114,448.106,446.076,446.212,448.518,450.006,447.17,437.684,420.652,397.256,368.406,336.198,301.308,
171.699,187.3,202.561,216.416,227.942,236.305,240.704,241.673,240.711,239.482,239.541,240.629,241.768,240.742,236.279,228.246,216.706,202.848,187.491,171.912,
159.012,159.337,157.781,154.422,149.598,143.515,136.506,129.622,123.89,120.606,120.6,123.942,129.722,136.689,143.704,149.998,155.042,158.564,160.421,160.176,
331.081,370.451,406.801,438.683,464.888,483.889,495.081,498.879,497.821,495.4,495.223,497.261,497.65,493.375,481.641,462.389,436.116,404.215,368.201,329.152,
162.731,166.881,169.413,170.261,169.45,166.854,162.661,157.638,152.978,150.25,150.306,153.068,157.538,162.711,166.866,169.537,170.451,169.711,167.246,163.206,
363.693,420.297,474.522,522.206,559.508,583.407,593.536,592.417,585.249,579.167,578.955,584.825,591.543,592.417,581.742,557.242,519.994,472.201,418.34,361.781,
220.556,224.378,224.021,219.116,210.754,200.187,189.131,179.016,171.406,167.229,167.387,171.403,179.126,188.958,200.103,210.588,218.932,223.579,223.961,219.938,
359.935,440.306,528.304,619.495,707.423,783.612,841.247,875.805,891.674,896.24,895.981,891.154,875.764,839.979,782.785,706.238,618.632,527.768,439.965,358.968,
313.66,367.392,424.428,482.986,538.839,587.669,623.777,644.736,652.237,653.564,652.824,650.724,641.784,620.143,583.464,534.399,478.152,419.654,362.906,309.756,
305.344,371.584,442.859,514.854,584.163,645.056,694.278,728.729,749.016,756.096,756.518,747.818,728.616,693.703,644.179,582.861,514.175,442.203,371.78,305.012,
384.455,519.272,672.495,834.361,998.932,1161.73,1316.351,1450.646,1547.921,1596.5,1596.913,1548.508,1451.183,1315.788,1160.138,997.222,833.639,672.423,521.044,385.921,
427.636,510.032,600.992,698.514,798.469,893.201,974.627,1035.247,1070.688,1085.348,1085.046,1069.568,1033.099,971.644,889.735,794.381,694.367,597.522,507.77,426.083,
277.331,290.268,298.931,302.982,302.555,297.585,289.158,279.044,269.888,264.294,264.401,270.02,279.41,289.578,298.113,303.333,304.107,300.074,291.516,278.725,
473.594,532.8,583.4,621.952,647.588,659.424,658.706,648.449,635.094,626.056,626.329,635.272,648.558,658.792,660.017,647.905,622.848,584.28,533.916,474.678,
220.221,246.389,272.179,296.418,317.414,333.309,343.306,347.124,346.861,345.366,345.177,346.487,346.253,342.013,331.9,315.899,295.134,270.908,245.013,219.15,
335.156,390.978,445.985,496.621,539.211,570.894,589.693,596.781,596.136,593.577,593.702,596.618,597.517,590.692,571.958,540.18,497.512,446.689,391.565,335.429,
312.597,349.859,383.003,410.014,430.042,441.841,445.217,442.662,436.977,432.908,432.814,437.515,443.445,446.465,443.345,431.851,412.371,385.31,352.435,315.182,
242.584,263.702,283.062,300.233,313.53,322.765,327.075,327.026,324.783,322.215,322.172,324.703,327.335,327.252,322.874,313.694,300.256,283.359,264.031,243.007,
307.723,346.91,384.302,418.366,447.032,469.32,483.034,489.353,490.067,489.015,489.496,491.112,490.939,485.387,472.03,450.376,421.317,387.224,349.54,310.112,
412.493,513.601,614.225,705.614,780.133,835.945,874.777,896.14,901.273,898.701,897.153,897.164,890.18,867.611,828.244,772.045,697.904,608.241,509.032,409.002,
514.014,671.588,864.873,1095.103,1359.759,1645.343,1930.018,2181.395,2363.682,2451.859,2452.202,2364.246,2181.316,1929.235,1643.262,1355.241,1089.935,859.134,665.87,508.583,
411.601,537.381,684.442,849.094,1024.083,1196.497,1349.77,1470.35,1548.974,1584.548,1584.713,1548.626,1470.519,1349.405,1194.986,1022.277,846.673,681.597,534.554,409.095,
259.535,276.463,289.051,296.893,299.712,297.639,291.306,282.734,274.341,269.125,269.087,274.361,282.577,291.1,297.302,299.265,296.476,288.529,275.825,258.896,
288.327,303.622,309.815,307.494,298.412,285.619,271.467,257.85,246.941,240.872,240.889,247.275,258.412,272.31,286.549,299.457,308.676,311.417,305.636,290.521,
99.806,99.041,97.552,95.412,92.574,89.176,85.341,81.511,78.279,76.386,76.423,78.301,81.531,85.384,89.196,92.641,95.502,97.64,99.15,99.971,
406.839,508.307,627.964,767.193,923.193,1089.109,1250.375,1388.989,1485.121,1530.054,1530.922,1486.505,1390.929,1254.47,1093.926,928.671,773.181,634.2,513.519,412.011,
369.127,394.027,412.279,423.3,426.691,422.887,412.998,399.275,385.643,377.312,377.48,386.409,400.419,414.274,424.463,428.358,425.098,414.29,396.08,370.805,
313.303,372.098,434.34,497.487,557.194,610.132,652.031,680.125,694.726,699.553,699.521,694.087,679.316,651.516,609.136,556.407,496.186,433.304,370.86,311.88,
327.999,362.727,395.455,425.192,450.168,468.482,478.991,482.041,479.802,476.911,477.107,480.069,482.474,479.592,469.079,450.856,426.142,396.231,363.49,328.943,
167.836,166.826,163.631,158.683,152.262,144.758,136.775,129.074,122.755,119.252,119.247,122.822,129.072,136.813,144.837,152.363,158.735,163.695,166.936,167.913,
316.433,374.308,433.715,491.35,544.152,587.233,618.953,637.239,645.048,646.857,646.566,644.39,636.088,617.156,585.446,541.933,489.422,431.883,372.778,315.182,
402.157,490.246,588.332,693.357,799.28,899.648,984.724,1048.875,1087.452,1102.984,1102.734,1087.211,1047.938,984.376,898.414,798.74,692.678,587.989,490.493,402.926,
436.087,552.281,696.705,871.261,1073.348,1294.494,1517.177,1717.086,1865.589,1940.44,1938.934,1862.316,1711.437,1511.322,1288.591,1067.812,866.337,692.971,549.386,434.238,
72.07,72.201,72.36,72.452,72.516,72.669,73.163,73.979,75.119,76.23,76.882,76.655,75.836,74.82,73.981,73.444,73.077,72.808,72.538,72.305,
292.704,382.011,487.686,608.425,738.808,871.295,996.343,1101.425,1175.714,1214.194,1214.16,1176.395,1102.027,998.069,874.15,741.681,611.663,490.791,384.71,295.402,
299.967,409.604,549.655,719.076,910.161,1108.53,1292.44,1441.733,1540.841,1587.79,1587.118,1540.38,1440.855,1292.117,1107.932,910.487,719.124,549.784,409.793,299.855,
527.234,792.355,1102.476,1413.541,1683.35,1883.861,2004.931,2051.867,2051.921,2037.667,2035.185,2044.945,2041.706,1992.341,1870.479,1669.239,1402.136,1094.078,787.36,525.217,
441.904,501.39,554.201,597.695,629.143,646.578,649.328,640.579,626.313,616.361,617.733,630.128,646.473,656.72,655.054,638.523,607.608,564.194,511.063,451.108,
206.773,209.563,209.776,207.656,203.313,197.158,189.391,181.367,174.574,170.647,170.691,174.676,181.457,189.51,197.202,203.519,207.825,209.948,209.654,206.695,
260.102,296.986,334.547,370.967,403.759,430.58,449.208,458.314,460.746,460.069,460.101,461.046,459.067,449.97,431.476,404.855,371.996,335.54,298.168,261.178,
252.892,292.556,333.373,373.485,411.149,443.777,468.502,484.363,491.915,494.188,494.14,491.798,483.929,467.875,443.126,410.641,372.966,332.722,292.232,252.825,
493.939,587.511,686.893,787.353,882.555,964.605,1026.894,1066.286,1084.486,1089.361,1089.576,1084.402,1066.38,1027.123,964.638,882.428,787.259,686.687,587.752,494.1,
440.66,546.634,662.143,782.086,899.485,1006.04,1092.953,1154.411,1189.495,1203.686,1203.886,1189.582,1154.301,1092.606,1005.454,898.683,781.147,661.284,545.739,439.979,
299.073,339.298,378.989,416.206,448.658,473.732,489.935,496.945,497.602,495.919,495.956,497.347,496.205,488.824,472.294,446.715,413.804,376.734,337.159,296.826,
254.946,351.488,476.626,632.33,819.005,1030.629,1251.264,1456.523,1612.232,1687.65,1684.039,1600.154,1442.839,1240.991,1022.751,812.021,625.642,470.822,346.147,250.4,
379.145,426.524,472.963,516.077,553.979,584.133,604.601,615.089,618.008,617.917,618.144,618.791,616.319,606.258,586.117,556.306,518.476,475.452,429.407,381.864,
476.221,567.205,662.016,757.2,847.983,927.69,989.55,1028.634,1046.533,1051.08,1051.538,1046.837,1029.291,990.176,928.842,848.899,757.905,662.674,567.85,476.48,
26.974,23.719,21.203,19.205,17.544,16.143,14.921,13.93,13.192,12.787,12.782,13.178,13.91,14.905,16.095,17.488,19.132,21.124,23.634,26.897,
289.053,325.491,359.806,390.381,415.723,433.895,444.194,447.615,446.139,443.901,443.804,446.158,447.631,444.479,434.054,415.683,390.689,360.121,325.831,289.519,
124.717,120.522,116.207,111.694,106.901,102.149,97.382,92.924,89.353,87.385,87.335,89.331,92.936,97.395,102.189,107.03,111.8,116.319,120.752,124.955,
658.673,857.972,1066.408,1266.262,1437.85,1567.261,1648.17,1684.573,1690.459,1686.42,1686.883,1692.22,1687.62,1652.093,1572.635,1443.731,1272.534,1073.323,864.762,664.38,
353.201,404.975,453.765,496.69,532.089,558.621,574.332,581.017,580.55,578.582,578.237,580.293,580.454,573.705,557.679,531.243,495.437,452.121,403.822,352.166,
617.048,782.769,936.178,1061.11,1149.553,1201.996,1224.051,1224.389,1212.903,1202.474,1201.398,1209.896,1220.075,1218.037,1194.211,1141.101,1051.54,925.32,771.318,606.914,
318.546,400.688,497.191,607.557,727.419,850.75,968.978,1070.263,1142.457,1178.848,1178.221,1142.18,1070.224,969.773,851.891,728.686,609.561,499.907,403.49,321.447,
384.7,460.157,539.429,617.374,688.988,747.796,789.308,812.862,821.798,822.25,821.091,817.304,805.936,780.381,737.31,677.916,606.607,529.144,450.928,376.451,
539.788,694.735,856.922,1014.747,1161.168,1289.07,1392.008,1461.108,1497.427,1510.227,1511.249,1499.987,1464.217,1393.34,1289.546,1160.727,1014.356,856.36,694.869,539.127,
46.862,43.178,40.201,37.699,35.435,33.358,31.418,29.676,28.305,27.587,27.567,28.317,29.644,31.346,33.294,35.39,37.651,40.193,43.255,46.978,
234.85,240.333,242.181,240.527,235.444,227.577,217.836,207.718,199.274,194.392,194.353,199.215,207.75,217.705,227.5,235.29,240.268,241.999,240.046,234.451,
255.289,294.16,332.197,366.943,396.478,418.213,431.012,435.637,435.152,433.082,433.35,435.429,436.456,431.776,418.959,396.927,367.402,332.203,293.979,254.744,
299.581,364.606,437.697,516.137,596.489,671.443,734.56,779.895,805.288,814.242,813.247,803.057,776.688,731.152,668.191,593.59,513.774,435.944,363.485,299.017,
282.931,309.149,331.177,348.794,361.221,367.893,369.089,365.99,361.058,357.779,357.564,360.936,365.747,368.196,366.819,359.908,347.543,329.974,307.504,281.39,
381.111,458.388,538.784,618.422,691.78,754.345,801.173,831.445,845.375,849.601,848.652,842.844,827.507,795.961,747.64,684.428,610.823,531.055,451.145,373.928,
242.194,261.79,278.186,290.175,297.113,298.97,296.122,290.206,283.513,278.909,278.695,282.477,288.155,293.408,295.46,292.877,285.394,272.97,256.72,237.46,
225.797,247.263,267.621,286.141,301.801,313.517,320.684,323.071,322.168,320.845,321.01,322.544,323.526,321.231,313.991,301.962,285.988,267.06,246.284,224.762,
265.503,298.636,330.595,360.469,386.628,406.655,419.76,426.074,427.365,426.55,427.19,428.709,428.805,423.773,411.764,392.135,366.51,336.55,304.098,270.817,
463.585,668.472,921.419,1211.394,1517.387,1808.068,2051.769,2227.59,2332.34,2376.291,2373.83,2325.4,2215.807,2036.758,1791.461,1501.512,1197.105,908.891,658.622,455.667,
429.956,523.686,613.538,694.825,759.866,806.736,833.135,844.142,844.147,841.682,840.161,841.593,840.192,827.878,798.686,750.814,684.861,604.054,513.963,421.093,
278.509,321.038,364.712,406.419,443.734,473.314,492.477,501.545,503.382,502.473,502.558,503.599,501.632,492.386,472.778,443.305,405.989,364.054,320.279,277.813,
69.117,67.034,65.19,63.289,61.165,58.734,56.071,53.417,51.223,49.969,49.992,51.227,53.444,56.081,58.735,61.165,63.32,65.172,67.037,69.161,
16.653,15.309,14.371,13.694,13.133,12.615,12.084,11.584,11.167,10.926,10.931,11.168,11.576,12.07,12.561,13.05,13.582,14.267,15.195,16.537,
374.869,477.645,593.593,718.847,847.708,971.529,1081.542,1169.083,1226.225,1251.736,1251.712,1225.147,1167.021,1079.562,969.56,845.691,717.267,592.649,477.47,374.648,
387.581,485.238,588.482,691.825,789.136,872.531,934.562,972.73,990.087,995.036,995.024,990.082,972.821,934.913,872.55,789.517,692.232,588.66,485.246,387.518,
279.32,305.205,328.27,347.178,360.813,368.277,369.864,366.327,360.767,356.679,356.602,360.601,365.992,369.305,367.811,360.361,346.869,328.172,305.427,279.621,
319.572,362.471,404.444,442.729,474.125,496.199,507.684,509.957,506.487,502.957,503.128,506.889,510.518,508.397,496.812,474.671,443.223,404.923,362.929,319.868,
407.365,496.153,589.839,685.647,778.656,865.643,939.586,996.325,1032.544,1048.511,1048.812,1032.913,997.285,940.602,866.729,780.132,686.411,590.704,497.202,408.258,
402.535,481.153,565.571,652.886,739.362,818.213,882.818,927.524,952.079,960.943,960.787,951.83,927.175,882.44,818.082,739.536,653.448,566.216,482.077,402.865,
388.974,463.78,543.594,625.022,702.887,770.936,823.799,857.971,875.323,881.157,881.397,875.297,858.192,824.327,771.798,703.635,626.107,544.886,465.181,390.55,
392.053,540.482,715.907,926.14,1178.793,1470.271,1776.6,2056.024,2265.709,2373.024,2371.663,2262.517,2052.527,1773.484,1468.718,1179.482,929.776,721.649,546.12,397.698,
351.902,395.188,436.692,473.921,504.645,526.471,538.016,540.339,536.79,532.952,533.234,537.504,541.307,539.445,527.978,506.392,475.696,438.324,396.813,353.324,
143.831,142.839,140.83,138.057,134.578,130.512,126.037,121.452,117.543,115.255,115.227,117.648,121.542,126.148,130.729,134.735,138.24,141.121,143.18,144.23,
356.682,407.515,455.569,498.265,533.549,558.685,572.952,577.394,575.626,572.928,573.169,576.333,578.541,574.505,560.616,535.546,500.621,457.518,409.178,357.97,
402.48,462.534,521.553,575.96,622.281,656.418,676.403,682.647,680.034,675.759,675.881,679.908,682.461,676.0,656.034,621.938,575.895,521.56,462.609,402.521,
439.669,578.371,750.67,959.05,1203.048,1474.826,1752.396,2002.388,2187.409,2275.247,2274.953,2185.943,2000.285,1748.894,1471.179,1199.858,955.948,747.58,575.848,437.489,
232.412,254.149,273.614,290.145,302.455,309.893,312.42,310.851,307.197,304.263,304.29,307.061,310.747,312.339,309.873,302.298,290.084,273.719,254.233,232.646,
529.085,606.461,670.734,716.831,743.485,752.005,745.11,728.604,709.868,697.35,697.214,709.083,727.352,743.097,749.059,739.863,712.256,665.648,601.453,524.122,
278.682,331.938,389.848,449.879,508.751,562.753,606.886,637.883,655.303,662.012,662.022,655.024,637.354,606.404,562.536,508.869,449.667,389.846,332.139,278.728,
243.006,274.524,305.857,335.398,361.142,381.172,394.324,400.523,401.928,401.45,401.46,402.294,401.198,395.057,381.965,361.91,336.12,306.461,274.926,243.275,
421.79,532.731,655.43,784.397,911.328,1027.521,1124.277,1194.029,1236.055,1253.455,1253.663,1236.484,1195.147,1125.539,1029.644,913.778,786.99,657.884,534.906,423.981,
333.882,411.662,497.136,585.918,671.691,746.228,802.379,835.975,850.647,854.66,854.986,851.436,837.19,804.08,748.294,674.018,588.445,499.789,414.259,336.431,
289.824,330.51,369.976,406.938,439.258,464.903,482.321,491.721,494.582,494.555,494.605,494.605,491.745,482.485,465.087,439.345,407.148,370.185,330.558,289.901,
66.011,63.526,60.911,58.188,55.47,52.684,49.998,47.491,45.479,44.355,44.347,45.483,47.469,49.994,52.692,55.464,58.214,60.923,63.544,66.005,
292.733,314.485,333.161,348.276,358.771,364.223,364.38,360.425,354.807,350.768,350.887,355.129,360.903,365.009,365.051,359.732,349.275,334.288,315.698,293.978,
366.257,449.101,540.167,638.494,740.734,841.579,934.508,1010.158,1060.704,1085.349,1085.005,1060.934,1009.463,933.677,840.704,739.473,636.956,538.737,447.619,364.495,
295.153,327.125,357.306,383.751,404.387,417.535,422.724,421.22,416.48,412.258,411.783,415.022,418.998,419.942,414.575,401.729,381.55,355.684,326.117,294.845,
118.582,123.037,123.84,118.86,108.611,95.952,84.369,75.929,71.02,68.963,68.974,71.12,76.134,84.837,96.77,109.771,120.374,125.59,124.839,120.243,
355.576,425.822,502.242,582.136,661.714,735.808,798.835,845.427,873.136,884.138,883.823,872.522,844.874,798.144,735.164,661.0,581.506,501.807,425.553,355.564,
260.729,279.766,294.977,305.547,311.086,311.609,308.043,301.545,294.721,290.292,290.28,294.677,301.55,307.951,311.508,310.945,305.34,294.821,279.719,260.747,
272.553,307.115,341.755,374.72,403.256,425.362,439.096,444.616,444.467,442.431,442.946,445.228,445.966,441.029,427.572,405.658,377.152,344.322,309.493,274.761,
327.764,408.757,501.97,606.108,717.901,831.778,939.528,1030.219,1093.765,1125.117,1125.029,1093.755,1030.399,940.057,832.599,718.574,606.691,502.527,408.985,328.007,
278.549,379.651,502.82,644.114,795.978,944.892,1075.04,1172.121,1230.69,1255.49,1255.526,1230.252,1171.991,1074.787,944.986,796.646,645.605,504.337,381.687,280.215,
235.796,269.702,304.098,337.583,367.678,391.932,408.781,417.841,420.873,421.027,421.238,421.045,418.04,409.069,392.16,367.868,337.84,304.503,269.968,236.09,
421.703,639.277,908.337,1210.337,1523.321,1825.803,2099.39,2323.049,2478.778,2554.117,2554.384,2480.308,2327.013,2105.381,1835.329,1534.347,1222.193,918.963,648.218,428.043,
235.654,255.387,273.194,287.864,297.947,302.631,301.226,295.696,288.522,283.681,283.762,288.579,295.885,301.47,302.816,298.417,288.397,273.892,256.191,236.453,
387.322,453.764,519.177,579.409,630.213,667.618,689.71,697.357,696.048,692.407,692.417,695.74,696.661,688.346,665.954,627.924,576.864,516.479,451.022,384.559,
467.177,538.232,608.226,674.265,733.072,780.857,814.506,833.786,841.239,842.483,842.38,841.258,833.498,814.312,780.492,732.772,674.041,608.22,538.414,467.399,
320.055,404.716,501.702,607.312,715.907,819.9,910.525,979.496,1022.124,1039.791,1040.051,1023.039,980.919,912.361,821.474,717.525,608.552,502.539,405.193,320.142,
246.853,280.518,313.677,344.506,370.297,389.176,399.538,402.51,400.7,398.4,398.527,401.109,403.267,400.552,390.302,371.716,345.803,315.111,281.694,248.036,
403.231,464.25,522.646,575.871,620.668,655.031,677.084,687.252,689.032,687.596,687.523,688.924,687.217,676.878,654.695,620.397,575.282,522.24,464.076,402.746,
266.777,289.069,308.306,323.084,332.464,335.655,333.021,326.425,318.962,313.954,314.036,318.915,326.519,333.066,335.621,332.506,323.204,308.359,289.178,266.939,
372.534,432.249,493.456,552.81,605.863,647.772,675.242,687.663,689.143,686.775,686.439,687.819,685.585,672.578,645.009,603.063,550.038,491.037,430.095,370.86,
444.689,546.694,652.372,756.694,856.28,945.554,1018.837,1070.437,1098.666,1108.322,1107.985,1097.425,1067.676,1014.622,940.235,850.254,750.498,645.834,541.069,439.582,
478.05,582.214,693.158,807.321,918.46,1019.303,1102.667,1161.567,1194.251,1205.615,1205.384,1194.292,1162.021,1102.458,1019.375,918.85,808.297,694.679,584.198,479.944,
95.006,93.621,91.832,89.571,86.769,83.412,79.688,75.935,72.828,71.019,71.003,72.802,75.893,79.61,83.309,86.616,89.374,91.573,93.334,94.685,
160.783,171.2,180.742,188.356,192.037,190.809,184.578,175.1,165.553,159.304,158.695,163.83,172.299,180.977,186.747,188.13,184.868,178.092,169.177,159.374,
330.361,371.479,409.418,442.084,468.074,485.146,492.945,492.1,486.785,482.097,482.249,486.789,492.061,492.679,484.879,467.489,441.244,408.269,370.178,329.127,
302.679,402.233,526.629,674.763,840.813,1011.61,1169.468,1296.368,1381.378,1421.847,1421.314,1380.329,1294.52,1167.396,1009.477,839.456,673.682,525.69,401.404,301.964,
513.659,603.389,696.281,788.628,876.382,953.281,1014.27,1055.544,1077.3,1085.279,1086.086,1078.802,1057.91,1017.437,956.968,879.965,792.466,699.843,606.706,516.758,
257.005,271.047,281.114,287.034,288.433,285.449,278.778,270.315,261.962,256.815,256.879,262.018,270.253,278.983,285.687,288.654,287.44,281.604,271.434,257.369,
449.528,595.666,771.428,981.171,1229.28,1517.117,1835.655,2155.121,2420.168,2562.498,2560.039,2413.732,2150.448,1831.913,1512.782,1224.593,976.413,766.054,589.917,444.555,
200.041,204.999,206.748,205.617,201.856,195.945,188.563,180.857,174.264,170.381,170.326,174.044,180.503,188.102,195.173,200.911,204.419,205.416,203.51,198.494,
390.551,446.781,501.559,552.439,596.942,631.587,655.006,666.771,669.78,669.324,669.203,670.145,667.266,655.706,632.624,597.88,553.67,502.761,448.153,391.89,
383.714,459.944,539.576,617.415,687.212,742.713,779.348,797.181,801.216,800.077,800.147,801.737,797.714,780.141,743.246,687.395,617.135,538.737,458.712,382.057,
282.289,314.659,346.168,374.838,398.375,414.722,423.094,424.249,421.1,417.559,417.089,419.788,422.236,420.675,412.188,395.826,372.444,344.077,312.96,280.96,
572.39,697.666,830.791,964.772,1090.894,1198.775,1279.648,1329.445,1351.669,1356.502,1356.029,1350.328,1327.858,1278.207,1196.953,1089.176,963.499,829.503,696.742,571.547,
522.587,671.221,825.623,977.029,1117.566,1235.921,1323.927,1376.441,1398.754,1403.937,1404.259,1399.54,1377.834,1325.864,1238.878,1121.024,982.079,830.369,676.288,527.316,
476.156,625.48,791.65,963.133,1126.001,1266.264,1375.345,1450.585,1494.334,1513.055,1513.525,1495.5,1452.237,1377.893,1269.492,1129.556,966.731,794.885,628.35,478.023,
458.195,533.123,597.632,646.528,678.164,692.161,692.257,682.938,670.715,662.278,662.374,670.453,682.446,691.826,691.908,677.83,646.535,597.685,533.605,458.908,
448.331,607.694,796.166,1011.976,1253.265,1518.023,1795.141,2058.458,2265.985,2378.089,2377.817,2264.051,2054.099,1788.617,1509.264,1244.06,1002.779,787.385,599.821,441.479,
268.107,286.944,302.117,313.104,319.695,321.661,319.398,314.01,307.931,303.78,303.747,307.634,313.505,318.576,320.519,318.242,311.49,300.352,285.109,266.117,
269.169,304.242,338.723,370.57,398.049,418.847,432.181,438.053,438.726,437.738,437.739,438.849,438.281,432.298,418.97,398.034,370.414,338.363,303.866,268.737,
374.076,463.312,562.696,668.867,774.187,870.24,948.047,1002.523,1032.461,1043.497,1043.426,1032.418,1002.095,947.447,869.331,773.445,668.086,562.184,462.481,373.269,
125.237,124.283,122.186,119.275,115.652,111.424,106.869,102.324,98.514,96.326,96.297,98.525,102.406,106.984,111.536,115.773,119.409,122.386,124.447,125.458,
338.214,406.357,479.015,553.465,626.407,692.632,747.753,788.069,812.082,822.528,822.237,811.733,787.342,746.93,691.841,625.558,552.805,478.4,405.878,337.681,
383.346,502.812,643.211,802.736,974.418,1148.061,1307.711,1438.023,1527.013,1569.54,1570.805,1531.632,1445.216,1316.494,1157.284,984.039,811.765,651.598,510.093,389.565,
441.717,532.57,628.384,724.427,814.752,892.287,951.335,988.156,1006.05,1011.511,1011.7,1006.34,988.786,951.831,893.396,816.193,726.306,630.609,535.147,444.492,
471.684,540.14,606.006,666.405,718.306,757.405,780.969,789.589,787.995,784.347,784.547,788.573,790.083,781.719,758.087,718.909,666.936,606.1,539.898,471.121,
349.944,407.546,466.39,524.641,578.843,624.959,658.91,678.657,686.97,688.026,687.876,686.339,678.481,658.051,623.698,577.518,522.955,464.958,406.045,348.59,
180.737,177.87,172.886,166.429,159.012,150.954,142.732,135.025,128.89,125.438,125.454,128.955,135.224,143.046,151.383,159.578,167.181,173.855,179.009,182.047,
150.169,158.936,166.29,171.773,174.994,175.629,173.96,170.629,166.981,164.551,164.495,166.721,170.215,173.406,174.918,174.168,170.86,165.219,157.813,149.114,
426.954,507.314,592.685,680.934,767.885,848.901,917.732,968.926,1000.265,1013.667,1013.217,999.866,968.41,916.831,847.793,766.862,679.745,591.625,506.296,426.034,
428.928,538.281,659.408,787.095,912.705,1025.208,1114.999,1175.165,1207.337,1219.794,1220.619,1209.414,1177.913,1118.611,1029.163,916.114,789.978,661.8,539.907,429.99,
551.812,694.273,847.904,1006.186,1159.977,1296.64,1401.119,1465.493,1493.237,1499.421,1499.306,1491.822,1463.648,1398.451,1292.794,1155.688,1001.246,842.471,688.216,545.942,
87.474,83.436,79.645,75.948,72.212,68.407,64.59,61.074,58.26,56.705,56.701,58.264,61.076,64.595,68.397,72.2,75.939,79.598,83.373,87.375,
285.275,329.541,376.782,425.227,472.385,514.95,548.929,572.004,584.431,588.88,589.242,585.04,573.234,550.408,516.607,474.395,427.076,378.471,331.178,286.835,
311.661,343.72,372.299,396.211,414.269,425.327,429.549,427.788,423.058,418.995,419.099,422.746,427.323,429.15,424.717,413.336,395.283,371.343,342.681,310.758,
199.182,211.105,221.915,231.023,237.884,241.712,242.508,240.668,237.532,235.302,235.304,237.546,240.592,242.401,241.567,237.669,230.802,221.64,210.794,198.909,
302.219,334.567,364.582,391.184,412.991,428.056,435.53,435.79,431.877,428.065,427.823,431.284,435.237,434.926,427.727,412.725,391.261,364.74,334.744,302.521,
401.562,444.389,483.892,517.25,542.127,556.671,560.724,556.468,548.636,542.786,542.702,548.379,556.018,560.245,556.252,541.811,517.255,484.015,444.718,402.07,
193.776,199.423,202.199,202.317,199.911,195.238,188.955,182.093,175.973,172.384,172.402,176.025,182.176,189.067,195.353,199.956,202.338,202.197,199.347,193.624,
49.897,46.199,42.903,40.005,37.479,35.2,33.122,31.287,29.857,29.05,29.052,29.868,31.31,33.153,35.228,37.502,40.034,42.916,46.194,49.878,
159.245,157.926,154.903,150.54,145.222,139.043,132.474,126.162,120.976,118.006,118.02,120.921,126.082,132.392,138.886,145.063,150.486,154.898,157.975,159.431,
126.941,126.114,124.221,121.27,117.563,113.128,108.363,103.743,99.834,97.644,97.591,99.83,103.704,108.407,113.161,117.585,121.392,124.33,126.246,127.113,
431.149,517.506,604.086,687.613,763.642,827.592,875.328,904.998,918.801,922.722,922.888,918.529,904.525,874.965,826.984,762.896,686.7,603.072,516.362,429.996,
321.467,426.227,557.252,715.778,899.156,1099.917,1301.774,1483.054,1619.082,1689.664,1688.804,1617.259,1480.692,1299.762,1098.133,898.471,715.614,558.038,427.313,322.547,
88.658,83.138,78.263,73.988,70.181,66.619,63.296,60.275,57.873,56.529,56.532,57.881,60.285,63.298,66.628,70.159,73.953,78.186,83.028,88.462,
291.039,319.406,344.652,365.762,382.023,391.811,394.803,391.949,386.129,381.486,381.611,386.449,392.354,395.528,392.696,382.993,367.247,346.343,321.13,292.817,
41.845,40.164,38.562,37.163,36.214,36.027,36.859,38.843,41.543,43.623,43.679,41.622,38.975,37.051,36.387,36.691,37.708,39.101,40.661,42.342,
546.254,697.409,835.667,940.028,1000.57,1021.006,1012.48,986.18,955.264,933.396,933.195,954.876,986.33,1012.818,1022.131,1002.477,942.089,837.367,698.59,547.004,
389.292,497.814,620.889,753.976,890.083,1019.286,1130.4,1214.162,1266.262,1288.688,1288.27,1264.67,1211.798,1127.73,1016.406,887.748,752.135,619.691,497.082,389.08,
343.956,408.926,476.284,542.159,602.365,652.087,688.067,709.02,717.663,718.776,719.026,717.374,708.903,687.696,651.652,601.695,541.703,475.539,408.481,343.504,
455.335,580.883,723.649,880.518,1045.426,1209.235,1357.124,1476.801,1555.867,1590.571,1590.173,1554.827,1475.231,1354.573,1204.596,1040.005,874.085,717.253,574.634,449.329,
284.189,312.289,337.539,358.559,374.637,384.497,388.413,387.131,383.211,379.91,379.958,383.414,387.457,388.859,385.146,375.48,359.545,338.49,313.358,285.272,
365.544,423.983,483.647,541.626,593.712,635.902,664.939,680.336,684.936,684.786,684.283,683.535,678.019,661.948,632.384,589.792,537.876,479.982,420.453,362.309,
267.72,283.619,295.496,302.863,305.259,302.801,296.123,287.004,278.265,272.89,272.805,278.164,286.924,295.916,302.612,305.044,302.545,295.052,283.075,267.057,
211.252,227.796,242.1,253.445,260.781,263.475,261.481,256.28,250.257,246.267,246.246,250.233,256.256,261.387,263.261,260.56,253.188,241.806,227.337,210.831,
345.804,407.25,471.882,536.308,595.785,645.497,680.826,700.808,708.785,710.06,709.605,707.555,699.207,678.697,642.958,593.572,534.379,470.347,406.01,345.331,
350.597,398.496,444.232,485.957,521.447,548.173,564.396,570.791,570.297,568.0,567.884,569.924,570.166,563.883,547.262,520.514,485.187,443.172,397.425,349.761,
288.121,324.032,359.129,392.015,420.59,443.18,458.05,465.311,466.521,466.094,466.277,467.371,466.248,459.671,445.131,422.761,394.08,361.236,325.951,290.154,
440.981,548.104,667.333,796.725,930.936,1061.677,1178.807,1272.495,1334.294,1363.182,1363.407,1334.726,1273.068,1179.486,1062.88,931.504,797.963,668.406,548.863,441.557,
303.461,347.658,391.184,431.609,465.797,490.808,505.382,510.28,509.043,506.848,507.03,509.688,511.218,506.52,492.142,467.242,433.158,392.575,349.176,305.107,
484.514,567.537,652.005,735.405,812.889,879.678,930.818,962.72,977.912,982.116,982.021,977.682,962.5,930.379,879.241,812.127,734.399,651.345,566.254,483.062,
325.717,371.302,416.89,459.704,496.758,524.703,541.822,548.668,548.067,545.624,545.437,546.999,547.085,540.04,522.843,494.985,458.346,415.859,370.726,325.466,
365.584,417.042,465.351,508.047,542.384,566.22,578.47,580.874,577.318,573.331,573.429,577.177,580.305,577.801,565.221,541.141,506.731,464.117,415.724,364.726,
258.162,288.766,317.557,343.403,364.835,380.029,388.716,391.113,389.884,387.906,387.868,390.203,392.027,389.527,380.999,365.76,344.418,318.536,289.613,258.926,
335.275,429.192,540.385,666.874,802.405,939.11,1063.505,1165.027,1232.557,1263.926,1263.473,1231.173,1162.63,1061.52,936.127,799.626,664.282,538.122,427.695,333.691,
409.827,505.366,606.401,711.183,816.09,916.328,1002.88,1066.17,1102.083,1114.958,1114.919,1100.822,1065.448,1002.344,915.758,815.063,709.883,604.922,503.262,407.664,
595.983,745.498,900.047,1050.436,1186.599,1301.815,1390.306,1447.372,1475.163,1484.472,1483.798,1472.115,1442.007,1383.74,1294.499,1178.752,1043.024,893.089,739.334,590.345,
126.407,128.565,129.391,128.788,126.772,123.601,119.371,114.851,110.867,108.536,108.549,110.879,114.853,119.399,123.649,126.898,128.913,129.574,128.824,126.742,
274.458,368.846,494.089,653.68,846.025,1062.267,1283.471,1483.406,1633.364,1709.955,1708.816,1631.144,1480.385,1279.614,1058.439,842.84,651.08,492.449,367.498,273.575,
331.819,430.072,555.583,718.459,929.549,1196.053,1512.634,1847.172,2137.718,2305.105,2304.191,2134.611,1843.781,1509.084,1193.413,927.351,716.356,553.372,428.011,329.728,
228.074,255.848,282.734,307.354,328.058,343.275,352.182,355.27,354.532,353.129,353.286,354.847,355.79,352.999,344.344,329.519,309.091,284.734,257.924,230.06,
405.914,502.685,612.514,731.554,853.23,967.64,1063.477,1133.623,1175.214,1192.324,1192.459,1175.647,1134.335,1064.39,968.257,854.018,732.292,612.961,502.831,406.065,
90.127,88.421,86.954,85.52,83.958,82.183,80.2,78.247,76.589,75.632,75.648,76.549,78.13,80.04,81.976,83.668,85.172,86.549,87.995,89.656,
364.687,477.463,618.997,789.623,985.457,1196.114,1403.66,1583.716,1713.176,1776.537,1776.343,1712.301,1582.651,1402.269,1194.37,983.27,786.826,615.931,474.276,361.602,
223.85,237.114,248.09,256.097,260.927,262.255,260.308,255.883,250.923,247.613,247.687,250.965,256.031,260.373,262.444,261.096,256.284,248.264,237.33,224.048,
359.587,422.254,487.764,552.872,613.081,663.811,701.15,723.581,733.282,736.139,736.26,733.798,724.158,701.872,664.756,614.069,553.948,488.82,423.236,360.645,
447.086,577.084,707.292,830.246,939.879,1032.241,1103.613,1149.0,1170.487,1176.238,1175.915,1168.557,1146.464,1100.243,1028.812,936.293,826.375,704.845,575.063,446.004,
492.159,634.515,797.835,976.682,1160.416,1333.297,1478.151,1580.32,1636.63,1657.421,1657.38,1636.044,1579.547,1477.268,1332.551,1159.354,975.73,796.872,633.326,491.004,
343.286,390.477,433.32,469.254,496.581,513.542,519.805,516.953,509.462,503.254,503.376,509.973,517.885,520.649,514.615,497.647,470.352,433.916,390.964,343.62,
414.089,490.011,568.305,644.936,714.695,773.068,816.151,842.297,854.269,857.856,857.835,854.396,842.227,815.809,772.608,713.974,643.666,566.779,488.189,411.752,
317.096,375.083,433.215,488.22,535.975,572.818,596.632,607.981,609.971,608.638,608.65,609.836,607.594,596.285,572.347,535.267,487.509,432.387,374.127,315.902,
117.559,116.715,115.577,114.074,112.016,109.341,106.068,102.485,99.361,97.493,97.502,99.439,102.574,106.165,109.474,112.204,114.259,115.751,116.861,117.696,
56.723,56.338,55.912,55.314,54.433,53.293,51.956,50.573,49.417,48.723,48.612,49.163,50.302,51.653,53.038,54.227,55.129,55.772,56.195,56.617,
422.201,502.354,587.112,673.487,756.091,829.014,885.575,922.293,939.41,943.726,943.203,937.543,919.302,881.868,824.816,751.812,669.129,582.693,498.21,418.362,
394.811,420.114,435.976,442.212,439.755,429.856,414.772,397.621,382.265,373.223,373.425,382.604,397.938,415.414,430.45,440.501,443.078,436.784,420.944,395.67,
246.057,343.046,470.287,630.217,819.285,1028.586,1240.4,1430.191,1572.465,1644.97,1644.432,1570.359,1427.55,1236.566,1024.578,815.517,626.713,467.267,340.36,243.744,
406.201,512.881,636.635,777.824,933.114,1095.514,1252.361,1388.535,1487.042,1536.152,1536.31,1487.145,1388.858,1252.769,1095.783,933.29,777.52,636.468,512.048,405.037,
449.852,542.951,639.032,733.709,821.548,895.809,952.424,987.295,1004.195,1009.01,1009.494,1006.008,990.791,956.562,901.288,827.152,739.91,644.842,548.308,454.563,
263.078,292.415,319.562,343.1,361.574,374.073,379.735,379.446,375.82,372.494,372.403,375.731,379.498,379.85,374.244,361.834,343.342,319.943,292.775,263.684,
357.661,399.34,437.473,469.795,494.315,509.542,515.241,513.127,506.918,502.104,502.324,507.537,514.137,516.687,511.571,496.344,472.077,439.885,401.834,359.959,
398.566,470.907,544.858,616.146,680.384,732.97,770.567,791.655,799.289,800.017,800.157,800.134,792.821,771.882,734.653,681.908,617.455,545.818,471.981,399.379,
249.527,270.932,290.481,307.299,320.166,328.287,331.238,329.806,326.101,323.165,323.16,326.049,329.542,330.951,327.919,319.77,306.917,290.016,270.292,248.829,
246.375,276.624,305.518,330.956,351.411,365.295,371.949,372.649,369.709,366.63,366.398,368.762,371.136,370.15,362.964,349.02,328.636,303.437,274.893,244.917,
268.572,366.292,496.78,663.079,865.575,1094.815,1333.736,1554.312,1723.879,1812.85,1813.737,1725.958,1557.191,1336.756,1097.695,867.212,664.601,497.822,367.222,269.114,
258.022,268.778,276.194,280.056,280.335,277.15,270.736,262.806,255.371,250.771,250.764,255.468,263.013,271.156,277.58,281.148,281.05,277.471,270.289,259.756,
220.644,229.779,236.084,239.621,240.051,237.382,232.047,224.999,218.407,214.243,214.244,218.385,225.055,232.055,237.476,240.192,239.726,236.249,229.916,220.917,
338.335,383.883,427.001,466.432,500.63,528.626,548.781,560.442,564.677,565.346,565.23,564.434,559.902,548.161,527.818,499.661,465.404,425.758,382.67,336.79,
260.094,285.882,309.964,331.367,348.752,360.443,366.146,366.279,363.173,360.177,360.014,362.692,365.364,365.045,359.074,347.259,329.934,308.663,284.689,259.132,
437.347,515.277,590.525,660.246,719.557,765.508,795.322,810.107,813.281,812.382,812.11,812.711,808.712,793.505,763.235,717.164,657.675,588.35,513.144,435.487,
458.838,607.995,775.415,950.296,1118.778,1265.413,1380.169,1461.711,1513.632,1539.937,1541.492,1517.597,1467.552,1387.233,1273.035,1126.851,958.4,782.928,614.501,463.838,
364.014,414.823,459.375,495.175,521.085,536.508,542.107,539.913,534.084,529.332,529.552,534.809,541.132,543.637,538.365,522.895,496.766,460.433,415.586,364.388,
432.032,581.134,749.866,930.098,1110.006,1277.146,1421.575,1534.73,1611.618,1650.336,1650.607,1613.035,1537.155,1423.823,1279.742,1112.097,932.269,751.457,581.993,432.664,
352.303,394.982,436.51,474.404,506.323,529.77,543.306,547.694,546.026,543.273,543.07,545.46,546.812,542.269,528.691,505.413,473.752,436.073,394.822,352.389,
420.118,473.68,522.969,565.566,599.956,624.682,639.162,644.111,642.028,638.365,638.213,640.788,642.016,636.778,621.938,596.845,562.065,519.53,470.256,416.613,
400.56,424.876,441.611,450.59,452.108,446.604,435.667,421.756,408.734,400.697,400.692,408.44,421.222,434.903,445.584,450.801,449.035,439.774,422.821,398.229,
277.589,312.226,345.571,375.967,400.936,418.931,428.863,431.403,429.521,426.971,426.888,429.281,431.27,428.644,418.654,400.708,375.696,345.483,312.148,277.686,
304.141,380.196,466.466,559.696,655.065,744.987,821.065,876.127,905.818,917.426,917.423,906.464,876.32,821.306,745.331,655.292,559.861,466.141,380.072,304.429,
326.759,369.086,411.231,451.124,485.951,513.154,530.867,539.158,540.679,539.687,539.843,541.104,539.908,531.828,514.286,487.171,452.292,412.395,370.266,327.987,
255.995,284.721,312.525,337.734,359.212,375.421,385.404,389.118,388.619,386.973,386.968,388.356,388.777,384.909,374.819,358.692,337.203,311.817,284.246,255.536,
339.407,388.139,437.176,483.812,524.485,555.725,575.344,583.294,583.461,581.326,581.239,583.32,583.081,574.696,555.009,523.586,482.802,436.149,387.092,338.511,
481.468,652.361,851.946,1075.981,1316.026,1560.523,1792.169,1986.037,2119.75,2182.913,2184.118,2124.745,1994.377,1803.435,1574.507,1330.518,1090.634,865.857,665.187,491.998,
249.523,279.225,307.991,334.164,355.721,371.182,379.649,381.565,379.474,377.275,377.244,379.706,381.812,380.091,371.893,356.599,335.118,309.105,280.541,251.013,
563.768,672.286,780.101,881.806,972.71,1050.621,1114.227,1163.584,1196.646,1211.958,1212.118,1196.846,1164.455,1115.936,1053.047,975.55,884.639,783.007,674.883,565.979,
275.819,322.55,369.213,413.041,451.599,482.226,503.361,514.669,517.953,518.115,518.216,518.1,514.512,503.306,482.197,451.725,413.101,369.123,322.733,275.988,
408.693,471.842,532.658,587.433,631.591,661.806,676.812,678.523,673.197,667.719,667.633,673.033,678.645,676.704,661.768,631.349,586.981,532.106,471.043,407.815,
455.219,573.32,690.939,803.013,906.129,996.382,1067.251,1113.619,1136.651,1143.404,1143.17,1135.172,1111.617,1064.431,993.195,902.914,799.957,688.285,570.988,453.205,
400.041,547.765,715.403,892.56,1066.558,1223.71,1353.127,1449.868,1513.098,1543.74,1545.524,1516.85,1455.625,1360.067,1231.521,1074.773,900.154,721.601,552.805,403.639,
443.174,516.526,591.377,664.475,730.726,784.814,822.086,840.988,845.745,844.557,844.469,845.499,840.48,821.724,784.792,730.91,664.61,591.795,517.132,443.731,
398.603,444.406,486.013,521.526,548.973,566.601,574.078,572.661,566.298,561.033,561.006,566.057,571.754,572.767,565.061,547.219,519.859,484.392,443.01,397.273,
100.785,98.746,96.825,94.767,92.33,89.369,85.94,82.413,79.395,77.652,77.669,79.452,82.489,86.054,89.505,92.484,94.927,96.981,98.915,100.949,
155.828,163.142,168.839,172.363,173.496,172.17,168.75,163.96,159.438,156.549,156.613,159.439,164.049,168.802,172.237,173.569,172.38,168.793,163.124,155.807,
484.507,607.946,744.323,890.509,1044.377,1200.072,1350.588,1481.191,1574.547,1621.817,1622.583,1575.917,1482.622,1353.129,1203.167,1047.229,893.592,746.76,609.481,484.696,
232.307,261.313,289.709,316.329,339.451,357.628,369.684,375.736,377.441,377.106,377.164,377.487,375.925,369.787,357.707,339.769,316.754,290.299,262.054,233.161,
320.468,372.667,428.509,485.661,540.777,589.528,627.634,652.159,663.764,667.262,667.345,663.752,652.262,627.598,589.713,541.028,485.941,428.875,373.055,320.854,
495.391,610.191,713.786,796.222,853.366,885.261,895.426,890.417,878.136,868.266,867.949,876.67,887.98,892.114,881.412,848.523,791.084,708.323,605.817,491.564,
322.433,345.447,361.923,371.582,374.449,370.863,362.298,350.593,339.595,332.662,332.59,339.09,349.8,360.976,369.247,372.319,369.112,359.189,342.559,319.431,
249.783,266.611,280.433,290.246,295.689,296.502,293.014,286.764,279.987,275.628,275.649,280.083,286.805,293.181,296.624,295.839,290.585,280.65,266.963,250.022,
375.613,410.803,437.071,453.525,459.848,457.3,447.403,433.872,420.544,412.509,412.434,420.601,433.874,447.554,457.186,459.892,453.614,437.024,410.477,375.279,
449.474,526.139,595.758,654.47,698.99,727.58,741.522,743.458,738.894,734.267,734.241,738.841,743.469,741.35,727.816,699.269,654.873,596.437,527.091,450.549,
169.554,168.161,165.2,160.89,155.226,148.294,140.6,132.997,126.745,123.21,123.247,126.802,133.101,140.729,148.516,155.498,161.125,165.448,168.401,169.804,
351.601,413.379,481.323,554.079,629.585,702.237,766.002,814.381,844.345,857.088,856.895,843.57,812.937,764.163,699.967,627.356,552.024,479.375,411.738,350.445,
188.517,192.653,194.644,194.487,192.101,187.682,181.686,175.134,169.465,166.095,166.029,169.47,175.218,181.759,187.723,192.087,194.432,194.549,192.521,188.47,
312.274,344.201,373.093,397.411,415.201,425.205,427.082,422.567,415.471,410.186,410.287,415.37,422.504,427.016,425.171,415.137,397.353,373.025,344.053,312.245,
415.545,550.675,714.109,904.305,1113.371,1327.425,1527.395,1690.692,1797.666,1842.435,1841.937,1797.501,1689.941,1526.962,1326.362,1112.072,902.81,712.877,549.831,415.087,
378.16,435.208,490.432,540.688,582.492,612.865,630.89,636.892,634.516,630.639,630.492,634.179,636.279,630.152,612.2,581.597,540.015,490.266,435.378,378.751,
148.716,151.669,153.178,153.245,151.728,148.627,144.115,139.009,134.342,131.521,131.574,134.36,139.05,144.298,148.754,151.92,153.486,153.462,151.968,148.978,
314.802,372.174,430.811,487.638,538.405,579.348,606.847,621.291,624.915,624.687,624.69,625.217,621.407,607.4,579.757,538.903,488.009,431.184,372.559,315.054,
358.196,419.93,483.007,544.48,600.06,645.876,679.083,698.351,706.349,708.407,708.358,706.647,698.662,679.377,646.303,600.332,544.614,483.14,419.884,357.918,
199.352,210.569,219.056,224.551,227.017,226.443,223.048,217.912,212.594,209.216,209.15,212.35,217.494,222.465,225.651,226.173,223.598,217.931,209.431,198.253,
297.074,327.093,353.9,375.973,392.694,402.952,406.51,404.529,399.927,396.161,396.27,400.068,404.86,407.099,403.427,393.477,376.904,354.634,327.921,297.852,
316.446,417.498,538.33,675.871,822.054,965.797,1093.086,1192.766,1256.538,1285.607,1285.699,1256.9,1192.993,1093.563,966.584,823.496,677.531,540.656,420.005,319.077,
337.231,408.884,489.433,575.833,661.926,740.099,802.471,844.442,867.177,875.601,876.184,868.127,846.003,803.863,740.728,662.201,575.99,489.6,408.906,337.184,
117.291,115.57,113.252,110.319,106.724,102.558,97.992,93.507,89.763,87.629,87.612,89.776,93.528,98.113,102.777,107.147,110.957,114.105,116.578,118.383,
353.939,435.095,527.755,634.137,755.73,889.476,1023.772,1143.037,1230.351,1273.514,1272.062,1225.33,1136.175,1015.905,881.725,749.476,628.76,523.295,431.826,351.834,
314.558,341.237,363.124,379.492,389.813,393.632,391.64,385.224,377.659,372.537,372.627,378.018,385.892,392.452,394.68,390.879,380.682,364.29,342.439,315.625,
449.487,504.118,553.041,593.728,623.971,642.253,648.589,645.31,637.626,631.512,631.645,637.91,645.95,649.469,643.499,625.473,595.327,554.847,505.806,451.075,
437.331,547.014,674.957,823.151,994.504,1186.668,1388.087,1578.951,1727.65,1805.665,1804.966,1725.613,1576.386,1387.226,1185.608,994.72,824.579,677.328,550.113,440.558,
443.336,541.45,642.655,742.768,835.176,913.451,971.496,1005.633,1019.459,1022.557,1022.47,1019.779,1006.175,972.015,914.293,835.957,743.184,643.15,541.693,443.371,
336.83,405.486,481.577,562.638,644.456,721.458,788.032,838.277,869.68,883.389,883.936,871.856,841.641,791.769,725.071,647.458,565.212,484.015,407.653,338.289,
377.302,475.587,589.356,716.245,849.16,976.855,1086.432,1168.752,1219.227,1240.806,1240.864,1218.887,1168.392,1085.559,974.694,845.859,711.844,583.903,469.604,371.345,
314.385,337.914,357.171,371.168,379.245,381.079,377.096,369.303,360.677,354.973,354.972,360.562,369.092,376.96,380.768,378.904,370.689,356.541,337.214,313.596,
351.162,454.194,577.553,718.947,871.582,1024.184,1163.591,1275.061,1349.15,1383.216,1383.42,1349.885,1275.836,1164.219,1025.04,872.127,719.341,578.052,454.791,351.535,
365.433,420.926,475.593,527.284,573.742,612.397,640.343,656.511,662.98,663.893,663.781,662.697,656.075,639.379,611.211,572.413,525.741,473.799,418.876,363.149,
258.939,265.611,267.824,266.022,260.417,251.85,241.297,230.295,220.948,215.459,215.38,220.752,229.984,240.885,251.299,259.676,265.081,266.844,264.544,257.69,
180.952,194.433,206.834,217.471,225.542,230.159,231.296,229.398,226.079,223.639,223.729,226.148,229.419,231.241,230.232,225.499,217.558,207.009,194.614,181.129,
620.24,738.894,851.979,953.402,1037.604,1099.993,1137.506,1152.553,1152.274,1148.077,1147.514,1150.958,1150.269,1134.689,1095.809,1033.18,948.615,847.064,734.106,615.707,
296.541,345.068,395.778,446.722,495.096,537.042,570.187,591.573,602.466,606.267,605.978,601.952,590.752,568.927,535.867,493.451,444.944,394.016,343.33,294.797,
227.208,229.606,228.674,224.602,217.893,209.089,199.159,189.511,181.592,177.116,177.1,181.591,189.504,199.177,209.112,217.939,224.735,228.841,229.95,227.616,
489.442,594.265,708.047,826.572,942.821,1047.344,1131.011,1187.352,1216.476,1226.848,1226.883,1217.411,1188.654,1133.109,1050.179,946.084,830.132,711.812,598.255,493.488,
293.095,315.225,332.546,344.332,350.41,350.646,345.782,337.525,328.801,323.242,323.206,328.673,337.18,345.35,350.193,349.988,343.872,332.059,314.632,292.303,
188.571,196.093,201.746,205.251,206.551,205.296,201.863,196.967,192.058,188.959,189.013,191.995,196.873,201.795,205.224,206.397,205.121,201.605,195.955,188.429,
401.473,486.035,582.782,690.739,806.393,922.5,1028.362,1112.408,1166.933,1192.141,1191.823,1166.953,1112.693,1028.74,923.157,807.18,691.338,583.321,486.501,401.61,
136.314,142.345,146.936,149.86,151.017,150.284,147.839,144.354,140.911,138.735,138.684,140.885,144.337,147.838,150.251,151.015,149.88,146.909,142.301,136.24,
418.173,498.931,579.842,656.16,721.993,772.418,804.556,819.03,821.115,819.044,818.993,820.738,818.59,803.816,771.745,721.235,655.416,579.23,498.267,417.687,
444.958,536.914,631.09,723.229,808.556,882.213,940.792,979.769,1000.761,1008.827,1008.974,1001.332,980.383,941.3,883.076,809.135,723.811,631.626,537.38,445.225,
228.835,235.291,238.54,238.814,236.103,230.662,223.144,214.66,207.081,202.607,202.552,206.985,214.46,222.711,230.101,235.219,237.767,237.219,233.636,227.002,
362.749,445.885,534.643,625.3,712.485,791.547,855.133,899.51,923.306,931.634,931.027,922.85,898.621,853.835,789.883,710.794,623.068,532.403,443.701,360.524,
367.225,520.826,712.194,936.315,1177.509,1414.826,1649.911,1878.188,2065.561,2169.741,2168.139,2062.406,1873.729,1643.327,1406.973,1169.571,929.067,705.804,515.773,363.108,
131.367,133.08,133.779,133.47,131.781,128.843,124.826,120.346,116.322,113.879,113.891,116.329,120.346,124.81,128.874,131.851,133.553,133.935,133.295,131.638,
346.037,391.344,433.472,469.582,496.933,514.114,520.467,517.929,511.0,505.669,505.705,511.109,517.739,520.189,513.685,496.575,469.103,432.928,390.93,345.634,
376.733,484.029,610.428,751.83,898.465,1038.727,1158.114,1245.896,1296.96,1316.435,1316.234,1293.863,1240.84,1151.415,1031.131,890.982,744.162,603.906,478.217,371.417,
271.131,300.465,328.773,354.396,375.617,390.698,398.781,400.4,398.04,395.402,395.272,397.674,399.877,398.122,389.834,374.66,353.333,327.684,299.32,269.957,
314.273,349.829,382.985,412.245,436.126,453.001,462.21,464.45,462.291,459.859,460.041,462.88,465.343,463.635,454.895,438.233,414.764,385.772,352.953,317.332,
365.488,449.469,547.118,656.605,774.03,891.717,999.064,1085.296,1142.373,1169.175,1169.382,1142.474,1085.115,998.793,890.96,773.208,655.481,545.709,447.987,363.831,
273.724,284.503,291.704,295.149,294.725,290.478,283.375,274.652,266.645,261.755,261.643,266.528,274.453,283.09,290.331,294.547,295.157,291.922,285.098,274.385,
300.567,345.883,389.771,430.069,464.077,489.282,504.161,509.379,508.484,505.985,505.837,508.15,508.913,503.501,488.485,463.068,429.024,388.648,344.626,299.421,
462.712,538.224,613.858,685.812,749.149,799.754,833.979,851.861,857.072,856.687,856.741,857.332,852.367,834.847,800.599,750.188,686.615,614.909,539.02,463.466,
361.881,441.978,529.736,626.615,733.257,848.801,966.122,1073.995,1156.1,1198.675,1197.993,1153.729,1070.775,962.587,845.233,730.807,624.369,527.869,440.744,360.722,
330.47,376.0,422.317,467.114,507.802,541.308,564.548,576.518,579.574,578.579,578.508,579.237,576.121,563.969,540.748,507.21,466.633,421.778,375.873,330.546,
91.719,91.171,90.624,89.756,88.27,86.083,83.247,80.082,77.312,75.663,75.661,77.33,80.105,83.256,86.128,88.337,89.808,90.696,91.263,91.735,
586.215,684.11,772.425,846.577,902.256,936.529,948.646,942.739,927.513,915.843,915.837,927.399,942.206,948.382,936.259,901.87,846.023,771.935,683.506,585.591,
447.163,559.253,679.296,803.24,925.157,1039.689,1139.303,1216.687,1267.197,1290.816,1291.382,1268.083,1217.861,1140.475,1041.599,927.455,805.256,681.673,561.664,449.416,
403.601,512.76,640.569,784.739,940.433,1099.591,1249.071,1374.633,1462.36,1503.82,1503.684,1461.505,1373.821,1248.189,1098.564,939.379,783.63,639.949,512.445,403.318,
347.529,400.51,454.168,505.176,549.973,584.307,605.377,613.389,612.604,609.546,609.785,613.175,614.636,607.128,586.431,552.564,508.23,457.198,403.564,350.359,
78.342,74.785,71.651,68.797,65.996,63.134,60.21,57.388,55.133,53.763,53.753,55.105,57.426,60.218,63.124,65.941,68.7,71.551,74.651,78.138,
121.999,118.475,114.708,110.476,106.136,101.539,96.814,92.476,88.825,86.729,86.799,88.831,92.52,97.027,101.682,106.358,110.789,114.989,118.888,122.46,
138.415,139.065,138.922,137.868,136.052,133.246,129.632,125.577,121.957,119.696,119.694,121.824,125.581,129.572,133.292,136.141,138.008,139.035,139.13,138.367,
346.95,416.709,487.923,556.919,619.765,671.018,707.816,728.37,736.881,738.757,739.359,738.24,730.66,710.358,674.52,623.438,561.165,491.768,420.287,350.121,
104.43,103.173,101.242,98.538,95.126,91.175,86.996,82.888,79.39,77.498,77.474,79.375,82.751,86.807,91.067,94.9,98.368,101.148,103.123,104.372,
316.363,359.318,400.589,438.26,469.673,493.647,508.604,514.779,514.929,513.127,512.824,514.558,514.241,508.051,492.995,469.089,437.549,400.002,358.895,316.148,
445.699,530.655,603.826,657.875,690.848,705.751,705.161,694.432,679.763,670.016,670.595,681.438,697.314,709.085,710.655,697.201,664.85,610.739,537.52,451.645,
297.51,349.864,405.068,460.922,514.358,561.39,597.879,621.389,633.543,637.627,637.843,634.325,622.907,599.485,563.316,516.072,462.807,406.509,351.147,298.593,
