303.171,359.941,416.223,469.125,515.178,552.116,577.681,592.107,597.898,598.843,598.883,597.162,590.803,575.875,549.869,512.872,466.608,413.739,357.907,301.748,
194.636,265.483,363.208,491.892,653.057,839.781,1033.943,1210.564,1343.52,1413.611,1413.065,1343.773,1211.789,1036.769,843.575,658.102,497.798,369.164,271.755,200.536,
219.734,251.629,284.8,317.508,347.413,371.76,388.647,397.644,400.195,399.942,399.825,399.228,395.747,386.366,369.186,344.62,314.729,282.022,249.136,217.406,
31.295,29.384,27.682,26.118,24.644,23.221,21.863,20.621,19.644,19.097,19.102,19.637,20.607,21.861,23.225,24.628,26.098,27.678,29.392,31.272,
174.542,192.842,209.535,223.142,232.724,237.67,238.523,236.392,233.148,231.063,231.241,233.954,237.644,240.27,239.961,235.389,226.167,212.675,195.977,177.609,
271.971,307.631,341.177,371.663,397.001,415.431,425.659,428.066,425.912,423.112,423.488,426.531,429.165,427.183,417.341,399.457,374.322,344.241,310.617,274.85,
286.072,318.713,349.584,377.505,400.923,418.075,428.086,431.306,430.061,427.724,427.297,428.795,429.062,424.93,414.037,396.096,372.15,343.86,312.814,280.376,
165.04,177.951,189.509,199.269,206.699,211.222,212.578,211.531,209.111,207.234,207.237,209.222,211.664,212.98,211.683,207.307,200.094,190.256,178.799,165.969,
249.177,311.603,380.223,451.737,521.23,582.734,629.376,657.985,671.217,675.341,675.013,671.201,657.814,628.779,582.307,521.153,451.299,379.798,311.109,248.734,
184.034,192.488,198.598,202.247,202.936,201.209,196.778,191.007,185.39,181.935,181.905,185.176,190.743,196.317,200.524,202.498,201.553,198.0,191.747,183.234,
246.864,277.052,302.943,322.886,335.797,341.471,340.95,335.53,329.007,324.359,324.281,328.883,335.678,340.945,341.551,336.083,323.051,303.235,277.415,247.168,
239.027,272.405,304.569,334.067,359.162,377.69,389.258,393.656,393.485,391.934,391.717,393.068,392.931,388.466,377.147,358.395,333.449,304.068,272.029,239.162,
204.397,250.303,300.472,352.314,402.451,446.843,481.843,504.415,516.398,520.567,521.32,517.905,507.517,485.329,450.812,406.577,356.506,304.372,253.688,207.233,
318.489,383.715,450.177,516.758,578.529,631.945,672.854,698.948,711.33,714.939,714.961,712.369,701.065,675.284,635.117,582.043,520.036,453.883,386.58,321.012,
307.394,380.734,454.77,522.908,577.692,614.681,633.96,641.515,642.61,641.867,641.843,642.912,642.225,634.334,614.647,577.904,523.809,456.464,382.917,309.814,
227.37,350.007,517.069,727.508,968.586,1218.369,1452.661,1655.159,1809.697,1898.095,1895.294,1803.446,1647.447,1444.289,1209.891,961.016,721.63,512.936,347.38,225.24,
288.849,422.391,575.014,726.838,857.211,958.565,1028.667,1071.956,1093.231,1099.575,1099.704,1092.976,1071.409,1029.555,959.778,859.062,727.749,575.79,421.914,288.238,
220.635,267.869,320.454,376.832,433.678,487.51,533.325,567.797,588.978,597.745,597.382,588.507,566.449,531.804,485.792,432.205,375.669,319.574,267.564,220.921,
102.552,104.738,105.702,105.41,103.878,101.368,97.983,94.171,90.783,88.831,88.826,90.802,94.21,97.942,101.4,103.931,105.424,105.68,104.745,102.592,
71.904,72.555,72.683,72.243,71.16,69.471,67.318,65.001,62.957,61.677,61.486,62.524,64.359,66.566,68.68,70.32,71.333,71.716,71.564,70.871,
319.399,380.021,441.885,503.136,560.687,610.331,649.91,676.928,691.868,697.575,697.234,691.647,677.239,649.901,610.188,560.525,503.065,442.158,380.469,319.818,
253.266,325.546,409.987,504.674,604.744,702.811,790.687,860.583,906.263,928.062,928.382,906.56,860.578,791.523,703.753,605.549,505.843,411.53,327.108,255.125,
24.226,21.826,19.909,18.361,17.065,15.928,14.918,14.029,13.357,12.991,13.008,13.388,14.081,14.968,16.003,17.153,18.464,20.022,21.929,24.344,
253.714,287.718,319.745,348.528,372.645,390.603,401.688,406.223,406.129,404.956,404.612,405.568,405.224,400.177,388.652,370.228,345.943,316.989,284.818,250.935,
187.883,220.508,255.039,289.832,322.618,350.995,372.452,386.353,393.289,395.459,395.452,392.665,385.151,370.758,348.462,319.644,286.533,251.513,217.001,184.421,
325.052,373.807,420.325,462.697,497.955,522.859,538.029,543.164,542.081,539.463,539.499,542.091,543.182,537.534,522.385,496.821,461.423,418.934,372.146,323.66,
98.831,97.835,95.882,93.294,89.951,86.1,81.978,77.913,74.582,72.695,72.699,74.598,77.865,81.959,86.063,89.857,93.189,95.813,97.703,98.678,
330.854,409.357,493.322,579.734,663.966,741.575,806.43,851.661,878.221,888.312,888.939,880.02,854.48,809.209,744.724,667.727,582.674,496.097,412.078,332.555,
235.54,280.755,328.54,376.711,422.418,461.768,491.196,509.06,516.835,519.235,519.443,517.824,510.201,492.46,462.752,423.303,377.189,328.744,280.544,235.47,
170.645,186.183,199.979,211.621,220.425,226.031,228.104,227.169,224.876,222.77,222.561,224.41,226.619,227.408,225.288,219.525,210.786,198.935,185.291,169.878,
254.674,322.825,397.776,475.682,551.021,618.349,671.558,707.777,727.226,734.686,734.514,727.054,707.102,670.987,618.259,551.542,476.507,399.459,325.006,256.968,
241.746,303.793,372.308,443.256,511.247,569.889,613.44,639.727,651.336,654.394,653.554,649.687,637.082,609.921,566.033,507.292,439.587,368.962,300.821,239.081,
126.622,128.236,127.68,125.41,121.723,116.799,111.152,105.475,100.761,98.054,97.933,100.526,105.159,110.694,116.05,120.784,124.126,126.121,126.304,124.486,
54.463,52.574,50.963,49.47,47.935,46.263,44.395,42.563,41.051,40.141,40.13,41.035,42.564,44.402,46.253,47.906,49.456,50.925,52.478,54.288,
338.929,407.067,474.242,537.692,594.032,638.854,667.643,676.739,670.843,662.785,663.104,672.636,678.708,669.092,640.483,595.427,538.755,474.932,407.439,339.146,
409.971,478.1,543.339,602.403,652.46,690.603,714.378,724.085,723.904,720.637,719.442,720.867,718.788,706.804,681.173,641.409,590.411,530.779,465.83,398.124,
149.755,164.392,178.62,192.122,203.885,212.867,218.547,221.031,221.062,220.533,220.6,221.362,221.45,218.991,213.491,204.447,192.766,179.235,164.897,150.338,
385.196,493.103,612.814,742.649,881.867,1025.165,1163.384,1280.875,1364.723,1405.574,1404.713,1363.229,1278.946,1160.813,1022.626,879.135,740.746,611.159,492.08,383.961,
396.274,508.871,642.253,795.127,961.609,1131.439,1289.043,1417.397,1503.724,1544.496,1544.142,1502.578,1415.807,1287.27,1130.784,961.411,795.929,643.95,511.044,398.692,
186.407,259.045,352.687,467.736,599.694,740.576,878.589,996.54,1080.211,1122.403,1122.319,1080.785,995.651,877.162,739.871,598.941,467.315,352.44,258.74,186.087,
253.606,326.948,414.761,515.201,622.736,730.207,826.508,902.325,951.903,975.262,975.882,953.938,905.498,829.995,733.77,625.724,517.555,416.179,327.915,254.202,
278.741,290.283,295.067,293.259,286.1,274.536,260.336,245.942,234.003,227.443,227.385,234.069,245.947,260.333,274.327,285.865,293.001,294.394,289.728,278.15,
207.366,321.51,475.816,670.782,899.494,1150.563,1404.537,1643.922,1840.738,1953.902,1951.499,1833.359,1633.011,1392.015,1136.391,887.166,659.403,466.964,315.192,203.06,
198.873,227.921,258.185,288.459,316.2,339.29,355.73,364.978,368.64,369.456,369.964,370.069,367.169,358.282,342.108,319.142,291.382,261.055,230.531,201.168,
309.032,354.584,400.443,444.064,482.507,512.934,533.298,543.497,546.058,545.541,545.741,546.643,544.384,534.243,514.09,483.613,445.046,401.519,355.738,310.065,
306.309,347.315,385.726,419.68,447.306,466.803,477.672,481.02,479.186,476.426,476.195,478.63,480.169,476.798,465.86,446.454,418.785,384.842,346.734,305.833,
98.838,101.047,102.392,103.014,102.574,101.104,98.819,96.01,93.369,91.772,91.769,93.366,96.006,98.686,101.006,102.442,102.96,102.427,101.093,99.051,
312.315,372.133,435.595,500.487,562.689,617.541,660.779,689.4,704.922,710.856,711.249,705.955,691.111,662.508,619.569,564.638,502.263,437.13,373.213,313.344,
131.252,137.084,141.202,143.415,143.492,141.701,138.388,134.375,130.618,128.343,128.345,130.616,134.279,138.261,141.365,143.023,142.746,140.368,136.097,130.249,
202.802,256.744,321.438,395.76,476.52,558.69,634.688,696.422,738.241,758.734,759.475,739.586,697.774,636.14,559.979,477.617,396.485,321.932,257.12,202.953,
92.402,93.794,94.182,93.876,92.669,90.841,88.202,85.366,82.869,81.358,81.297,82.837,85.361,88.16,90.651,92.628,93.784,94.219,93.774,92.568,
231.853,271.089,310.277,347.823,380.898,407.445,425.887,436.031,439.256,439.505,439.495,439.603,436.391,426.382,408.218,381.77,348.82,311.539,272.195,232.898,
179.482,236.464,313.653,415.679,545.221,700.699,872.886,1042.55,1183.267,1264.388,1265.891,1186.595,1047.121,877.634,705.138,549.045,418.395,315.356,237.492,180.058,
337.937,412.656,495.331,584.983,678.024,769.426,852.866,919.887,965.048,985.6,986.236,966.765,923.284,856.699,774.78,683.529,590.955,501.629,418.458,343.167,
365.037,473.068,591.167,710.327,814.327,894.051,955.245,1000.719,1030.68,1044.703,1045.49,1033.127,1004.428,959.299,899.06,820.01,715.289,595.737,476.968,368.092,
83.03,81.275,79.124,76.707,74.032,71.167,67.985,64.988,62.549,61.065,61.04,62.504,65.02,67.979,71.086,73.923,76.606,78.938,81.012,82.773,
45.026,42.513,40.275,38.291,36.408,34.598,32.806,31.169,29.857,29.139,29.135,29.874,31.174,32.815,34.612,36.401,38.258,40.208,42.352,44.8,
69.22,69.46,69.502,69.219,68.427,67.053,65.131,62.979,61.06,59.918,59.929,61.077,63.013,65.206,67.141,68.608,69.404,69.772,69.737,69.49,
148.079,163.111,177.7,190.685,200.516,205.864,206.253,202.4,196.875,192.365,190.674,192.005,194.673,196.324,194.912,189.517,180.412,168.605,155.324,141.592,
303.065,343.219,381.552,416.723,446.189,468.382,480.594,483.702,481.421,478.119,478.193,481.898,484.922,481.859,469.777,448.02,418.603,383.958,345.877,305.925,
211.425,231.371,249.005,263.326,273.601,279.279,279.998,277.404,273.132,269.931,270.099,273.495,278.103,281.207,280.455,274.983,264.856,250.512,232.912,213.006,
286.571,342.304,403.227,466.697,529.587,587.667,636.433,672.539,693.545,701.717,702.03,692.943,672.02,635.543,585.908,526.802,463.452,399.392,338.784,282.295,
227.523,274.07,328.191,389.284,455.047,520.878,580.597,627.564,656.969,670.28,669.846,655.596,625.037,578.547,518.762,453.365,387.62,326.672,272.721,226.419,
219.583,290.893,382.065,494.651,628.528,777.149,928.557,1065.398,1167.706,1221.908,1223.034,1170.524,1068.955,932.023,780.294,630.283,495.881,382.534,291.416,220.065,
341.579,423.253,519.377,631.712,758.551,898.172,1040.79,1172.745,1274.657,1328.396,1329.782,1277.36,1177.0,1045.966,903.111,763.211,635.301,522.377,425.275,342.84,
419.682,479.72,526.681,556.605,569.005,566.884,553.992,535.961,519.004,508.74,509.02,519.894,537.283,556.15,569.77,572.788,560.629,531.035,484.015,423.804,
351.381,485.302,621.089,742.281,844.635,925.613,982.638,1015.942,1029.26,1032.205,1031.438,1027.474,1011.687,977.135,919.513,838.306,737.267,616.652,481.644,348.671,
181.84,199.488,213.873,224.568,230.114,230.823,227.479,221.369,215.092,211.034,211.106,214.985,221.182,227.235,230.593,229.967,224.139,213.651,199.047,181.461,
145.66,154.043,160.868,166.305,169.906,171.485,170.939,168.934,166.343,164.452,164.496,166.343,168.852,170.841,171.137,169.521,165.838,160.263,153.063,144.642,
203.064,274.732,370.389,493.438,643.714,815.538,994.008,1155.827,1278.026,1342.085,1342.902,1281.44,1161.507,1001.465,823.545,651.541,500.481,376.381,279.0,206.04,
181.545,218.67,260.813,309.38,363.404,421.455,479.175,530.391,567.805,586.945,586.797,567.537,529.74,478.953,421.372,363.371,309.221,260.991,218.89,181.662,
202.165,219.997,235.456,248.016,256.66,260.799,260.706,257.275,252.673,249.556,249.722,253.168,258.084,261.72,262.114,257.947,249.181,236.658,220.971,203.08,
136.716,142.37,146.86,149.871,151.344,150.995,149.006,145.75,142.498,140.281,140.297,142.27,145.394,148.378,150.284,150.415,148.9,145.766,141.188,135.427,
247.753,275.849,301.008,322.007,337.06,344.872,345.965,341.823,335.631,330.911,330.616,334.567,340.451,344.241,342.973,334.749,319.729,298.66,273.278,245.273,
218.47,263.393,313.139,365.006,416.968,464.127,503.775,532.318,549.88,557.2,557.078,549.907,533.358,504.7,465.529,418.007,366.399,314.206,264.507,219.147,
278.795,318.292,352.954,380.851,401.146,412.459,414.988,410.996,403.975,399.214,400.017,406.419,415.183,420.873,419.564,409.223,389.556,361.359,325.978,285.566,
220.166,252.672,284.198,313.587,338.667,358.614,372.938,381.31,385.303,387.07,387.572,387.155,383.758,376.38,362.842,343.182,317.961,288.499,256.392,223.43,
302.989,364.823,430.198,496.477,559.93,617.034,662.894,692.948,707.326,711.577,710.929,705.53,689.809,658.868,612.671,555.607,491.798,426.142,360.92,299.112,
337.895,415.489,496.304,577.049,654.342,722.047,774.976,810.389,828.488,834.399,834.522,829.663,812.525,777.531,724.848,656.769,579.996,498.354,417.567,339.458,
320.168,434.559,557.081,677.302,786.647,875.567,939.076,977.341,993.849,998.967,1001.534,1000.672,986.633,951.205,889.595,801.02,692.108,570.314,446.505,330.756,
63.408,61.989,60.229,58.103,55.632,52.961,50.243,47.699,45.658,44.502,44.483,45.579,47.582,50.081,52.725,55.33,57.771,59.91,61.689,63.11,
241.237,277.848,314.757,350.313,381.634,406.667,423.408,432.323,434.307,433.914,434.013,434.618,432.392,424.286,407.708,382.754,351.509,316.289,279.429,243.01,
291.037,360.972,437.953,518.808,599.264,674.471,737.66,785.014,813.752,826.433,826.398,813.351,784.305,737.04,673.133,598.42,517.73,436.394,359.484,289.174,
360.454,447.904,539.902,631.812,717.18,789.785,846.384,884.539,905.537,913.538,913.583,905.878,885.072,847.536,792.165,719.508,634.989,543.234,450.772,362.841,
213.97,246.499,276.486,301.725,320.221,330.18,331.963,327.942,321.558,317.068,317.042,321.343,327.695,331.639,329.56,319.31,300.718,275.361,245.275,212.865,
203.011,224.847,244.358,260.842,272.621,279.377,280.985,278.532,274.395,271.295,271.228,274.387,278.646,280.984,279.316,272.453,260.531,244.071,224.386,202.518,
240.16,278.904,318.456,356.856,391.205,419.134,438.072,448.246,451.709,451.834,452.148,452.361,449.42,439.47,420.63,392.921,358.282,319.75,279.957,240.991,
302.177,357.319,412.251,463.106,507.326,540.937,561.91,570.595,570.479,568.261,568.332,571.264,571.186,563.186,542.171,508.629,464.435,413.12,357.659,302.223,
275.85,357.833,450.522,552.166,655.632,753.443,837.167,899.15,938.195,955.907,957.383,942.548,907.102,846.462,764.499,667.619,564.433,463.431,370.376,287.856,
343.164,395.675,442.735,482.891,514.619,537.041,549.636,553.27,551.707,548.464,547.819,550.01,551.259,546.731,533.59,510.979,478.701,438.899,391.84,339.78,
203.517,236.259,270.615,305.364,340.1,372.461,401.05,423.443,438.34,445.687,445.427,437.8,422.677,400.196,372.073,339.644,305.61,270.865,236.955,204.508,
161.909,226.057,316.646,440.297,600.258,794.492,1007.629,1212.597,1376.041,1464.954,1463.082,1370.733,1205.597,1000.401,787.87,595.934,437.681,316.063,226.815,163.656,
229.216,260.493,291.251,320.038,344.648,363.158,374.611,379.164,379.029,377.592,378.201,379.868,380.294,376.252,365.066,346.668,322.264,293.515,262.785,231.487,
133.776,141.485,148.422,153.952,157.767,159.514,159.106,156.918,154.077,152.19,152.234,154.121,156.802,159.058,159.523,157.789,153.831,148.257,141.343,133.548,
245.279,279.3,313.197,345.039,372.515,393.192,404.766,408.519,406.705,404.446,404.384,406.938,408.666,404.87,392.945,372.322,344.902,313.237,279.574,245.572,
229.749,250.792,269.445,284.991,296.295,302.495,303.836,301.145,296.857,293.641,293.73,296.927,301.287,303.976,302.261,295.763,284.217,268.389,249.341,228.165,
230.067,268.689,308.092,347.183,383.204,413.816,436.908,451.111,458.295,460.121,460.779,459.057,453.024,439.231,416.775,386.18,350.134,311.075,271.395,232.717,
290.635,349.658,412.482,475.534,535.381,586.32,625.28,650.556,663.567,668.13,668.468,664.443,651.976,627.167,588.418,537.322,477.773,414.44,351.478,292.109,
212.826,235.863,257.499,276.471,291.453,301.221,305.03,303.596,299.723,296.646,297.069,300.769,305.301,307.119,303.726,294.187,279.433,260.532,239.086,216.046,
217.386,232.181,243.719,251.958,256.327,256.999,254.198,249.044,243.49,240.044,240.142,243.748,249.449,254.758,257.666,257.219,252.878,244.823,233.1,218.376,
306.359,401.868,509.809,632.774,776.044,941.54,1118.972,1287.414,1419.978,1490.802,1490.521,1419.75,1288.548,1120.632,942.82,777.644,634.173,510.619,402.427,306.243,
321.84,380.651,438.566,493.047,540.34,577.717,602.762,615.691,618.964,618.081,617.927,618.774,615.13,602.583,577.724,540.333,493.383,439.444,381.647,322.807,
112.547,112.961,112.222,110.456,107.506,103.401,98.654,93.809,89.799,87.57,87.552,89.88,93.834,98.608,103.434,107.417,110.363,112.179,112.781,112.292,
239.091,274.693,310.365,345.068,376.164,402.163,420.154,430.673,434.45,434.921,434.893,434.446,430.666,420.317,402.29,376.621,345.559,311.102,275.276,239.882,
77.89,77.266,76.03,74.216,71.897,69.035,65.985,62.936,60.418,58.953,59.0,60.423,62.92,65.942,69.06,71.885,74.238,76.038,77.275,77.9,
168.704,181.235,191.254,198.394,202.545,203.674,202.001,198.234,193.957,191.353,191.33,194.056,198.329,202.115,203.857,202.816,198.8,191.682,181.694,169.352,
201.254,241.828,287.554,337.961,391.96,447.37,499.679,544.136,576.341,592.778,592.694,575.387,543.126,498.079,445.263,389.719,335.514,285.047,239.296,198.449,
195.35,264.118,343.685,429.993,516.168,595.042,662.049,711.938,743.915,757.017,754.373,735.785,699.431,645.907,577.917,499.428,415.552,332.453,256.21,189.834,
167.164,168.786,167.897,165.006,160.28,154.292,147.316,140.321,134.401,131.091,131.039,134.354,140.197,147.168,154.101,160.126,164.774,167.517,168.381,166.685,
209.124,255.794,306.532,359.126,410.88,457.863,497.686,526.116,543.737,551.796,552.045,544.777,528.25,500.203,461.887,415.284,363.4,310.301,258.976,211.362,
191.737,197.982,200.978,200.968,198.205,193.107,186.137,178.47,171.872,167.867,167.909,171.807,178.257,185.793,192.604,197.499,200.074,199.763,196.323,189.828,
38.513,35.466,32.711,30.292,28.277,26.578,25.091,23.772,22.727,22.133,22.124,22.707,23.725,25.03,26.554,28.256,30.285,32.72,35.552,38.629,
332.488,387.158,439.247,487.135,528.861,560.121,579.853,587.774,587.481,585.118,585.623,588.513,589.952,582.713,563.691,532.733,491.659,443.573,391.005,335.923,
233.004,278.155,326.991,376.604,422.631,459.291,483.192,493.038,494.078,491.994,491.843,493.947,493.171,482.932,459.078,422.321,376.881,327.84,279.659,235.181,
242.633,295.263,352.107,410.259,464.919,511.546,545.173,564.621,571.865,572.979,573.001,571.459,563.516,543.87,509.408,462.709,407.152,349.153,292.418,239.906,
176.02,191.819,206.263,218.662,227.895,233.417,235.069,233.463,230.215,227.759,227.785,230.359,233.504,235.24,233.65,228.279,218.979,206.886,192.463,176.624,
179.391,198.572,216.696,232.739,245.596,254.2,258.219,258.319,256.286,254.184,254.183,256.084,258.238,258.087,253.947,245.277,232.361,216.376,198.209,179.048,
205.193,228.679,250.436,269.722,285.337,296.265,302.419,304.239,303.122,301.645,301.651,303.284,304.701,303.15,297.257,286.492,271.112,252.242,230.564,207.141,
116.233,126.929,137.499,147.241,155.387,161.426,164.884,166.095,165.925,165.443,165.292,165.687,165.809,164.38,160.829,154.823,146.621,136.865,126.416,115.77,
114.739,114.508,112.937,110.133,106.343,101.675,96.477,91.386,87.235,84.868,84.841,87.261,91.448,96.6,101.839,106.638,110.564,113.493,115.235,115.659,
220.623,245.015,266.879,286.021,301.469,312.3,317.977,319.709,318.293,316.631,316.298,317.693,318.921,317.17,311.197,300.37,285.134,266.062,244.365,220.323,
114.663,117.397,118.938,119.453,118.684,116.717,113.659,110.129,106.8,104.83,104.816,106.801,110.132,113.7,116.737,118.724,119.512,118.978,117.367,114.588,
252.824,292.886,331.34,365.681,392.481,409.919,417.407,416.442,411.337,406.918,406.764,411.012,416.06,416.893,409.302,391.798,364.942,330.919,292.833,252.914,
168.423,170.64,169.364,164.843,157.688,149.274,140.651,133.002,127.348,124.159,124.18,127.278,133.044,140.934,149.777,158.647,165.906,170.667,172.102,170.08,
245.319,299.784,359.383,421.288,481.35,532.995,571.571,595.077,605.525,608.734,609.063,606.369,596.842,573.455,534.358,482.329,421.911,359.5,299.751,245.241,
225.647,263.504,304.072,345.491,385.085,419.454,444.292,458.274,462.869,462.677,461.984,460.702,455.212,441.287,416.425,382.728,343.799,302.899,263.177,225.635,
208.346,255.061,305.254,356.151,404.951,448.511,483.639,508.792,523.273,528.885,528.445,522.42,508.152,483.028,448.003,404.685,356.022,304.969,255.199,208.879,
281.205,382.485,495.425,614.057,732.523,847.857,955.993,1048.273,1113.278,1145.311,1143.033,1107.709,1039.458,946.959,839.258,726.171,609.399,492.024,379.719,278.922,
314.368,372.346,435.838,504.459,575.179,642.534,700.141,742.634,767.126,777.321,776.517,764.69,738.934,695.765,637.46,570.173,499.712,430.992,367.613,310.098,
194.473,202.695,207.938,210.038,208.864,204.77,198.269,190.874,184.19,180.151,180.121,184.002,190.553,197.837,204.041,207.889,208.833,206.546,201.066,192.628,
338.259,379.136,412.987,437.926,453.472,459.449,456.725,447.968,437.386,430.592,430.791,438.1,449.122,458.397,461.515,455.98,440.631,416.084,382.343,341.142,
149.721,167.821,185.711,202.409,216.633,227.496,234.17,236.636,236.38,235.139,234.978,235.715,235.84,233.039,226.26,215.264,200.947,184.205,166.545,148.581,
236.067,276.291,315.627,351.934,382.402,404.746,417.91,422.813,422.461,420.794,421.132,423.66,424.815,420.524,407.884,385.985,355.896,319.69,280.06,239.672,
213.523,238.999,261.757,280.384,293.755,301.761,303.87,301.855,297.884,294.77,294.848,297.879,302.024,304.332,302.165,294.762,281.396,262.883,240.481,215.105,
172.357,187.295,200.918,212.701,222.073,228.594,231.667,231.476,229.669,227.936,227.847,229.392,231.033,230.651,227.515,220.872,211.219,199.246,185.538,170.525,
217.811,245.181,271.491,295.037,315.105,330.129,339.335,343.094,343.337,342.477,342.675,343.557,343.406,339.522,330.262,315.058,295.046,271.28,245.073,217.599,
294.75,369.139,442.627,507.463,558.041,593.272,616.04,627.518,629.413,627.073,626.444,627.79,625.439,613.452,590.53,555.326,505.36,440.812,367.821,293.633,
369.662,478.872,612.203,771.979,956.235,1157.679,1360.225,1540.638,1673.695,1740.889,1742.255,1678.135,1547.14,1368.02,1166.401,964.845,779.6,618.692,484.114,373.706,
292.396,378.671,479.663,594.175,716.18,836.727,944.138,1028.47,1083.548,1108.995,1108.18,1081.163,1024.454,938.719,830.167,709.511,587.616,474.029,373.878,288.795,
178.322,189.465,197.754,202.823,204.42,202.742,198.265,192.124,186.298,182.652,182.619,186.191,192.042,198.063,202.421,203.988,202.198,196.952,188.443,177.025,
218.345,229.022,232.197,228.469,219.683,208.258,196.387,185.409,176.772,171.955,172.022,176.692,185.045,195.72,207.246,218.094,226.384,229.913,226.652,216.343,
65.214,64.561,63.512,62.01,60.098,57.826,55.29,52.781,50.669,49.443,49.467,50.67,52.776,55.299,57.837,60.12,62.039,63.572,64.632,65.328,
290.037,359.949,443.429,541.275,651.556,768.552,882.12,978.417,1044.943,1076.803,1077.141,1045.657,979.868,883.402,769.57,652.062,542.005,444.42,360.889,290.599,
265.97,283.358,295.529,302.475,304.043,300.399,292.472,281.782,271.321,264.94,264.987,271.64,282.225,293.205,301.404,305.383,304.156,297.486,285.537,268.472,
214.013,254.443,297.259,340.603,381.991,418.686,447.608,467.294,477.608,481.998,482.458,479.703,470.416,451.72,422.859,386.128,344.534,300.853,257.733,216.914,
225.479,248.746,271.07,290.972,307.642,319.829,326.59,328.431,326.943,324.996,325.082,327.106,328.807,327.307,320.703,308.614,292.084,272.203,250.071,226.689,
118.132,116.935,114.243,110.391,105.524,99.995,94.138,88.549,84.025,81.506,81.491,84.023,88.487,94.108,99.98,105.495,110.345,114.241,116.914,118.108,
223.555,264.149,305.694,346.175,383.334,413.638,435.692,448.614,454.11,455.285,455.215,453.884,448.333,435.214,413.115,382.509,345.808,305.358,263.899,223.469,
267.398,326.358,392.473,463.742,536.449,605.115,663.895,708.466,736.423,748.141,748.193,736.58,708.982,664.589,605.728,536.964,464.681,393.416,327.144,268.017,
307.482,386.586,485.577,605.951,746.795,901.555,1058.372,1199.603,1305.507,1360.286,1360.302,1305.548,1200.029,1059.308,903.018,748.568,607.868,487.582,388.471,309.083,
46.972,47.076,47.121,47.105,47.066,47.054,47.282,47.832,48.545,49.179,49.295,48.787,48.038,47.424,47.102,47.026,47.083,47.122,47.093,47.024,
199.869,261.098,334.952,420.545,514.745,611.989,705.023,784.447,842.146,872.322,872.872,843.112,785.463,706.084,613.369,515.486,421.483,335.843,261.795,200.564,
217.18,294.863,394.036,514.549,651.039,792.699,924.362,1031.115,1102.958,1136.507,1136.83,1102.542,1031.306,924.725,793.233,651.731,515.554,395.65,296.414,218.811,
390.94,594.977,835.477,1076.007,1280.021,1425.39,1503.215,1523.417,1510.018,1491.137,1489.472,1503.92,1514.684,1493.133,1415.367,1271.214,1068.142,828.823,590.064,387.631,
330.178,374.578,413.278,444.255,464.909,474.458,473.05,463.022,449.795,440.414,440.631,450.344,463.789,473.837,474.947,464.942,443.842,412.683,373.725,329.338,
133.672,135.086,134.857,133.168,130.012,125.687,120.503,115.21,110.724,108.14,108.126,110.718,115.129,120.484,125.678,130.013,133.157,134.881,135.092,133.696,
186.2,212.24,238.905,264.639,287.788,306.617,319.25,325.279,326.652,325.926,325.929,326.57,325.494,319.304,306.856,288.218,265.158,239.211,212.702,186.491,
176.809,204.307,232.443,260.577,286.599,308.978,325.934,336.69,341.78,343.564,343.472,341.96,336.914,326.081,308.896,286.379,260.028,231.943,203.596,176.14,
354.668,419.711,488.285,557.672,623.209,679.689,722.555,749.37,762.013,765.481,765.459,761.535,749.233,722.501,680.182,624.469,559.742,491.343,423.477,359.038,
316.228,393.054,477.231,565.113,651.421,730.119,794.886,840.888,867.513,877.997,877.694,865.898,838.632,791.997,726.884,647.808,561.17,473.382,389.171,312.706,
211.693,239.479,266.584,291.863,313.809,330.424,340.914,345.127,345.248,344.212,344.507,346.3,346.825,342.962,332.858,316.24,294.427,269.087,241.671,213.55,
164.589,227.741,310.433,414.697,540.715,683.744,833.029,971.303,1077.659,1133.829,1134.643,1079.326,973.284,835.821,686.115,542.804,416.172,311.019,227.976,164.761,
276.686,310.533,343.436,374.272,401.259,422.571,436.872,443.795,445.52,444.829,444.582,444.922,442.953,435.633,420.97,399.612,372.238,341.224,308.128,274.163,
335.779,398.422,462.357,526.035,585.97,638.013,677.014,701.126,711.509,713.818,713.468,710.548,699.831,675.695,636.45,584.638,524.452,461.0,397.037,334.391,
17.727,15.55,13.873,12.541,11.459,10.535,9.758,9.107,8.63,8.375,8.379,8.639,9.122,9.772,10.556,11.464,12.545,13.857,15.507,17.652,
206.096,231.979,256.186,278.068,295.871,308.704,316.246,318.378,317.578,316.029,316.084,317.655,318.73,316.322,308.866,295.764,277.745,255.859,231.31,205.303,
87.059,83.898,80.472,77.059,73.607,70.147,66.76,63.637,61.104,59.761,59.723,61.134,63.638,66.77,70.111,73.574,77.022,80.451,83.742,86.89,
510.829,664.978,823.295,970.353,1092.116,1178.862,1228.002,1245.244,1242.575,1235.026,1234.953,1241.432,1243.699,1225.93,1176.577,1090.268,968.401,821.458,663.972,509.827,
245.314,281.226,315.305,345.231,370.116,388.209,398.951,403.133,402.229,400.556,400.397,402.025,402.535,398.206,387.418,369.04,344.357,313.93,280.075,244.139,
443.879,567.969,680.467,767.986,823.972,850.986,856.605,848.506,834.883,824.253,824.135,833.731,846.394,853.923,848.01,820.671,765.34,678.084,565.972,442.582,
218.684,274.352,340.429,416.355,499.558,586.516,670.171,741.575,793.67,820.226,819.562,792.995,740.852,668.826,585.485,499.15,415.697,340.141,274.524,218.453,
276.143,330.119,386.945,442.902,493.925,536.389,566.502,583.932,590.198,591.125,590.47,588.08,580.432,562.032,531.306,488.715,437.703,382.28,326.375,273.098,
386.528,500.709,618.879,731.763,832.401,916.605,981.218,1023.345,1043.642,1050.119,1051.709,1047.4,1028.502,987.487,923.602,839.79,739.283,625.712,507.084,392.156,
30.988,28.509,26.488,24.773,23.251,21.835,20.533,19.369,18.477,17.99,17.987,18.486,19.382,20.53,21.841,23.266,24.795,26.514,28.536,31.018,
165.73,168.847,169.528,167.665,163.554,157.536,150.339,143.115,137.049,133.635,133.606,137.109,143.216,150.465,157.662,163.689,167.833,169.699,169.045,165.913,
170.927,197.425,223.241,246.946,266.79,281.115,289.461,292.213,291.26,290.056,289.757,291.126,291.747,288.929,280.444,265.839,245.961,222.422,196.559,170.315,
202.15,245.83,295.214,348.39,402.792,453.646,496.129,526.323,543.048,549.631,549.698,543.55,527.157,497.022,454.554,403.826,349.525,296.073,246.744,203.196,
201.454,219.623,234.939,246.654,254.767,258.833,259.098,256.718,253.242,250.698,250.927,253.799,257.811,260.756,260.91,257.551,249.926,238.616,223.339,205.26,
266.93,321.024,377.339,433.012,485.241,530.043,564.223,586.081,597.186,600.791,600.528,596.749,585.513,563.352,529.131,484.575,432.683,376.649,320.786,266.817,
172.197,186.15,197.593,205.774,209.89,210.191,207.359,202.506,197.374,194.209,194.311,197.756,202.873,207.854,210.722,210.425,206.138,198.092,186.624,172.713,
163.122,178.491,193.19,206.559,217.798,226.119,231.013,232.584,231.818,230.685,230.72,231.976,232.881,231.358,226.666,218.44,207.249,194.116,179.433,164.157,
190.487,212.812,234.37,254.023,271.09,283.532,291.513,294.734,294.909,294.022,294.069,294.994,295.037,292.378,284.47,272.089,255.448,235.968,214.587,192.117,
329.661,479.931,665.916,879.761,1103.305,1311.457,1479.293,1593.268,1656.347,1680.438,1678.327,1648.986,1581.832,1464.802,1295.814,1088.843,866.917,655.703,472.358,323.995,
316.056,385.937,452.743,511.152,557.303,587.962,604.334,609.025,606.854,603.238,602.254,604.52,605.48,599.859,582.253,550.644,504.874,446.533,380.857,311.884,
193.532,223.725,254.808,284.621,310.898,331.626,345.205,351.649,352.796,352.185,352.253,353.157,351.787,345.425,331.711,310.543,283.96,253.943,223.091,192.814,
46.674,45.24,43.944,42.651,41.182,39.509,37.689,35.886,34.416,33.562,33.58,34.428,35.917,37.7,39.511,41.175,42.593,43.851,45.046,46.395,
10.887,9.985,9.361,8.913,8.557,8.23,7.893,7.567,7.291,7.128,7.124,7.28,7.532,7.855,8.178,8.505,8.873,9.345,9.997,10.929,
249.147,319.122,398.462,484.497,573.809,660.489,737.663,799.4,840.145,859.341,859.554,840.499,799.915,738.373,660.982,574.465,485.172,399.049,319.601,249.553,
267.9,337.339,411.047,485.101,554.758,614.083,658.36,685.46,697.883,701.853,702.583,699.981,688.969,662.874,619.097,560.082,490.438,416.008,341.821,271.933,
200.942,219.397,235.91,249.594,259.509,265.194,266.523,264.362,260.619,257.839,257.883,260.749,264.517,266.679,265.338,259.458,249.348,235.446,218.708,200.028,
222.876,252.689,281.743,308.148,329.737,344.705,352.241,353.284,350.664,347.947,348.005,350.724,353.493,352.316,344.724,329.691,308.077,281.596,252.42,222.469,
307.471,373.379,442.359,512.005,579.062,640.231,692.354,731.811,756.664,767.734,767.483,755.371,729.456,689.067,636.664,574.755,508.09,438.609,369.938,304.116,
284.14,338.234,395.693,455.032,513.844,567.3,611.24,641.758,658.68,665.068,665.043,658.423,641.399,610.478,566.365,512.682,454.041,394.49,336.965,283.02,
265.677,316.002,369.842,424.811,477.424,523.456,558.843,581.608,592.926,596.703,596.657,592.566,581.051,557.956,522.276,476.159,423.56,368.519,315.024,264.81,
292.8,397.015,517.224,659.21,830.961,1032.277,1246.225,1442.943,1591.319,1668.743,1668.111,1589.387,1439.777,1243.345,1028.941,827.209,655.459,513.664,393.849,289.937,
238.731,266.663,293.275,317.127,336.332,349.83,356.559,357.52,354.65,352.156,352.407,355.443,358.553,358.126,351.715,338.446,319.293,295.571,268.895,240.944,
99.439,98.438,96.878,94.748,92.235,89.313,86.177,82.995,80.263,78.656,78.679,80.28,83.014,86.187,89.357,92.241,94.764,96.83,98.486,99.463,
250.578,286.36,320.119,350.109,374.381,391.678,401.191,403.77,402.077,399.687,399.529,401.576,403.035,400.2,390.548,373.314,348.785,318.94,285.31,249.62,
279.135,320.579,361.26,398.82,430.236,453.265,465.992,469.612,467.383,464.277,463.997,466.812,468.625,464.629,451.447,428.246,396.681,359.399,318.725,277.524,
309.355,404.4,522.465,665.842,834.531,1022.761,1215.512,1389.596,1518.613,1581.841,1582.49,1519.787,1391.62,1217.93,1026.082,838.385,669.917,526.163,407.806,312.785,
161.995,177.342,191.22,202.809,211.627,216.92,218.715,217.574,215.117,213.125,213.027,215.058,217.555,218.678,216.954,211.616,202.95,191.42,177.717,162.523,
396.698,454.507,500.88,532.612,548.719,550.828,541.736,526.425,510.342,500.211,500.155,510.321,526.039,541.094,549.684,547.435,531.038,499.227,452.752,395.305,
190.636,226.977,266.726,308.097,349.122,386.71,417.528,439.751,452.516,458.073,458.727,454.356,442.349,420.677,389.783,352.055,310.641,268.796,228.505,191.643,
167.814,189.798,211.751,232.628,250.882,265.251,274.757,279.421,280.537,280.358,280.504,281.048,280.182,275.821,266.542,252.329,234.15,213.282,191.197,169.039,
304.712,383.947,470.298,559.867,646.888,724.677,788.083,833.862,860.941,872.465,872.804,861.331,834.619,788.929,725.259,646.796,559.631,469.775,383.419,304.468,
238.074,293.496,355.161,419.924,482.731,537.517,578.304,602.683,613.137,615.549,615.582,613.146,602.76,578.571,538.258,484.057,421.752,357.558,296.244,241.082,
202.725,231.359,259.566,285.847,308.968,327.329,339.927,346.691,348.931,349.19,349.328,349.308,347.272,340.669,328.091,309.822,286.743,260.346,232.28,203.417,
45.155,43.35,41.446,39.54,37.608,35.701,33.849,32.154,30.789,30.018,30.028,30.801,32.164,33.86,35.714,37.61,39.512,41.416,43.283,45.06,
213.199,228.343,241.292,251.587,258.667,261.959,261.503,258.081,253.548,250.311,250.037,252.924,257.036,260.204,260.434,256.987,249.793,239.504,226.617,211.637,
263.153,321.971,386.589,455.832,528.542,600.397,666.542,720.441,757.015,774.511,774.883,757.262,721.101,667.168,601.126,529.165,456.932,387.571,323.171,264.372,
206.912,228.132,247.914,264.864,277.623,285.265,287.708,285.941,282.252,279.461,279.166,281.806,285.102,286.469,283.689,275.717,262.648,245.704,226.132,205.207,
81.301,85.652,87.218,83.917,75.976,65.656,56.088,49.095,45.051,43.401,43.494,45.255,49.298,56.134,65.467,75.479,83.234,86.48,85.079,80.976,
245.053,294.069,347.32,403.269,459.029,510.662,554.249,585.92,604.801,612.541,612.53,605.062,586.247,554.577,510.98,459.332,403.86,348.076,294.729,245.842,
175.909,188.45,198.329,205.221,208.723,208.997,206.417,201.952,197.21,194.272,194.255,197.251,201.895,206.329,208.971,208.713,205.078,198.187,188.29,175.642,
191.749,215.983,240.423,263.543,283.787,299.318,309.104,313.076,313.034,311.996,312.38,314.132,314.824,311.496,302.246,286.963,266.758,243.545,218.957,194.373,
222.715,278.4,342.8,414.936,492.806,571.992,646.839,710.169,754.712,777.371,777.345,754.816,710.386,647.011,571.958,492.478,414.552,342.366,277.956,222.333,
184.707,253.741,337.942,434.868,538.184,638.545,725.013,787.775,824.62,839.416,838.035,820.889,782.704,719.198,633.137,532.999,430.38,334.272,250.739,182.316,
164.965,189.01,213.461,237.099,258.175,275.047,286.456,292.511,294.328,294.331,294.392,294.552,292.847,286.827,275.397,258.498,237.32,213.75,189.188,165.157,
314.918,477.363,675.21,892.251,1110.444,1316.674,1500.397,1650.307,1755.571,1807.102,1806.694,1754.232,1649.211,1500.058,1317.486,1112.065,894.024,677.103,479.243,316.578,
164.019,177.478,189.685,199.633,206.395,209.105,207.814,203.451,198.178,194.621,194.711,198.653,204.441,209.429,211.303,208.946,202.456,192.408,179.927,166.119,
270.658,317.264,363.619,406.493,442.691,469.421,485.059,490.586,489.588,487.137,487.167,489.718,490.853,485.406,469.846,443.197,407.166,364.409,318.119,271.439,
333.988,384.561,434.592,482.119,524.262,558.647,582.769,596.48,601.716,602.609,602.649,601.863,596.87,583.615,559.678,525.744,483.742,436.516,386.606,336.078,
219.455,278.378,346.556,421.636,499.554,574.415,639.44,688.534,718.431,731.289,731.227,718.658,689.122,639.961,575.035,500.436,422.769,347.771,279.749,220.879,
170.078,193.501,216.608,237.893,255.701,268.351,275.328,276.847,275.328,273.292,273.062,274.712,275.955,274.244,267.277,254.567,236.815,215.64,192.603,169.268,
282.258,325.015,365.476,401.743,432.022,454.527,468.286,474.222,474.282,472.705,472.429,473.316,472.594,466.242,452.022,429.164,398.549,362.206,321.737,279.327,
196.081,212.296,226.252,236.854,243.347,245.239,242.978,237.805,232.062,228.258,228.153,231.768,237.385,242.336,244.397,242.249,235.49,224.673,210.592,194.264,
258.333,299.936,342.692,383.995,420.912,450.153,469.28,477.868,479.338,478.385,478.846,480.981,480.333,472.5,453.979,424.868,387.876,346.278,303.265,261.432,
320.782,392.438,465.27,536.419,603.158,662.575,710.762,744.146,762.482,769.176,769.24,763.522,745.514,712.53,665.21,606.373,539.983,468.997,396.095,324.042,
337.78,408.436,482.968,558.514,631.93,697.977,751.964,789.559,810.523,817.921,817.816,810.436,789.36,751.186,697.063,630.609,556.784,480.893,406.127,335.564,
66.235,65.199,63.893,62.317,60.388,58.058,55.464,52.863,50.678,49.425,49.425,50.657,52.823,55.42,58.003,60.315,62.215,63.761,65.028,66.027,
107.83,115.337,122.592,128.332,131.207,130.123,125.121,117.649,110.298,105.671,105.39,109.508,116.324,123.195,127.89,128.883,126.185,120.796,113.998,106.925,
234.936,263.252,288.906,311.07,328.463,339.528,343.977,342.45,338.029,334.411,334.414,338.188,342.703,344.221,339.818,328.727,311.44,289.177,263.43,235.137,
207.607,274.762,358.652,459.149,571.689,687.704,795.046,881.582,939.892,967.58,967.052,938.073,878.876,791.63,683.817,567.363,454.881,354.634,271.134,204.379,
373.928,438.307,504.677,570.427,632.554,686.933,729.743,758.797,774.195,780.095,780.559,775.496,760.529,731.939,689.516,635.403,573.481,507.59,441.068,376.363,
180.505,189.845,196.529,200.316,200.918,198.51,193.768,187.5,181.638,178.001,178.055,181.578,187.577,193.815,198.769,201.144,200.545,196.92,190.143,180.827,
306.226,403.237,518.417,654.766,816.305,1005.093,1214.838,1426.67,1603.355,1701.996,1701.124,1600.572,1422.87,1210.417,1000.037,812.32,651.956,516.372,401.454,304.7,
140.438,143.33,144.043,142.687,139.617,135.103,129.735,124.177,119.485,116.79,116.802,119.545,124.222,129.803,135.268,139.79,142.95,144.326,143.714,140.901,
270.895,309.317,346.622,381.11,410.706,433.565,448.388,455.429,456.72,456.083,456.291,457.176,455.794,448.81,433.893,410.925,381.21,346.648,309.228,270.657,
262.399,314.956,369.637,422.996,470.59,508.002,532.192,543.528,545.533,544.189,544.246,545.545,543.561,532.349,508.164,470.847,423.293,369.841,315.079,262.503,
201.623,224.561,246.791,266.883,283.093,294.061,299.444,299.736,297.17,294.758,294.528,296.555,298.694,298.068,292.415,281.156,264.844,244.837,222.616,199.808,
411.176,498.949,591.468,683.818,770.228,843.84,898.749,932.771,947.815,951.56,951.816,948.064,933.519,900.014,845.251,771.971,685.481,593.282,501.053,413.253,
377.441,484.35,593.081,697.295,790.459,867.515,921.998,953.872,966.481,968.958,969.43,967.561,955.528,924.422,869.407,791.969,697.796,592.934,483.677,376.896,
346.821,457.896,581.48,708.989,827.94,927.803,1002.468,1051.647,1078.312,1089.527,1090.094,1080.053,1053.893,1005.378,930.877,830.392,711.299,583.866,459.411,347.884,
331.32,386.208,432.212,465.539,484.551,490.457,486.154,475.999,464.825,457.746,457.935,465.241,476.808,487.224,491.944,486.345,467.342,434.174,388.109,332.906,
325.265,440.96,577.659,732.855,906.274,1097.52,1299.98,1494.233,1650.2,1736.422,1736.921,1651.033,1494.826,1299.247,1095.507,903.557,729.356,573.624,437.057,321.465,
189.267,201.658,211.419,218.107,221.989,222.648,220.601,216.523,212.074,209.074,209.017,211.886,216.267,220.17,222.169,221.381,217.501,210.673,201.084,188.756,
183.401,207.231,230.814,252.789,271.736,286.264,295.599,299.835,300.419,299.766,299.72,300.24,299.613,295.2,285.81,271.288,252.465,230.728,207.436,183.85,
259.36,320.795,389.727,463.381,536.702,603.757,658.414,696.746,718.016,726.428,726.373,717.878,696.37,658.133,603.391,536.504,463.126,389.755,320.878,259.462,
88.456,87.606,85.967,83.782,81.156,78.164,74.918,71.705,68.987,67.403,67.381,68.927,71.592,74.818,78.038,81.011,83.608,85.766,87.384,88.185,
235.627,283.964,335.654,389.038,441.135,488.69,528.361,557.551,575.173,583.233,583.296,575.68,558.321,529.48,490.03,442.79,390.834,337.817,286.226,238.076,
275.324,360.19,460.261,573.931,696.575,820.365,934.424,1027.168,1090.201,1119.439,1119.195,1089.026,1025.429,932.258,817.789,693.703,570.833,456.93,356.598,271.753,
315.906,379.285,445.878,512.748,575.388,628.886,668.681,693.454,704.681,708.072,707.568,703.713,691.74,666.688,626.774,573.521,511.312,445.089,378.964,316.044,
331.52,379.024,424.12,464.79,499.033,524.248,538.971,543.822,542.056,539.421,539.862,543.594,546.213,542.381,528.416,503.632,469.706,428.907,383.817,336.024,
246.611,286.07,326.208,365.729,402.264,433.1,455.446,468.177,472.908,473.67,473.395,472.301,467.278,454.153,431.583,400.573,363.826,324.139,284.124,244.847,
128.948,126.302,122.177,117.088,111.391,105.33,99.255,93.653,89.191,86.715,86.721,89.213,93.674,99.273,105.373,111.39,117.068,122.168,126.216,128.862,
103.47,109.426,114.423,118.147,120.238,120.655,119.46,117.16,114.632,113.017,112.993,114.586,117.095,119.427,120.626,120.28,118.178,114.447,109.428,103.394,
309.067,366.679,427.946,491.598,554.692,613.33,663.36,700.153,722.689,732.355,732.467,722.614,699.975,663.27,613.633,555.235,492.288,428.697,367.0,309.414,
303.506,380.476,466.48,557.254,646.616,727.043,790.72,833.57,856.52,865.184,865.53,857.172,834.9,792.861,729.491,649.687,560.411,469.634,383.709,306.465,
401.92,501.992,608.456,716.7,821.13,913.194,982.812,1024.595,1041.863,1045.465,1044.81,1040.336,1022.773,980.525,910.997,819.365,715.134,606.875,500.211,400.087,
61.235,58.271,55.522,52.87,50.204,47.504,44.825,42.35,40.394,39.305,39.302,40.396,42.349,44.825,47.502,50.207,52.87,55.509,58.27,61.229,
206.908,238.216,271.899,306.845,340.784,371.176,395.677,412.015,420.695,424.08,424.289,421.509,413.318,397.329,373.142,342.783,308.68,273.767,239.745,208.16,
216.321,238.536,258.682,275.562,288.335,296.296,299.43,298.392,295.259,292.679,292.782,295.417,298.64,299.809,296.761,288.829,276.091,259.183,239.124,216.848,
135.467,143.666,151.307,157.923,163.075,166.347,167.536,166.947,165.377,164.15,164.168,165.483,167.079,167.721,166.583,163.377,158.262,151.74,144.209,136.058,
217.94,240.636,261.377,279.628,294.265,304.128,308.622,308.326,305.187,302.669,302.84,305.966,309.375,310.115,305.783,295.966,281.307,262.933,242.022,219.165,
292.924,322.055,348.33,370.193,385.769,393.969,395.061,390.616,384.264,379.726,379.906,384.764,391.625,396.411,395.807,387.978,372.537,350.851,324.474,295.305,
133.36,137.172,139.043,139.072,137.377,134.121,129.72,124.862,120.634,118.119,118.09,120.662,124.884,129.736,134.153,137.478,139.206,139.239,137.329,133.43,
34.318,31.624,29.239,27.169,25.385,23.829,22.416,21.168,20.199,19.654,19.651,20.197,21.173,22.41,23.82,25.376,27.158,29.231,31.64,34.385,
112.087,110.828,108.443,105.156,101.196,96.735,92.044,87.546,83.857,81.848,81.897,83.973,87.685,92.228,97.005,101.588,105.693,109.13,111.689,113.064,
87.598,86.763,85.205,82.96,80.184,77.036,73.728,70.507,67.856,66.322,66.307,67.841,70.497,73.711,77.011,80.095,82.795,84.969,86.437,87.178,
301.156,360.3,419.105,475.509,526.708,569.218,600.906,620.453,629.578,632.46,632.759,630.716,622.073,603.025,571.773,529.279,478.192,421.52,362.314,303.019,
226.141,297.904,387.863,497.085,624.912,765.656,908.633,1037.943,1135.862,1187.946,1188.065,1136.317,1038.365,909.58,766.974,626.395,498.744,389.429,299.472,227.415,
62.404,58.297,54.738,51.662,48.909,46.415,44.063,41.955,40.261,39.305,39.303,40.272,41.948,44.055,46.41,48.926,51.676,54.767,58.319,62.442,
207.405,227.113,244.105,258.0,268.098,273.505,274.286,270.78,265.709,261.805,261.817,265.37,270.531,273.984,273.454,268.049,258.328,244.685,227.77,208.286,
30.156,28.726,27.256,25.848,24.629,23.821,23.646,24.242,25.447,26.548,26.677,25.792,24.65,24.005,24.14,24.872,26.021,27.373,28.782,30.164,
411.499,530.672,637.927,714.753,752.874,756.966,738.965,710.422,681.085,662.453,662.716,682.401,712.524,742.364,761.268,757.477,719.266,641.093,532.082,411.38,
272.14,349.381,437.784,534.158,633.267,728.036,809.88,871.872,911.024,928.792,928.975,911.757,872.797,810.964,729.099,634.256,535.025,438.564,350.115,272.939,
236.984,281.058,326.759,371.725,412.656,446.568,471.044,485.359,491.097,492.263,492.431,491.46,485.746,471.653,447.36,413.7,372.863,327.987,282.293,238.221,
325.006,412.571,510.756,617.594,729.813,841.16,942.073,1023.074,1077.372,1102.762,1103.798,1079.989,1027.276,947.076,846.562,735.727,623.497,516.112,417.209,329.272,
196.478,215.426,232.39,246.566,257.228,263.775,266.188,265.285,262.49,260.281,260.306,262.601,265.475,266.541,264.174,257.575,246.92,232.623,215.698,196.631,
248.644,287.951,328.065,366.849,401.912,430.115,449.628,460.086,463.621,464.02,464.381,464.516,461.496,451.236,431.729,403.377,367.998,328.831,288.365,248.874,
186.173,196.938,204.973,209.91,211.451,209.581,204.73,198.289,192.102,188.301,188.335,192.172,198.439,205.077,210.015,212.084,210.776,205.987,198.126,187.544,
148.061,159.585,169.629,177.554,182.546,184.272,182.869,179.136,174.793,171.969,172.031,174.906,179.367,183.25,184.816,183.273,178.41,170.571,160.622,149.158,
250.791,293.775,338.942,383.901,425.44,459.84,484.37,498.396,503.743,504.839,504.887,504.285,499.366,485.87,461.444,427.141,385.531,340.335,294.848,251.63,
247.007,279.508,310.261,338.305,361.704,379.123,389.56,393.213,392.405,390.575,390.553,392.098,392.693,388.826,378.304,360.73,337.235,309.306,278.451,246.155,
204.046,228.746,252.647,274.973,294.306,309.339,318.851,323.35,323.968,323.238,323.314,324.2,323.602,319.281,309.716,294.653,275.433,253.019,229.044,204.417,
323.991,401.088,486.639,579.146,675.601,769.717,854.867,922.852,968.403,990.23,990.099,968.105,921.937,853.801,768.514,674.028,578.161,485.742,400.551,323.839,
203.177,232.624,261.862,288.876,311.662,328.09,337.292,339.939,338.976,337.248,337.319,339.287,340.668,338.117,329.114,312.85,290.196,263.167,233.927,204.531,
342.507,400.479,459.175,516.564,569.821,615.01,649.109,670.018,679.331,681.6,681.485,678.96,669.769,648.971,615.087,569.879,516.777,459.328,400.449,342.151,
221.007,252.021,283.064,312.214,337.351,356.253,367.852,372.282,372.112,370.909,371.159,372.966,373.665,369.433,358.107,339.135,313.904,284.603,253.388,222.22,
249.641,283.999,316.414,344.717,367.388,382.671,390.218,391.207,388.499,385.948,386.304,389.515,392.844,392.468,385.299,370.209,347.81,319.503,286.971,252.501,
173.193,193.525,212.612,229.645,243.628,253.602,259.031,260.469,259.423,258.17,258.395,260.248,261.848,260.973,256.015,246.447,232.585,215.611,196.464,176.056,
235.833,301.121,378.924,468.009,564.764,662.704,753.327,826.616,876.875,900.647,900.867,877.19,827.43,754.294,664.483,566.575,470.068,381.233,303.602,238.494,
297.539,365.773,437.052,508.962,579.478,646.479,704.073,745.755,769.314,778.366,778.354,768.912,744.751,702.369,644.47,577.413,506.35,434.437,363.38,295.307,
444.911,557.186,672.07,781.141,877.195,956.067,1013.943,1049.41,1066.039,1071.526,1071.159,1064.927,1047.786,1011.698,953.236,874.584,777.916,668.64,553.503,441.548,
87.088,88.405,88.786,88.21,86.745,84.457,81.542,78.382,75.66,74.07,74.044,75.644,78.394,81.574,84.511,86.849,88.378,89.006,88.698,87.408,
185.175,248.385,333.568,443.433,577.372,728.712,883.718,1023.074,1127.131,1180.706,1180.368,1126.329,1022.217,882.978,728.516,577.542,443.95,334.217,249.141,185.98,
243.123,312.875,401.39,517.058,669.98,866.412,1103.833,1358.013,1580.518,1711.021,1710.908,1580.729,1359.52,1108.34,873.748,678.915,527.05,411.563,322.477,252.043,
157.046,176.169,194.652,211.363,225.366,235.505,241.212,243.027,242.26,241.082,240.972,241.873,242.227,240.085,234.086,223.864,209.963,193.228,174.891,155.963,
285.33,352.582,429.191,512.454,597.656,678.003,745.559,794.748,824.049,836.079,835.77,822.803,792.69,743.129,675.038,594.82,509.464,426.215,349.749,282.827,
66.504,64.954,63.604,62.238,60.786,59.089,57.267,55.476,53.974,53.13,53.158,54.026,55.541,57.358,59.181,60.858,62.34,63.702,65.132,66.734,
258.666,338.952,440.335,563.683,706.239,860.303,1012.636,1145.046,1240.363,1287.315,1285.725,1236.449,1139.708,1006.907,855.468,702.711,561.754,439.868,339.486,259.901,
156.996,166.383,173.955,179.512,182.775,183.609,182.082,178.828,175.301,172.904,172.934,175.286,178.905,182.104,183.763,182.944,179.753,174.23,166.575,157.287,
250.881,293.722,338.524,383.159,424.198,458.564,483.796,498.599,505.014,506.576,506.636,504.807,498.362,483.396,458.262,423.693,382.713,338.312,293.631,250.891,
333.348,430.607,526.115,613.044,687.881,749.327,795.267,823.782,836.972,841.216,841.476,838.322,826.121,798.58,753.811,693.602,619.557,532.576,436.178,337.688,
335.479,433.646,547.017,671.544,799.558,919.629,1019.223,1088.555,1126.032,1139.878,1139.722,1125.381,1087.674,1018.292,919.101,799.054,671.028,546.273,432.847,334.599,
255.573,291.428,323.488,349.92,368.803,379.303,381.61,377.112,369.364,363.36,363.066,368.417,375.636,379.638,377.077,366.402,347.639,321.49,289.844,254.397,
280.656,331.656,384.37,436.162,483.566,523.212,552.411,570.217,578.545,581.154,581.351,579.131,571.125,553.536,524.556,485.265,438.115,386.64,334.218,283.346,
217.892,257.94,298.168,336.213,369.281,394.636,410.797,418.293,419.401,418.337,418.268,419.138,417.806,410.184,393.823,368.304,335.39,297.486,257.252,217.264,
81.737,80.945,80.006,78.831,77.371,75.459,73.163,70.658,68.448,67.123,67.143,68.416,70.608,73.078,75.378,77.257,78.729,79.832,80.763,81.52,
37.346,37.116,36.857,36.461,35.927,35.255,34.526,33.872,33.404,33.172,33.157,33.348,33.817,34.466,35.194,35.862,36.399,36.774,37.035,37.253,
301.502,357.947,417.874,479.201,537.814,589.312,629.52,655.871,668.453,672.484,671.975,668.206,654.807,628.112,587.742,535.655,476.878,415.659,355.696,299.414,
287.89,305.566,315.735,318.431,314.583,305.365,292.695,279.038,267.339,260.483,260.569,267.714,279.688,293.755,306.656,316.008,320.018,317.513,307.451,289.657,
164.725,231.264,319.545,430.793,564.145,712.809,863.284,998.243,1098.613,1151.051,1151.654,1099.778,999.59,864.6,713.713,564.694,430.455,318.431,230.193,164.077,
294.884,371.873,461.246,563.087,676.011,795.098,911.471,1012.948,1087.299,1125.554,1125.152,1086.192,1011.611,909.862,793.893,674.863,562.222,460.495,371.242,294.463,
323.542,388.406,454.745,519.408,578.405,628.151,664.856,687.308,697.314,700.051,700.232,697.778,687.98,665.928,629.807,580.583,522.037,457.701,391.598,326.54,
182.994,203.705,222.893,239.508,252.786,261.222,264.938,264.612,261.956,259.676,259.609,261.942,264.489,264.783,261.003,252.421,239.396,222.83,203.771,183.135,
252.392,280.537,306.123,327.597,343.696,353.294,356.462,354.278,349.432,345.852,345.753,349.403,354.039,356.075,352.962,343.221,327.048,305.551,279.947,251.773,
281.274,333.01,386.096,437.381,483.701,521.529,548.485,563.555,569.153,569.581,569.732,569.098,563.722,548.752,522.123,484.191,438.058,386.658,333.661,281.854,
174.034,188.95,202.742,214.446,223.57,229.201,231.325,230.287,227.684,225.607,225.509,227.444,229.763,230.565,228.373,222.55,213.415,201.532,187.851,172.95,
166.7,187.525,207.386,224.984,239.122,248.733,253.532,254.177,252.3,250.564,250.51,252.372,254.187,253.622,248.873,239.255,225.119,207.517,187.7,166.86,
180.97,246.268,334.475,448.505,588.421,748.598,915.292,1069.586,1187.745,1249.727,1249.024,1184.354,1064.602,909.805,743.262,583.582,444.192,330.588,243.007,178.163,
180.56,186.842,190.765,192.394,191.617,188.579,183.721,177.872,172.572,169.358,169.394,172.661,178.06,183.929,188.801,191.833,192.499,190.729,186.565,180.159,
158.396,164.89,169.356,171.788,171.986,169.945,165.9,160.699,155.813,152.814,152.86,155.859,160.809,165.983,170.02,172.084,171.924,169.438,164.897,158.462,
240.185,271.929,302.033,328.975,352.305,371.177,384.383,391.995,394.748,395.15,395.153,394.845,391.901,384.523,371.488,352.959,330.023,303.228,273.335,241.215,
176.263,192.895,208.475,222.255,233.229,240.506,243.9,243.59,241.189,239.088,238.785,240.572,242.522,242.489,238.996,231.544,220.563,206.937,191.334,174.733,
321.223,375.888,428.291,475.91,516.375,547.18,567.045,576.445,578.568,577.723,578.015,579.187,577.824,568.659,548.922,518.257,477.681,429.751,377.12,322.123,
325.597,438.425,565.862,698.809,823.794,927.399,1001.454,1047.163,1071.147,1080.367,1076.576,1061.465,1031.752,981.812,905.524,801.535,678.594,548.841,424.984,315.78,
258.33,292.844,322.141,344.785,359.697,367.174,368.095,364.253,358.531,354.404,354.161,358.097,363.483,366.956,365.574,357.538,342.109,319.286,289.781,255.39,
320.902,435.147,564.864,702.845,839.218,964.462,1069.743,1150.363,1204.164,1230.246,1229.138,1201.262,1145.775,1063.299,956.942,831.698,695.956,558.867,430.233,316.85,
252.686,282.662,311.731,338.362,360.592,376.798,386.047,388.895,387.501,385.459,385.282,387.051,388.074,385.105,375.66,359.401,337.236,310.633,281.699,251.839,
311.69,351.135,387.135,417.883,442.818,460.508,470.358,473.497,471.723,469.243,469.294,471.736,473.3,470.252,460.305,442.767,418.035,387.172,351.279,311.838,
286.671,302.729,313.389,318.612,318.571,313.927,305.434,295.13,285.651,279.893,279.83,285.572,294.99,305.227,313.616,318.279,318.144,312.879,302.14,285.967,
190.983,214.448,237.243,258.221,275.805,288.669,295.826,297.845,296.546,294.889,294.924,296.599,297.827,295.749,288.379,275.602,258.128,237.189,214.297,190.927,
206.918,259.048,318.583,383.628,450.056,513.161,565.952,603.658,624.549,632.55,633.037,625.236,604.919,567.379,514.387,450.968,383.818,318.197,258.128,205.82,
234.078,264.119,294.314,322.975,348.054,367.769,380.54,386.554,387.6,386.813,386.74,387.298,386.163,380.14,367.308,347.743,322.774,294.336,264.445,234.564,
173.88,193.316,212.054,229.329,244.072,255.147,261.866,264.582,264.34,263.386,263.18,263.987,264.021,261.169,254.296,242.961,228.3,211.047,192.253,172.915,
240.045,274.092,308.162,340.634,368.761,390.077,403.487,408.954,409.073,407.733,407.971,409.955,410.499,405.529,392.59,371.316,343.186,310.667,276.237,241.886,
368.614,497.091,644.991,807.703,978.086,1149.132,1308.479,1440.931,1531.79,1574.679,1575.479,1533.605,1443.832,1312.308,1153.818,983.641,813.082,650.36,501.665,372.52,
175.508,196.222,216.431,234.71,249.797,260.534,266.236,267.527,266.13,264.628,264.777,266.727,268.513,267.521,262.204,251.715,236.834,218.561,198.379,177.573,
425.45,508.767,590.98,667.313,734.69,790.65,835.932,870.317,893.546,904.786,904.704,893.071,869.664,834.833,789.431,733.239,665.936,589.616,507.463,424.46,
184.821,216.921,248.911,278.787,304.894,325.466,339.476,346.833,349.227,349.207,349.288,349.284,347.204,339.95,326.158,305.717,279.586,249.707,217.886,185.904,
283.826,326.669,368.469,405.995,436.36,457.261,467.528,468.9,465.074,461.488,461.61,465.615,469.597,468.359,458.199,437.39,406.83,369.123,327.224,284.101,
325.727,410.803,494.23,571.218,639.336,697.048,740.97,768.701,781.558,784.86,784.568,780.289,766.619,738.24,693.829,635.947,567.372,490.143,406.872,321.832,
282.666,392.308,517.269,649.215,776.473,887.481,974.525,1036.501,1075.115,1093.619,1094.425,1077.127,1039.793,978.379,891.335,780.169,652.567,520.102,394.474,284.143,
311.558,361.539,412.502,462.034,506.876,543.209,567.75,579.927,582.949,582.133,582.16,582.847,579.624,567.509,542.589,506.322,461.293,411.698,360.542,310.668,
281.403,312.343,340.373,363.766,381.591,392.857,397.231,395.73,391.314,387.7,387.991,391.913,396.653,398.418,394.399,383.407,365.839,342.551,314.704,283.711,
70.748,69.417,68.128,66.736,65.025,62.936,60.493,57.989,55.84,54.573,54.565,55.809,57.941,60.449,62.886,64.984,66.691,68.097,69.396,70.751,
105.775,110.844,114.775,117.173,117.941,116.943,114.542,111.292,108.12,106.185,106.183,108.174,111.316,114.623,117.04,117.965,117.143,114.711,110.745,105.631,
348.453,436.546,532.17,633.265,737.453,842.683,943.186,1030.067,1092.895,1124.486,1125.413,1094.579,1032.815,945.332,843.115,736.573,630.731,528.585,432.043,344.106,
159.437,179.017,198.365,216.355,232.117,244.296,252.209,255.749,256.483,256.421,256.262,256.432,255.205,250.969,243.083,230.965,214.953,196.696,177.441,157.888,
230.07,266.772,305.975,346.272,384.958,419.255,445.417,462.215,470.027,472.072,471.947,469.292,461.076,443.906,417.233,382.789,343.792,303.657,264.39,227.831,
365.099,449.715,524.578,582.4,619.626,637.497,640.142,633.075,622.496,614.963,615.047,622.717,633.282,640.321,637.772,619.723,582.697,525.662,451.174,366.541,
237.427,253.482,264.461,270.351,271.311,267.774,260.549,251.617,243.141,237.984,237.89,242.792,250.937,259.654,266.519,269.831,268.558,262.502,251.458,235.263,
168.742,179.869,188.672,194.997,198.299,198.487,195.922,191.497,186.85,183.765,183.854,186.782,191.481,195.84,198.343,197.959,194.53,188.139,179.067,167.797,
270.82,295.491,313.512,323.978,327.084,323.778,315.355,304.605,294.519,288.434,288.633,295.007,305.412,316.725,325.316,329.157,326.506,316.291,298.363,273.661,
320.611,374.848,422.935,462.1,490.259,506.821,512.822,511.471,506.33,501.729,501.237,505.005,509.53,509.894,502.9,485.496,456.936,417.397,369.156,315.041,
117.443,116.231,113.984,110.788,106.664,101.612,96.045,90.605,86.162,83.672,83.658,86.121,90.532,95.95,101.471,106.491,110.637,113.818,116.017,117.225,
246.581,288.155,334.069,383.738,435.447,485.905,530.591,564.853,586.284,595.806,595.54,585.487,563.666,528.992,484.081,433.177,381.221,331.387,285.499,244.034,
134.783,137.387,138.488,138.055,136.064,132.675,128.252,123.523,119.411,116.99,116.977,119.425,123.539,128.304,132.702,136.098,138.017,138.409,137.326,134.743,
220.473,242.581,262.593,279.292,291.197,297.68,298.422,294.686,289.294,285.412,285.363,289.324,294.691,298.441,297.67,291.25,279.256,262.642,242.738,220.657,
302.383,399.365,516.841,653.503,804.131,958.538,1102.844,1220.519,1298.619,1332.932,1332.838,1300.228,1222.882,1105.742,961.99,807.29,656.762,519.79,401.591,304.312,
266.588,306.087,344.302,379.116,407.813,428.781,440.937,444.691,443.207,440.623,440.692,443.363,444.903,440.992,428.739,407.716,378.693,343.853,305.277,265.451,
98.635,100.405,101.272,101.169,100.042,97.854,94.761,91.243,88.127,86.233,86.262,88.188,91.389,94.973,98.158,100.484,101.733,101.976,101.24,99.619,
209.864,248.633,288.503,327.188,361.936,389.685,408.331,417.854,420.359,420.014,420.127,420.406,417.882,408.349,389.618,361.861,327.176,288.61,248.882,210.368,
250.721,293.641,337.404,379.831,418.229,449.818,472.278,484.937,490.157,491.106,491.042,489.588,484.017,470.844,448.133,416.539,378.224,335.748,292.196,249.374,
140.998,148.525,154.209,157.855,159.448,158.852,156.376,152.667,148.94,146.571,146.563,148.957,152.704,156.404,158.788,159.404,157.716,154.009,148.225,140.579,
218.0,239.073,257.737,272.917,284.246,290.746,292.532,290.549,286.679,283.772,283.659,286.549,290.246,292.267,290.275,283.684,272.402,256.987,238.257,217.127,
213.022,280.723,362.947,457.664,559.047,659.141,747.786,816.552,860.619,880.63,880.546,860.508,816.197,747.587,658.634,558.778,457.539,363.042,280.895,213.223,
232.698,282.497,338.787,398.921,459.057,513.43,556.469,585.339,600.367,605.86,605.685,599.927,584.77,555.818,512.488,458.104,398.093,337.847,281.631,231.988,
82.342,81.089,79.34,77.094,74.394,71.339,68.034,64.838,62.228,60.721,60.739,62.268,64.908,68.146,71.5,74.624,77.393,79.702,81.564,82.929,
255.948,311.43,373.748,445.5,528.065,619.383,712.4,795.018,856.074,887.224,886.845,854.491,792.948,709.809,616.909,525.729,443.707,372.261,310.538,255.189,
217.405,234.243,247.649,257.143,262.6,263.879,261.34,256.178,250.428,246.661,246.695,250.465,256.242,261.336,263.861,262.538,257.033,247.491,234.084,217.216,
333.786,373.003,407.773,436.507,457.503,469.873,473.602,470.531,464.392,459.637,459.747,464.57,471.021,474.283,470.887,458.832,438.061,409.601,374.869,335.746,
315.536,392.37,480.697,582.415,699.666,831.276,969.828,1100.404,1202.228,1256.347,1256.319,1201.266,1099.099,968.798,830.829,699.768,583.191,481.924,393.922,316.955,
314.123,382.779,453.465,522.761,586.768,640.443,679.592,701.989,710.509,712.03,712.789,712.04,704.308,682.724,644.265,591.05,527.521,458.162,387.104,317.8,
238.328,287.063,340.927,398.573,456.985,512.443,559.752,595.741,617.813,627.248,627.367,617.527,595.413,559.473,511.766,456.328,397.822,340.126,286.214,237.598,
260.128,325.336,401.201,486.223,575.496,661.443,735.511,790.939,825.019,840.306,840.641,826.235,792.73,737.9,663.973,577.606,487.771,402.506,326.144,260.558,
220.491,236.251,249.102,258.358,263.473,264.273,261.093,255.33,249.143,245.181,245.198,249.266,255.536,261.373,264.53,263.886,258.84,249.685,236.951,221.187,
250.449,323.291,411.296,512.941,623.344,734.582,835.916,917.57,972.127,997.638,997.233,971.865,917.477,835.712,734.423,623.415,513.27,411.886,324.054,251.062,
258.109,296.384,333.851,369.262,400.837,426.693,445.321,456.118,460.126,460.39,460.189,459.187,454.477,443.425,424.261,398.101,366.192,330.721,293.362,255.225,
176.179,180.242,181.271,179.457,175.168,168.88,161.326,153.567,147.04,143.302,143.277,147.112,153.771,161.602,169.289,175.679,180.096,182.042,181.159,177.179,
129.362,138.866,147.655,155.103,160.745,163.88,164.537,162.964,160.587,158.783,158.699,160.497,162.953,164.326,163.728,160.549,154.887,147.437,138.794,129.336,
455.532,542.279,623.862,695.472,752.727,793.467,816.297,822.861,819.676,814.9,814.298,817.906,820.017,812.286,788.824,747.656,689.682,618.204,536.822,450.443,
206.338,239.528,273.907,308.503,341.434,370.238,392.622,407.445,414.908,417.854,417.986,415.349,407.822,392.958,370.523,341.601,308.482,273.815,239.272,206.164,
161.218,162.163,160.702,157.108,151.742,145.078,137.809,130.874,125.309,122.147,122.164,125.304,130.88,137.812,145.055,151.719,157.065,160.659,162.072,161.183,
347.513,419.912,498.519,580.313,660.535,732.653,790.067,828.215,848.374,855.619,855.898,849.369,830.265,792.719,736.375,664.692,584.998,503.497,424.987,352.463,
205.535,220.141,231.067,238.051,241.008,240.137,235.888,229.593,223.254,219.441,219.463,223.526,230.003,236.425,240.806,241.79,238.755,231.765,220.706,206.044,
130.778,135.943,139.852,142.288,143.069,142.232,139.822,136.35,132.909,130.804,130.772,132.902,136.331,139.782,142.198,143.146,142.338,139.954,136.111,131.01,
283.704,342.849,410.996,488.134,571.527,655.67,732.735,793.952,834.091,852.714,852.368,833.23,792.696,731.224,654.248,570.015,486.852,410.029,341.914,282.949,
91.356,95.54,98.798,100.898,101.771,101.353,99.723,97.458,95.11,93.629,93.623,95.094,97.396,99.662,101.169,101.629,100.706,98.556,95.271,90.995,
297.406,354.852,412.705,467.041,513.935,549.549,572.009,582.005,583.373,581.738,581.774,583.267,581.836,571.826,549.278,513.577,466.804,412.583,354.973,297.716,
313.81,378.547,443.807,506.522,563.814,612.35,649.778,674.88,688.23,693.019,692.842,687.898,674.38,649.294,611.881,563.519,506.812,444.236,379.082,314.596,
153.982,157.775,159.427,158.979,156.619,152.51,147.078,141.077,135.886,132.817,132.862,136.014,141.344,147.4,153.034,157.331,159.891,160.543,159.141,155.49,
244.885,303.04,365.144,428.959,490.562,545.829,590.582,621.409,638.192,644.446,644.543,638.816,622.323,591.834,547.0,491.695,430.006,366.326,303.975,245.812,
256.276,369.599,511.479,675.996,848.807,1014.209,1175.664,1332.373,1460.355,1532.465,1530.677,1456.652,1327.229,1170.674,1010.139,845.769,673.462,509.0,367.932,255.331,
89.819,91.026,91.515,91.211,90.036,87.984,85.155,82.044,79.267,77.624,77.607,79.273,82.074,85.243,88.047,90.15,91.32,91.662,91.207,90.032,
242.912,274.487,303.835,328.746,347.84,359.527,363.629,361.356,356.392,352.41,352.347,356.294,361.315,363.448,359.286,347.574,328.587,303.463,274.193,242.639,
269.164,344.971,434.91,535.42,640.615,741.519,827.698,891.116,928.23,942.772,942.351,926.329,888.25,824.568,738.678,638.042,533.377,433.423,344.113,268.869,
185.684,205.726,225.134,242.667,257.111,267.475,272.942,274.023,272.385,270.539,270.531,272.155,273.683,272.508,266.901,256.606,242.003,224.466,205.154,185.132,
220.414,244.687,266.978,286.368,302.057,313.124,318.845,319.889,317.879,315.903,315.616,317.367,318.883,317.532,311.618,300.392,284.518,264.996,242.675,218.555,
251.879,310.008,377.778,454.419,537.073,620.146,696.161,757.396,798.302,817.777,818.077,798.712,758.008,696.913,620.749,537.669,455.085,378.562,310.785,252.573,
193.193,199.862,203.847,205.1,203.766,200.045,194.428,188.021,182.217,178.834,178.822,182.311,188.092,194.494,200.003,203.683,204.923,203.489,199.427,192.674,
205.795,236.939,267.344,295.201,318.623,335.668,345.735,348.952,347.845,346.01,345.998,347.872,348.755,345.434,335.274,318.119,294.513,266.437,235.924,204.645,
337.987,391.804,445.492,496.561,541.383,576.756,600.247,612.203,615.227,614.205,613.637,613.637,609.608,597.084,572.827,537.069,491.991,440.947,387.224,333.681,
254.011,309.129,369.106,435.148,508.731,589.05,672.364,749.54,809.66,842.178,842.148,810.029,750.098,672.636,589.138,508.449,434.834,368.608,308.697,253.586,
233.456,265.053,297.384,328.881,357.622,381.337,398.065,407.056,410.082,410.342,411.089,412.354,410.863,402.953,387.114,363.861,335.116,303.264,270.503,238.183,
60.928,60.671,60.393,59.873,58.939,57.523,55.652,53.597,51.789,50.72,50.751,51.895,53.794,55.953,57.908,59.43,60.447,61.066,61.446,61.79,
429.544,498.769,560.174,609.993,646.393,667.365,672.729,665.928,653.603,644.197,644.071,653.18,665.223,671.697,666.047,644.7,608.252,558.006,496.804,427.672,
326.092,405.861,490.236,575.242,657.793,733.6,798.687,848.929,881.529,896.446,895.918,879.934,846.051,794.413,727.661,650.599,567.355,482.069,398.037,318.933,
285.338,362.834,454.031,558.041,671.292,787.37,897.387,990.425,1055.5,1087.2,1087.248,1055.509,989.99,897.437,787.554,671.538,558.766,455.145,364.008,286.807,
247.524,284.82,322.499,358.282,389.614,413.281,427.533,432.659,431.595,429.211,429.046,431.214,431.924,426.454,411.728,387.739,356.332,320.444,282.86,245.745,
47.519,45.299,43.387,41.62,39.912,38.176,36.36,34.649,33.215,32.433,32.396,33.211,34.629,36.328,38.1,39.868,41.56,43.314,45.252,47.479,
87.85,85.087,82.099,78.934,75.652,72.254,68.859,65.606,62.981,61.52,61.466,63.016,65.55,68.836,72.231,75.613,78.856,82.084,85.139,87.813,
97.235,97.581,97.335,96.444,95.088,92.977,90.361,87.487,84.897,83.289,83.357,84.955,87.554,90.48,93.068,95.07,96.461,97.225,97.513,97.147,
234.124,281.931,330.808,378.081,421.193,456.212,480.961,495.192,500.392,501.343,501.044,499.751,494.035,479.7,454.732,419.429,376.61,329.258,280.559,233.145,
72.732,71.742,70.207,68.188,65.786,62.976,59.966,57.068,54.722,53.327,53.342,54.628,56.938,59.805,62.742,65.514,67.975,70.011,71.587,72.6,
212.617,241.63,269.683,295.134,316.783,333.166,343.126,347.284,347.453,346.307,346.173,347.364,347.251,343.069,332.928,316.725,295.256,269.852,241.836,212.839,
313.724,374.459,425.279,461.143,480.723,486.547,481.747,470.501,458.0,450.17,450.599,459.279,472.311,484.423,490.139,485.355,466.223,430.291,379.29,317.787,
192.4,226.069,261.376,297.395,332.032,362.252,385.616,400.866,408.432,411.001,411.358,408.725,401.293,386.057,362.526,332.202,297.66,261.779,226.474,193.287,
