125.54,148.419,170.684,191.198,208.632,222.132,230.75,235.097,236.48,236.439,237.059,237.783,237.42,234.001,226.08,213.35,196.273,175.873,153.214,129.893,
86.844,116.685,158.849,216.482,291.417,380.816,476.484,564.415,631.596,668.068,668.255,632.901,565.813,477.635,381.603,291.081,215.185,157.009,114.657,84.797,
97.857,112.079,127.129,142.119,156.038,167.338,175.28,179.607,181.194,181.547,181.979,182.318,181.419,177.669,170.126,158.897,145.059,129.769,114.458,99.903,
12.005,11.168,10.451,9.82,9.252,8.703,8.183,7.713,7.347,7.147,7.146,7.353,7.721,8.191,8.712,9.272,9.856,10.497,11.231,12.097,
85.463,94.17,101.62,107.015,109.726,109.944,108.234,105.589,102.991,101.349,101.199,102.495,104.763,106.934,108.114,107.47,104.546,99.266,91.981,83.715,
129.997,145.832,160.036,172.422,182.512,189.467,193.056,193.321,191.762,190.31,190.289,191.835,193.569,193.274,189.833,182.786,172.634,160.069,145.615,129.816,
141.255,157.172,172.338,186.118,197.58,206.038,210.999,212.702,212.132,210.985,210.761,211.314,211.308,209.222,203.754,195.027,183.414,169.637,154.594,138.779,
76.901,83.031,88.518,93.228,96.817,99.005,99.78,99.295,98.142,97.247,97.305,98.19,99.319,99.851,99.169,96.988,93.458,88.829,83.369,77.304,
104.482,131.98,162.264,193.995,224.81,251.547,271.597,283.673,289.126,290.477,290.371,288.404,282.491,269.922,249.797,223.101,192.541,160.928,130.661,103.343,
81.485,84.799,86.944,87.933,87.744,86.351,83.944,81.04,78.307,76.702,76.697,78.378,81.098,83.953,86.192,87.417,87.396,86.183,83.762,80.318,
114.99,128.404,139.896,148.836,154.629,157.14,156.566,153.843,150.567,148.213,148.259,150.437,153.787,156.521,157.085,154.41,148.485,139.362,127.605,113.892,
115.651,130.515,144.735,157.581,168.202,175.895,180.182,181.532,180.862,179.98,180.042,181.142,181.966,180.854,176.668,169.188,158.738,146.085,132.0,117.28,
88.564,109.061,131.463,154.674,177.03,196.705,211.883,221.653,226.678,228.586,228.899,227.658,223.225,213.45,198.24,178.557,155.956,132.658,110.089,89.437,
157.349,187.153,217.503,246.607,273.358,296.252,313.389,323.828,328.562,329.954,329.614,328.455,323.462,312.739,295.41,272.26,245.281,215.795,185.584,155.761,
140.42,176.471,212.914,245.427,270.219,284.932,290.698,290.52,287.954,285.945,285.67,287.469,289.781,289.688,283.848,269.021,244.254,211.796,175.58,139.716,
105.593,168.76,258.728,374.657,508.095,642.079,758.257,847.528,907.442,937.883,938.39,909.648,851.487,764.243,648.596,514.654,379.726,262.04,170.789,106.619,
131.758,198.466,278.17,358.262,426.063,472.382,496.212,503.724,501.373,496.509,495.531,498.12,498.719,489.402,463.624,416.492,348.504,268.87,190.137,124.871,
91.889,111.667,134.159,158.97,184.601,209.272,230.709,247.124,257.677,262.551,262.815,258.5,248.304,232.187,210.849,186.099,160.19,134.965,111.908,91.79,
42.256,43.048,43.339,43.173,42.488,41.367,39.865,38.257,36.844,36.029,36.009,36.831,38.24,39.844,41.326,42.438,43.068,43.222,42.859,41.999,
33.102,33.263,33.198,32.855,32.202,31.246,30.065,28.786,27.719,27.081,27.086,27.744,28.819,30.079,31.278,32.233,32.869,33.208,33.296,33.173,
145.76,174.092,203.4,232.166,259.354,282.844,301.375,313.917,320.97,323.785,323.464,320.426,313.178,300.499,281.542,257.897,230.56,201.495,172.133,143.817,
109.648,141.357,179.549,223.147,270.273,316.843,358.761,392.006,413.822,424.015,423.144,411.391,388.164,354.252,311.956,265.536,219.066,175.919,138.214,107.001,
8.626,7.618,6.824,6.193,5.687,5.264,4.905,4.61,4.391,4.27,4.275,4.406,4.637,4.943,5.301,5.718,6.219,6.841,7.635,8.653,
119.516,134.433,147.938,159.697,169.241,176.263,180.381,181.929,181.665,181.096,181.402,182.406,182.977,181.799,177.784,170.767,160.862,148.75,134.734,119.556,
80.743,95.05,110.472,126.244,141.34,154.457,164.668,171.342,174.85,176.278,176.476,175.566,172.563,166.206,156.46,143.674,128.903,113.322,97.911,83.526,
152.921,174.722,194.971,212.526,226.564,235.972,240.784,241.494,240.018,238.307,238.346,239.906,241.392,240.89,235.878,226.641,212.583,194.828,174.687,152.875,
40.934,40.161,39.109,37.802,36.272,34.557,32.74,31.016,29.613,28.815,28.809,29.587,31.002,32.689,34.493,36.2,37.716,39.035,40.09,40.846,
161.69,198.252,236.733,275.531,313.995,348.862,377.921,398.675,410.72,415.691,415.837,410.903,398.992,378.764,350.389,316.026,278.614,240.335,202.214,165.804,
99.518,118.932,139.754,161.157,181.549,199.009,212.02,219.89,223.348,224.298,224.216,223.319,219.634,211.606,198.163,180.205,159.418,137.715,116.65,97.216,
74.371,80.155,85.256,89.432,92.436,94.077,94.336,93.473,92.136,91.133,91.084,91.992,93.187,93.837,93.428,91.592,88.331,84.014,78.722,72.875,
110.495,142.256,178.507,217.507,256.251,291.296,319.361,338.533,349.076,353.409,353.68,349.573,339.185,320.342,292.431,257.367,218.457,179.405,142.835,110.725,
100.513,127.495,157.563,188.809,218.584,243.975,262.611,273.741,278.814,280.587,281.269,280.815,276.726,266.121,247.647,222.039,191.791,159.946,129.361,102.005,
59.336,59.713,59.172,57.851,55.849,53.398,50.643,47.898,45.733,44.499,44.473,45.732,47.896,50.646,53.418,55.874,57.784,59.136,59.65,59.26,
21.003,20.233,19.595,19.005,18.415,17.748,17.025,16.293,15.695,15.345,15.353,15.696,16.322,17.051,17.765,18.442,19.052,19.637,20.272,21.055,
160.431,194.404,227.288,257.105,281.656,298.9,307.402,306.299,299.131,292.719,293.257,300.772,308.934,310.554,302.803,285.907,261.391,231.113,197.971,163.49,
204.245,235.378,263.979,289.467,310.255,325.374,334.168,337.033,336.192,334.682,334.893,336.82,338.027,335.296,326.557,311.306,290.146,264.523,235.121,203.836,
69.136,75.794,82.344,88.57,93.987,98.192,100.73,101.794,101.741,101.377,101.445,101.835,102.041,101.077,98.57,94.527,89.214,82.986,76.411,69.717,
200.402,253.786,310.422,369.56,431.45,494.482,554.865,605.927,641.823,659.503,658.517,639.18,601.954,549.988,489.074,425.646,363.743,304.838,248.913,196.417,
198.352,249.977,310.661,380.247,456.755,535.559,609.808,671.601,714.581,736.349,737.093,716.998,675.005,613.589,538.842,459.287,381.691,310.975,249.293,197.097,
70.719,99.928,139.366,189.668,249.395,314.414,378.163,432.545,470.76,489.677,488.858,468.571,429.607,375.538,312.364,248.22,189.502,140.016,101.151,72.307,
108.411,140.335,179.177,224.105,272.765,321.347,365.0,399.115,421.516,432.566,433.182,423.383,401.703,368.015,324.39,275.825,226.73,181.393,142.237,110.053,
145.398,149.544,149.732,146.475,140.469,132.646,124.05,115.871,109.397,105.831,105.719,109.06,115.237,123.131,131.335,138.754,144.29,147.177,146.635,142.261,
84.2,135.209,207.067,301.61,414.795,537.934,659.881,770.607,859.408,912.27,916.326,870.8,787.774,680.416,559.694,435.817,319.838,221.743,146.171,92.092,
82.233,94.447,107.304,120.109,131.952,141.667,148.443,152.012,153.064,152.948,152.725,152.384,150.95,147.166,140.363,130.617,118.855,106.058,93.342,81.207,
140.77,161.043,181.48,200.948,218.275,231.888,240.862,245.28,246.245,245.9,245.76,246.079,244.988,240.584,231.619,218.048,200.956,181.538,161.304,141.175,
149.517,169.328,187.935,204.166,217.319,226.519,231.367,232.416,231.245,229.819,229.704,231.005,232.016,230.845,225.825,216.663,203.499,187.224,168.728,148.916,
42.146,42.74,43.042,43.039,42.697,41.967,40.912,39.667,38.538,37.861,37.894,38.645,39.841,41.185,42.318,43.124,43.548,43.612,43.357,42.861,
148.704,176.66,206.591,237.339,266.994,293.295,313.927,327.59,334.882,337.584,337.535,334.723,327.275,313.362,292.476,265.961,236.236,205.475,175.552,147.579,
57.473,59.435,60.682,61.028,60.575,59.422,57.81,56.011,54.401,53.444,53.444,54.411,56.032,57.884,59.612,60.836,61.377,61.106,59.914,57.955,
85.096,107.474,134.72,166.75,202.307,239.12,273.651,301.905,321.53,331.045,330.958,321.158,301.916,273.714,239.706,203.268,167.787,135.689,108.363,85.871,
37.794,38.196,38.287,38.072,37.572,36.792,35.726,34.615,33.599,33.017,32.998,33.61,34.616,35.759,36.788,37.586,38.088,38.298,38.214,37.803,
106.43,124.214,142.174,159.162,174.26,186.156,194.344,198.549,199.802,199.628,199.324,198.904,197.146,192.403,184.02,171.83,156.773,139.797,122.078,104.504,
77.787,102.376,136.482,182.687,242.635,316.115,398.518,480.668,548.964,588.07,587.377,547.442,479.208,397.735,316.007,242.847,183.124,137.075,103.152,78.662,
174.152,211.128,251.748,295.636,341.176,386.297,426.669,459.855,481.821,492.223,492.204,481.508,459.387,426.331,385.756,341.156,295.595,252.034,211.272,174.479,
182.429,240.631,304.516,366.36,415.574,447.212,467.799,481.449,489.447,493.018,493.104,489.732,481.625,467.942,446.937,414.57,364.789,302.563,238.766,180.647,
35.415,34.718,33.864,32.916,31.81,30.579,29.26,27.917,26.833,26.203,26.198,26.84,27.907,29.244,30.572,31.787,32.868,33.829,34.635,35.303,
16.415,15.378,14.486,13.693,12.957,12.257,11.58,10.966,10.49,10.212,10.216,10.493,10.962,11.584,12.253,12.941,13.652,14.408,15.274,16.262,
29.565,29.64,29.617,29.45,29.077,28.446,27.624,26.728,25.913,25.432,25.429,25.921,26.738,27.663,28.471,29.124,29.52,29.695,29.711,29.662,
67.772,74.613,81.406,87.634,92.466,95.049,94.974,92.928,90.133,88.091,87.739,89.112,91.24,92.829,92.78,90.425,86.047,80.236,73.748,67.068,
147.216,165.76,183.56,199.693,213.441,223.438,229.096,230.241,228.973,227.435,227.622,229.608,231.558,230.792,225.655,215.943,202.526,186.588,168.823,150.075,
95.065,103.73,111.343,117.497,121.733,123.79,123.798,122.274,120.092,118.662,118.772,120.377,122.685,124.466,124.691,122.728,118.752,112.687,105.095,96.44,
134.73,161.028,189.782,219.865,250.13,278.321,302.316,320.007,330.515,334.947,334.973,330.561,320.27,302.616,278.973,250.781,220.583,190.354,161.509,135.218,
107.31,128.348,153.273,182.349,214.533,247.098,276.964,300.544,315.858,323.096,323.603,317.126,302.537,279.292,249.594,216.767,184.482,155.03,129.64,108.21,
100.259,133.375,176.161,229.542,293.188,364.213,436.316,501.064,549.344,574.832,574.468,548.844,500.674,435.784,363.799,292.953,229.469,176.217,133.5,100.449,
157.849,193.145,235.213,284.474,341.291,403.921,468.501,528.243,574.249,599.286,599.15,574.1,527.639,467.961,403.395,340.663,283.926,234.586,192.757,157.487,
219.033,248.347,269.782,281.569,283.912,278.967,269.334,258.005,248.09,242.27,242.262,248.196,258.163,269.552,279.062,283.996,281.499,269.614,248.147,218.758,
165.657,230.081,292.032,344.247,384.763,413.998,432.188,441.59,444.44,444.508,444.965,445.524,443.129,434.849,417.849,390.132,350.376,298.444,235.911,170.133,
71.869,78.776,84.507,88.521,90.582,90.678,89.086,86.505,83.938,82.272,82.276,83.88,86.39,88.946,90.447,90.35,88.249,84.11,78.445,71.538,
61.287,64.855,67.71,69.993,71.507,72.156,71.931,71.039,69.952,69.148,69.142,69.847,70.9,71.684,71.861,71.211,69.677,67.419,64.535,61.084,
97.323,130.4,175.396,235.192,310.253,397.547,490.025,575.242,641.623,677.641,677.929,642.341,576.251,489.97,396.377,308.066,232.323,172.277,127.274,94.56,
81.778,97.856,116.342,137.545,161.68,187.793,214.114,237.447,254.611,263.71,263.65,254.739,237.496,214.407,188.42,162.235,138.074,116.757,98.108,81.891,
93.839,101.694,108.547,113.81,117.192,118.509,117.732,115.519,112.899,111.086,111.018,112.67,115.175,117.285,117.918,116.545,113.133,107.817,101.026,93.188,
62.331,64.79,66.72,68.119,68.77,68.662,67.803,66.353,64.88,63.929,64.02,65.065,66.678,68.228,69.242,69.533,69.013,67.739,65.894,63.526,
114.233,127.103,138.516,147.599,153.747,156.513,156.071,153.294,149.891,147.529,147.581,150.009,153.776,157.239,158.323,156.126,150.19,140.697,128.682,115.203,
89.692,108.085,128.302,149.759,171.079,190.726,207.067,219.093,226.402,229.714,229.815,226.888,219.583,207.889,191.551,171.851,150.593,129.041,108.833,90.169,
130.886,149.848,166.121,178.593,186.534,189.898,189.013,185.193,180.754,177.775,177.729,180.876,185.609,189.776,191.397,189.026,182.1,170.324,154.538,135.544,
107.971,125.062,141.681,156.502,168.858,177.821,183.526,186.387,187.392,187.816,188.243,188.713,188.348,186.063,180.537,171.323,158.592,143.179,126.213,108.695,
144.578,173.95,204.388,234.219,261.928,286.586,306.161,318.672,324.095,324.962,323.908,320.868,313.648,299.948,279.831,254.961,227.106,197.607,167.747,139.196,
151.967,185.508,220.208,254.825,287.61,316.44,339.201,354.171,361.886,364.643,364.456,361.643,353.62,338.275,315.5,286.407,253.544,219.052,184.762,151.489,
144.186,202.382,265.718,326.4,377.805,414.958,435.359,441.488,438.998,433.738,430.907,430.591,428.738,418.601,395.985,358.802,309.016,251.226,191.264,136.355,
28.684,27.746,26.645,25.437,24.165,22.887,21.648,20.523,19.631,19.115,19.105,19.599,20.478,21.594,22.845,24.14,25.431,26.673,27.802,28.77,
116.058,133.184,150.572,167.111,181.657,193.084,200.545,204.091,204.832,204.358,204.12,204.319,203.394,199.663,192.094,180.6,166.182,149.759,132.632,115.643,
135.34,167.877,204.141,242.864,281.815,318.691,350.115,373.704,388.71,396.031,396.623,390.436,376.433,353.621,322.754,286.498,247.439,208.742,172.226,139.344,
176.653,221.924,269.097,314.842,356.039,389.854,414.724,430.709,439.225,442.09,441.419,437.544,428.302,411.483,385.86,351.447,310.19,264.508,217.927,173.302,
96.035,111.758,126.346,138.327,146.704,150.896,151.335,148.852,145.673,143.381,143.329,145.514,148.759,151.062,150.83,146.609,138.235,126.236,111.722,95.906,
85.106,94.388,102.958,110.065,115.261,118.181,118.868,117.687,115.883,114.453,114.36,115.713,117.544,118.603,117.972,115.051,109.847,102.782,94.399,85.111,
109.362,126.879,144.933,162.447,178.236,190.825,199.434,204.063,205.618,205.799,205.855,205.788,204.284,199.765,191.144,178.624,162.981,145.489,127.513,110.031,
141.703,167.074,192.62,216.61,237.351,252.964,262.451,266.173,266.076,264.698,264.737,265.965,265.95,262.204,252.434,236.641,215.807,191.862,166.344,141.061,
126.633,161.977,202.97,248.375,295.802,341.452,381.086,410.76,429.518,438.237,438.513,430.533,412.55,383.53,344.619,299.404,252.061,206.439,165.011,129.214,
171.974,197.826,219.863,237.062,249.042,256.186,259.029,258.302,255.914,253.775,253.576,255.495,257.684,258.267,255.308,248.061,235.845,218.445,196.393,170.598,
86.807,100.332,114.719,129.506,144.504,158.742,171.453,181.817,189.054,192.749,193.006,189.66,182.644,172.324,159.751,145.509,130.472,115.636,101.268,87.562,
69.082,95.827,134.854,190.04,264.828,358.239,464.3,568.278,653.231,701.743,702.407,655.085,570.979,467.485,362.055,268.202,193.272,137.378,97.853,70.63,
99.345,113.02,126.633,139.275,150.044,158.13,163.064,164.969,165.005,164.659,165.14,166.38,167.142,165.923,161.541,153.824,143.182,130.524,116.754,102.719,
58.519,61.854,64.857,67.328,69.099,69.881,69.681,68.726,67.483,66.551,66.455,67.175,68.299,69.11,69.207,68.327,66.514,64.03,61.088,57.803,
108.3,122.86,137.163,150.508,161.989,170.244,174.792,175.76,174.638,173.195,173.15,174.539,175.712,174.835,170.425,162.206,150.941,137.746,123.577,109.141,
101.154,109.769,117.363,123.446,127.637,129.742,129.693,128.067,125.944,124.555,124.802,126.679,129.379,131.557,132.197,130.683,126.843,120.925,113.347,104.466,
105.284,121.732,138.514,154.672,169.45,181.507,190.233,195.233,197.06,197.286,196.951,196.095,193.602,187.984,178.798,166.298,151.188,134.634,117.705,101.192,
132.32,158.35,186.278,214.781,241.722,264.812,282.299,293.363,298.821,300.656,300.779,299.07,293.584,282.688,265.188,242.084,215.155,186.706,158.793,132.859,
102.596,113.509,123.282,131.304,137.232,140.495,140.965,139.19,136.545,134.609,134.622,136.537,139.175,140.893,140.341,137.027,131.103,123.092,113.443,102.722,
101.1,107.71,112.747,116.098,117.677,117.456,115.64,112.913,110.095,108.265,108.239,109.962,112.673,115.293,116.912,116.98,115.147,111.572,106.289,99.51,
154.183,199.754,248.278,301.614,363.258,436.459,517.129,594.725,656.588,691.246,692.191,659.327,598.729,521.64,441.126,367.801,304.874,250.664,200.972,154.583,
150.921,176.873,202.04,225.038,244.78,260.034,269.88,274.608,275.497,275.242,275.401,276.25,275.677,271.296,261.7,246.578,227.087,204.294,179.144,153.33,
50.834,50.979,50.584,49.603,48.045,45.992,43.627,41.325,39.448,38.353,38.366,39.435,41.314,43.63,46.035,48.143,49.679,50.669,51.067,50.864,
103.234,117.389,131.531,145.001,157.07,166.721,173.299,176.68,177.571,177.346,177.136,176.752,175.44,171.648,164.761,154.798,142.711,129.152,114.978,100.905,
34.407,34.027,33.373,32.462,31.315,30.022,28.606,27.257,26.163,25.536,25.544,26.186,27.289,28.658,30.044,31.364,32.464,33.357,33.979,34.336,
74.101,79.525,83.73,86.745,88.26,88.545,87.514,85.76,83.783,82.538,82.556,83.789,85.73,87.547,88.515,88.214,86.66,83.659,79.456,74.137,
85.179,102.062,121.273,143.124,167.474,193.076,218.337,240.806,257.732,266.673,266.169,256.695,239.354,216.727,191.372,165.668,141.448,119.414,100.2,83.398,
96.417,130.054,168.645,209.758,249.995,285.862,315.233,336.224,349.894,356.465,357.675,353.406,342.207,322.573,294.352,258.15,216.917,174.416,134.419,99.905,
73.382,74.143,73.769,72.471,70.324,67.467,64.228,60.948,58.25,56.701,56.719,58.243,60.919,64.134,67.346,70.137,72.242,73.474,73.731,72.823,
89.227,110.697,134.073,158.44,182.378,204.087,222.018,235.507,243.809,246.688,245.623,241.512,233.322,220.362,202.582,181.097,157.133,132.941,109.802,88.639,
89.807,91.891,92.407,91.537,89.541,86.538,82.885,79.105,75.881,74.06,74.07,75.937,79.043,82.776,86.337,89.262,91.193,91.974,91.352,89.154,
16.844,15.284,13.899,12.741,11.821,11.09,10.463,9.91,9.475,9.229,9.227,9.47,9.905,10.451,11.053,11.774,12.651,13.77,15.107,16.637,
148.818,172.476,194.369,213.554,229.628,241.303,247.884,249.977,248.956,247.641,247.893,249.928,251.514,250.269,244.397,233.31,218.003,199.133,177.625,154.097,
95.012,114.501,136.239,158.552,179.244,195.757,206.078,210.229,210.025,208.898,208.908,210.204,210.309,206.393,196.199,179.838,159.377,137.366,116.306,97.403,
106.423,131.154,158.31,186.519,213.276,236.253,253.113,263.119,267.183,268.307,268.415,267.648,263.888,254.238,237.651,214.673,187.659,159.389,131.927,107.096,
80.968,88.133,94.683,100.35,104.755,107.407,108.312,107.683,106.368,105.386,105.526,106.643,108.075,108.652,107.838,105.071,100.578,94.769,88.042,80.757,
75.443,83.419,90.964,97.64,102.965,106.534,108.097,107.974,106.851,105.894,105.747,106.512,107.358,107.349,105.732,102.179,96.923,90.306,82.912,75.016,
95.867,105.95,115.089,123.137,129.437,133.747,136.052,136.463,136.078,136.74,136.262,136.775,137.875,138.01,136.05,131.929,125.564,117.436,107.9,97.458,
52.392,57.052,61.56,65.59,68.748,70.778,71.556,71.313,70.484,69.82,69.733,70.187,70.738,70.786,69.904,67.833,64.659,60.679,56.255,51.68,
53.545,52.648,51.184,49.242,46.918,44.325,41.599,39.038,37.026,35.881,35.895,37.047,39.082,41.641,44.356,46.952,49.25,51.198,52.676,53.554,
94.854,103.757,111.701,118.263,123.278,126.39,127.665,127.255,126.145,125.134,124.98,125.886,126.883,127.124,125.745,122.526,117.633,111.047,103.17,94.174,
45.611,46.547,47.053,47.147,46.719,45.846,44.545,43.066,41.712,40.926,40.934,41.777,43.158,44.703,46.06,47.029,47.494,47.497,47.091,46.249,
116.876,136.469,155.689,173.124,187.081,196.512,200.783,200.75,198.418,196.395,196.427,198.64,201.256,201.443,197.474,188.274,174.308,156.915,137.558,117.836,
79.643,79.461,77.563,74.285,70.002,65.531,61.329,57.836,55.268,53.888,53.939,55.319,57.93,61.503,65.87,70.545,75.009,78.441,80.451,80.708,
108.609,132.075,157.742,184.584,210.559,233.123,249.987,260.602,265.633,267.604,268.417,268.05,264.481,254.841,238.222,215.661,189.257,161.758,135.155,111.099,
104.133,121.042,138.962,156.885,173.638,187.53,196.93,201.576,202.492,202.227,202.452,202.918,202.051,197.253,187.277,173.03,155.836,137.486,119.44,102.398,
87.409,107.955,130.329,153.316,175.329,194.907,210.68,221.495,227.587,229.825,229.455,226.479,220.009,209.136,193.629,174.376,152.664,130.024,107.975,87.564,
127.434,177.372,232.94,289.059,341.957,390.432,434.239,472.007,499.842,514.574,514.932,500.945,473.41,435.801,391.737,343.619,291.171,235.566,180.346,130.505,
154.239,180.719,209.698,241.166,273.727,305.037,331.886,351.604,363.434,368.39,368.139,362.491,350.292,330.838,304.243,273.293,241.246,210.179,181.383,155.062,
93.573,96.947,98.811,99.178,98.047,95.587,92.123,88.329,84.991,83.013,83.004,84.901,88.183,91.908,95.25,97.655,98.708,98.29,96.339,92.866,
172.467,191.754,206.453,215.835,220.414,220.293,216.267,209.738,202.907,198.619,198.723,203.096,210.096,216.793,221.148,221.476,217.011,207.672,193.053,173.712,
65.643,73.633,81.633,89.123,95.584,100.531,103.545,104.812,104.822,104.584,104.656,105.225,105.508,104.451,101.481,96.631,90.091,82.514,74.436,66.203,
108.946,128.345,147.316,164.52,178.596,188.675,194.316,196.03,195.361,194.288,194.201,195.268,195.841,194.032,188.408,178.356,164.414,147.453,128.779,109.512,
103.507,115.962,126.93,135.943,142.209,145.647,146.427,145.147,142.916,141.348,141.496,143.238,145.379,146.799,146.319,143.082,136.882,128.194,117.339,104.891,
75.004,81.556,87.454,92.833,97.047,99.962,101.3,101.288,100.51,99.797,99.758,100.497,101.282,101.239,99.805,96.945,92.732,87.425,81.463,75.057,
92.732,104.168,115.03,124.769,133.006,138.987,142.628,143.991,143.882,143.325,143.383,143.91,144.101,142.75,139.132,133.146,125.045,115.243,104.471,93.143,
155.506,197.583,238.336,271.472,292.624,302.356,304.848,303.248,299.564,296.345,296.101,299.013,302.581,303.824,300.864,290.729,269.218,235.858,195.125,153.198,
193.531,248.352,315.74,396.675,491.165,594.897,700.077,793.964,863.356,898.43,896.341,858.022,785.953,690.878,586.201,483.385,390.658,311.354,245.473,191.73,
138.521,177.949,224.74,278.51,336.756,395.199,447.97,489.894,517.813,531.234,530.786,516.721,488.222,446.548,394.293,336.715,279.367,226.383,180.038,140.742,
79.844,84.839,88.513,90.758,91.36,90.444,88.271,85.397,82.675,81.03,81.025,82.723,85.491,88.404,90.622,91.586,91.009,88.817,85.149,80.15,
97.293,101.949,102.588,99.702,94.454,88.196,82.015,76.633,72.657,70.546,70.709,73.17,77.69,83.847,91.079,98.578,105.065,108.853,108.396,103.406,
27.111,26.701,26.129,25.425,24.576,23.606,22.529,21.476,20.597,20.091,20.092,20.597,21.474,22.527,23.6,24.583,25.416,26.115,26.667,27.072,
145.341,179.376,220.917,270.558,327.79,389.011,448.418,498.409,532.586,549.094,549.133,533.002,499.119,449.676,390.724,329.577,272.466,222.521,180.75,146.366,
123.004,129.985,134.508,136.488,135.979,133.058,128.129,122.108,116.569,113.304,113.283,116.615,122.175,128.179,133.161,136.217,136.893,134.972,130.536,123.614,
91.758,109.031,127.515,146.364,164.344,180.13,192.345,200.332,204.165,205.239,204.742,202.799,198.316,190.058,177.783,162.226,144.533,126.011,107.794,90.768,
96.626,106.686,116.232,124.84,132.007,137.142,139.988,140.71,140.057,139.284,139.29,140.17,140.942,140.328,137.502,132.378,125.267,116.604,107.027,96.946,
53.402,52.443,50.86,48.723,46.198,43.36,40.442,37.738,35.611,34.434,34.427,35.56,37.663,40.321,43.217,46.04,48.582,50.707,52.314,53.309,
100.141,117.204,134.868,152.083,167.632,180.479,189.586,194.853,196.968,197.412,197.631,197.433,195.551,190.527,181.495,168.613,152.783,135.352,117.516,100.127,
117.558,144.805,175.841,209.56,244.325,277.378,305.926,327.696,341.56,347.921,348.024,341.944,328.435,306.784,278.365,245.315,210.613,176.779,145.738,118.376,
160.055,198.656,247.162,306.727,377.071,454.89,534.023,605.292,659.101,688.012,688.384,660.751,607.587,536.416,457.342,379.218,308.739,249.14,200.655,162.038,
20.321,20.19,19.963,19.626,19.159,18.566,17.943,17.368,16.967,16.804,16.869,17.125,17.529,18.059,18.622,19.144,19.564,19.852,20.027,20.104,
81.054,106.453,138.405,176.807,220.85,268.286,315.27,356.626,387.175,403.926,404.267,388.206,357.975,317.218,270.762,223.489,179.407,140.751,108.615,82.85,
103.918,139.367,184.966,240.854,304.751,371.618,434.135,484.861,519.226,535.884,535.526,518.253,483.524,432.315,369.311,302.19,237.983,182.175,136.694,101.584,
174.212,273.596,395.042,518.538,620.59,684.984,708.638,700.894,679.648,662.687,661.892,677.314,697.747,705.254,682.466,619.134,517.688,394.701,273.267,173.703,
164.28,187.613,207.438,221.916,229.752,230.598,225.432,216.292,206.445,199.711,198.941,204.129,212.563,220.312,224.583,223.192,215.42,201.612,182.725,160.448,
62.905,63.198,62.748,61.623,59.821,57.467,54.825,52.167,50.001,48.754,48.728,49.948,52.1,54.731,57.386,59.714,61.493,62.603,62.996,62.647,
82.653,94.313,106.384,118.32,128.976,137.512,143.187,145.933,146.39,146.076,146.224,146.585,146.136,143.425,137.694,128.946,118.003,106.01,93.798,82.029,
75.823,87.761,100.24,112.676,124.125,133.985,141.204,145.693,147.611,148.067,147.87,147.071,144.704,140.117,132.675,122.901,111.489,99.21,86.88,75.036,
174.653,205.304,237.36,269.509,299.784,325.811,345.593,358.067,364.271,366.438,366.74,365.056,359.266,346.97,327.307,301.235,270.899,238.754,206.654,176.001,
139.863,175.831,216.091,258.901,302.106,342.304,376.304,401.215,416.507,423.419,423.911,417.614,403.02,378.699,345.375,305.55,262.535,219.648,179.374,143.303,
98.121,110.188,121.716,132.299,141.165,147.697,151.389,152.457,151.925,151.196,151.333,152.371,153.082,152.061,148.408,141.864,132.874,122.151,110.349,98.051,
64.95,90.573,125.341,170.261,225.336,288.003,353.145,413.371,460.216,486.251,487.075,462.009,415.653,355.52,289.732,226.491,171.216,126.188,91.346,65.668,
129.567,145.16,160.337,174.468,186.841,196.394,202.608,205.434,205.844,205.36,205.312,205.769,205.408,202.535,196.38,186.898,174.665,160.593,145.471,129.814,
142.422,167.93,193.563,218.28,240.963,260.102,274.029,282.328,285.669,286.563,286.792,286.636,283.98,276.548,263.125,244.366,221.765,196.979,171.214,145.289,
6.531,5.708,5.075,4.58,4.177,3.842,3.559,3.33,3.157,3.067,3.065,3.157,3.326,3.557,3.835,4.168,4.569,5.067,5.701,6.527,
85.535,96.55,107.039,116.399,124.186,129.673,132.836,133.816,133.416,132.759,132.75,133.39,133.768,132.793,129.552,124.08,116.344,106.996,96.559,85.553,
37.583,35.882,34.116,32.401,30.725,29.118,27.618,26.284,25.246,24.65,24.645,25.229,26.293,27.637,29.157,30.774,32.462,34.166,35.878,37.518,
256.476,333.815,410.273,477.722,528.554,559.495,571.839,570.322,562.407,555.37,554.977,561.133,568.064,568.039,554.059,522.219,470.886,403.855,328.182,251.899,
108.71,125.456,141.539,155.829,167.723,176.226,181.105,182.535,181.815,180.774,180.778,181.917,182.696,181.295,176.565,168.168,156.473,142.338,126.596,110.024,
210.01,274.336,331.134,372.41,394.046,399.03,393.212,382.359,371.351,364.541,364.74,372.157,383.866,395.196,401.421,396.942,375.159,333.966,276.543,211.779,
94.865,119.195,148.326,182.541,220.828,261.412,301.06,335.56,361.164,374.594,374.545,361.081,335.605,301.24,261.504,221.068,182.646,148.441,119.089,94.673,
115.59,137.344,160.382,183.425,205.075,223.253,236.696,244.827,248.608,249.931,250.557,250.268,247.671,240.463,227.878,210.076,188.653,165.401,141.898,119.644,
178.981,234.553,291.014,342.373,384.426,415.472,436.098,446.877,449.919,449.136,448.886,449.469,446.624,436.115,415.802,384.48,342.039,290.177,233.02,176.975,
12.548,11.507,10.655,9.924,9.271,8.667,8.119,7.641,7.286,7.089,7.088,7.287,7.657,8.138,8.697,9.31,9.985,10.729,11.604,12.651,
71.931,72.856,72.639,71.331,69.054,66.064,62.689,59.356,56.715,55.217,55.23,56.703,59.375,62.669,66.065,69.036,71.248,72.516,72.689,71.735,
69.521,80.442,91.194,101.096,109.282,115.155,118.465,119.533,119.176,118.564,118.705,119.536,120.138,119.418,116.258,110.656,102.698,92.943,82.218,71.365,
85.799,104.673,126.07,149.43,173.532,196.131,215.4,229.164,237.267,240.826,240.875,237.581,229.527,215.633,196.35,173.408,149.31,125.755,104.309,85.555,
97.644,106.301,113.462,118.77,122.054,123.364,122.811,121.106,119.042,117.669,117.653,119.142,121.222,122.972,123.572,122.346,119.145,114.006,107.024,98.404,
126.134,150.885,176.567,202.275,226.405,247.349,263.207,273.674,279.087,280.907,280.715,278.442,272.507,261.891,245.454,224.346,200.268,174.618,148.858,124.443,
72.791,78.591,83.272,86.377,87.626,86.965,84.875,81.997,79.277,77.539,77.537,79.183,81.955,84.893,87.123,87.911,86.894,83.948,79.384,73.642,
71.535,77.993,84.134,89.737,94.371,97.688,99.444,99.728,99.189,98.569,98.619,99.257,99.906,99.589,97.811,94.398,89.747,84.078,77.856,71.337,
95.553,105.762,115.257,123.69,130.582,135.594,138.179,138.805,138.025,137.149,136.766,137.11,137.26,136.347,133.48,128.554,121.653,113.243,103.735,93.54,
164.708,244.258,344.214,460.067,580.924,691.511,777.065,830.591,856.5,864.964,864.56,854.59,827.798,773.015,686.911,576.023,455.073,339.66,240.416,161.581,
144.074,176.734,207.241,232.928,251.523,262.067,265.957,264.865,261.961,259.54,259.873,262.917,266.526,267.778,263.911,252.744,233.503,207.247,176.29,143.585,
77.827,90.344,103.158,115.405,126.185,134.462,139.761,142.255,142.673,142.372,142.472,142.972,142.844,140.714,135.603,127.364,116.696,104.428,91.48,78.845,
19.424,18.867,18.361,17.823,17.205,16.489,15.708,14.947,14.322,13.973,13.97,14.323,14.941,15.692,16.453,17.138,17.734,18.259,18.763,19.336,
4.134,3.787,3.547,3.381,3.252,3.136,3.018,2.902,2.802,2.743,2.742,2.8,2.9,3.02,3.143,3.267,3.406,3.581,3.835,4.203,
108.479,141.357,179.585,221.722,266.183,309.613,349.072,380.589,401.845,412.042,411.901,401.228,379.638,347.857,308.686,265.065,220.838,178.859,140.975,108.169,
118.626,151.291,186.354,221.612,254.289,281.626,301.318,312.761,317.573,318.682,318.721,317.706,313.005,301.651,282.008,254.717,221.973,186.547,151.335,118.449,
86.972,94.91,102.069,107.972,112.213,114.478,114.757,113.478,111.545,110.149,110.098,111.394,113.221,114.385,113.979,111.642,107.319,101.324,94.101,86.036,
104.322,118.445,132.076,144.301,154.147,160.799,163.986,164.161,162.663,161.285,161.277,162.624,164.046,163.809,160.538,153.761,143.789,131.416,117.661,103.426,
143.721,175.366,208.109,240.176,270.65,298.083,321.129,338.515,349.83,354.999,354.904,349.496,338.278,320.998,298.022,270.8,240.507,208.465,175.796,144.219,
138.885,163.287,188.947,215.447,241.641,266.089,286.416,301.177,309.922,313.937,314.525,311.502,303.655,289.588,269.414,244.902,218.259,191.225,164.956,139.869,
121.988,144.353,168.313,192.876,216.384,236.753,252.294,262.098,266.828,268.225,267.975,266.051,260.911,250.748,234.779,214.073,190.403,165.635,141.619,119.257,
147.233,196.506,249.684,310.771,385.813,476.293,574.882,666.311,735.679,772.306,771.607,733.471,663.086,571.371,472.626,381.917,307.118,246.625,193.957,145.352,
101.671,112.002,121.608,130.008,136.519,140.612,142.158,141.491,139.699,138.224,138.16,139.484,141.128,141.653,139.986,135.687,129.098,120.637,111.011,100.696,
44.422,43.755,42.822,41.752,40.531,39.173,37.727,36.293,35.083,34.39,34.396,35.11,36.322,37.754,39.233,40.561,41.783,42.896,43.815,44.469,
108.284,123.977,138.694,151.677,162.077,169.321,173.136,173.953,173.012,172.007,172.043,173.1,174.098,173.339,169.571,162.383,151.888,138.905,124.157,108.452,
121.812,139.968,157.852,174.247,187.916,197.718,203.039,204.42,203.327,202.084,202.267,203.919,205.304,204.377,199.339,189.783,176.17,159.691,141.667,123.314,
138.071,178.036,228.034,289.35,361.529,441.693,523.572,596.321,649.754,676.94,676.82,649.603,596.618,524.256,442.635,362.494,290.519,229.329,179.368,139.401,
70.52,77.319,83.45,88.599,92.422,94.682,95.387,94.84,93.675,92.836,92.93,93.925,95.227,95.897,95.265,93.036,89.223,84.047,77.916,71.13,
207.691,237.103,259.663,273.378,278.155,275.269,267.256,256.874,247.142,241.236,241.166,246.861,256.533,266.97,275.167,278.279,273.837,260.338,237.851,208.35,
84.856,101.235,119.25,138.329,157.19,174.501,188.583,198.498,204.183,206.375,206.274,203.81,197.89,187.739,173.503,156.197,137.345,118.359,100.352,84.122,
76.423,86.797,97.248,107.215,116.047,122.982,127.545,129.77,130.224,130.059,129.978,130.039,129.459,127.185,122.506,115.572,106.781,96.879,86.466,76.209,
144.807,182.014,222.299,263.172,301.963,335.957,362.898,381.639,392.367,396.973,397.004,392.653,382.113,363.482,336.908,303.097,264.451,223.515,183.352,146.042,
100.538,124.251,151.68,181.372,211.006,237.156,256.859,268.737,273.792,274.986,274.985,273.664,268.51,256.645,236.973,210.929,181.519,151.965,124.617,100.848,
91.254,104.74,118.091,130.67,141.805,150.701,156.863,160.251,161.5,161.582,161.559,161.331,159.987,156.508,150.198,141.133,129.883,117.202,103.785,90.222,
19.537,18.61,17.681,16.78,15.926,15.12,14.335,13.62,13.045,12.721,12.728,13.045,13.619,14.334,15.117,15.931,16.779,17.679,18.614,19.532,
100.003,106.46,111.925,116.181,118.952,120.011,119.406,117.478,115.273,113.792,113.851,115.463,117.815,119.853,120.656,119.74,117.022,112.805,107.281,100.673,
128.004,156.036,186.558,219.436,253.815,288.182,319.61,344.825,361.59,369.306,368.873,360.353,342.98,317.372,285.652,251.184,216.889,184.117,153.771,126.011,
91.46,99.835,107.438,113.729,118.27,120.71,121.108,119.995,118.365,117.254,117.527,119.155,121.347,123.022,123.104,121.048,116.748,110.528,102.931,94.415,
36.02,39.177,40.782,39.413,34.921,28.912,23.486,19.772,17.765,16.958,16.905,17.628,19.578,23.183,28.45,34.267,38.603,39.934,38.397,35.384,
111.0,134.303,159.74,186.482,213.094,237.541,257.905,272.544,281.017,284.595,284.637,281.099,272.616,257.944,237.355,212.737,186.109,159.332,133.82,110.564,
79.915,85.599,90.013,92.995,94.554,94.559,93.265,91.148,88.967,87.602,87.591,89.045,91.221,93.334,94.637,94.661,93.118,90.132,85.694,80.069,
81.545,91.898,102.318,112.18,120.686,127.112,130.932,132.248,131.92,131.253,131.248,131.882,132.173,130.814,127.089,120.716,112.287,102.46,92.088,81.731,
91.291,115.485,144.049,176.511,211.713,247.913,282.064,311.017,331.645,342.37,342.449,331.949,311.369,282.508,248.275,212.018,176.656,144.104,115.491,91.257,
81.392,114.287,155.0,201.895,251.699,299.585,339.851,369.009,385.932,393.24,393.303,386.117,369.23,340.101,299.563,251.547,201.605,154.592,113.921,81.123,
70.866,81.705,92.721,103.284,112.581,119.858,124.714,127.076,127.747,127.646,127.795,128.051,127.522,125.175,120.358,113.026,103.516,92.864,81.761,70.844,
170.324,260.244,369.298,486.673,601.11,705.777,797.004,870.801,923.005,949.687,950.385,925.185,874.962,803.195,713.851,610.096,495.659,377.313,266.475,174.613,
76.377,82.45,87.93,92.185,94.607,94.875,93.079,90.042,86.859,84.801,84.692,86.501,89.347,91.994,93.396,92.859,90.397,86.308,81.139,75.373,
123.54,145.421,167.429,188.06,205.625,218.602,226.175,228.772,228.145,226.783,226.578,227.54,227.86,225.11,217.525,204.665,187.302,166.892,145.07,123.351,
165.259,190.941,216.661,241.193,263.04,280.622,292.795,299.506,301.847,302.056,301.884,301.391,298.777,291.9,279.568,261.915,240.063,215.618,190.09,164.64,
92.683,118.692,149.913,185.167,222.417,258.646,289.994,313.401,327.348,333.335,333.324,327.467,313.721,290.418,259.11,222.926,185.673,150.328,119.002,92.746,
73.992,84.24,94.258,103.371,110.891,116.136,118.879,119.465,118.802,118.146,118.319,119.373,120.33,119.903,117.187,111.848,104.231,94.903,84.658,74.245,
121.282,140.084,157.784,173.511,186.177,195.19,200.184,201.721,201.243,200.412,200.574,201.74,202.663,201.591,197.0,188.432,175.928,160.139,142.117,122.906,
87.413,94.676,100.839,105.443,108.117,108.687,107.42,104.925,102.228,100.487,100.482,102.178,104.842,107.277,108.529,107.912,105.192,100.571,94.356,87.032,
112.264,130.07,148.209,165.668,180.946,192.593,199.626,202.243,201.879,200.774,200.695,201.421,201.478,198.652,191.387,179.689,164.317,146.929,128.854,111.179,
157.641,192.16,226.51,259.013,288.753,314.511,334.994,348.594,356.119,358.788,358.543,355.552,348.09,334.311,314.304,288.818,259.624,227.43,193.486,158.982,
151.178,181.69,213.662,245.976,277.169,305.145,327.751,343.389,352.035,355.262,355.246,351.732,342.958,327.004,304.219,276.054,244.617,212.058,179.932,149.391,
27.663,27.174,26.627,25.978,25.178,24.222,23.135,22.047,21.136,20.61,20.608,21.128,22.023,23.1,24.175,25.12,25.895,26.514,27.029,27.49,
43.481,46.665,50.047,53.073,54.842,54.483,51.935,48.067,44.287,41.938,41.815,43.966,47.648,51.588,54.31,54.899,53.331,50.336,46.902,43.606,
103.42,114.891,125.119,133.616,140.076,143.8,144.604,143.051,140.427,138.524,138.487,140.32,142.846,144.289,143.389,139.471,132.944,124.268,113.925,102.442,
90.534,119.601,156.203,200.201,249.596,300.472,347.541,385.506,411.177,423.943,424.027,411.477,385.876,348.032,300.795,249.573,199.863,155.576,118.696,89.41,
184.769,216.481,248.808,280.422,309.899,335.365,355.212,368.485,375.481,378.102,377.893,375.2,368.021,354.561,334.45,308.788,279.22,247.448,215.094,183.392,
80.708,84.669,87.453,88.905,88.974,87.739,85.358,82.418,79.664,78.007,78.007,79.671,82.417,85.395,87.763,89.037,88.924,87.434,84.644,80.753,
141.586,185.1,235.437,294.024,363.019,444.585,537.216,632.131,712.082,758.899,760.675,716.912,638.507,544.106,450.901,368.273,298.194,238.533,187.418,143.291,
62.043,62.821,62.585,61.493,59.691,57.356,54.701,52.082,49.932,48.731,48.75,50.043,52.26,54.95,57.642,60.046,61.894,63.028,63.303,62.546,
130.123,147.8,164.745,180.038,192.831,202.356,207.999,209.968,209.576,208.419,208.093,208.54,208.31,205.771,199.682,189.753,176.656,161.277,144.366,126.865,
115.792,139.702,164.515,188.493,209.694,226.081,236.413,240.956,241.515,240.689,240.771,241.454,240.95,236.433,226.045,209.638,188.429,164.432,139.638,115.796,
98.095,109.115,119.714,129.104,136.498,141.314,143.365,143.047,141.511,140.117,139.979,141.098,142.458,142.599,140.469,135.636,128.253,118.867,108.306,97.307,
203.355,244.601,287.453,329.934,369.568,403.149,428.158,443.555,450.507,452.506,452.661,450.792,444.026,428.81,403.754,370.223,330.652,287.972,245.077,203.62,
189.688,244.89,299.892,350.416,393.412,426.458,448.469,459.915,463.561,463.941,464.573,465.542,463.117,452.868,431.99,399.697,356.746,305.804,249.782,193.394,
157.064,209.1,267.596,327.381,381.705,424.594,452.925,468.094,473.973,475.469,475.574,474.108,468.169,452.774,423.977,380.664,326.583,267.134,209.205,157.498,
158.649,186.462,208.904,223.532,229.53,228.226,222.047,213.621,205.91,201.351,201.526,206.492,214.64,223.415,230.145,231.793,226.012,211.487,188.897,160.808,
163.376,222.446,290.908,367.803,452.487,545.303,644.423,740.933,819.287,863.559,862.662,817.1,737.191,639.811,539.928,446.964,362.754,286.555,218.811,160.395,
80.097,85.006,88.846,91.499,92.983,93.269,92.426,90.773,88.995,87.85,87.868,89.1,90.92,92.606,93.497,93.309,91.931,89.425,85.778,80.996,
82.475,93.298,104.178,114.495,123.631,130.847,135.707,138.213,138.914,138.88,138.927,139.01,138.358,135.9,131.072,123.832,114.717,104.351,93.478,82.623,
115.347,142.801,173.952,207.661,241.841,273.46,299.718,318.317,329.192,333.832,333.91,329.423,318.567,300.054,273.794,242.166,207.93,174.053,142.763,115.263,
37.578,36.986,36.128,35.091,33.917,32.646,31.264,29.903,28.764,28.1,28.093,28.746,29.896,31.242,32.621,33.914,35.098,36.134,37.001,37.595,
106.722,129.195,153.451,178.613,203.318,225.81,244.385,257.877,265.974,269.632,269.642,266.036,257.878,244.468,225.74,203.18,178.367,153.061,128.596,106.067,
125.203,164.574,211.73,265.55,323.752,382.399,436.307,480.314,510.13,524.57,523.972,508.447,477.54,432.815,378.241,319.478,261.483,207.959,161.233,122.307,
140.113,167.833,197.081,226.53,254.179,277.717,295.223,305.964,310.816,312.218,311.915,310.188,304.994,294.047,276.425,252.959,225.533,196.323,167.391,139.92,
168.437,191.053,211.603,229.267,243.319,252.711,257.069,257.138,254.632,252.315,252.128,254.06,256.246,255.997,251.516,242.049,227.949,210.105,189.316,166.445,
118.12,136.006,153.934,171.496,187.605,200.887,210.332,215.375,217.096,217.083,217.057,216.996,215.299,210.217,200.78,187.436,171.217,153.512,135.366,117.278,
58.961,57.174,54.752,51.933,48.931,45.888,42.911,40.263,38.218,37.092,37.096,38.227,40.278,42.944,45.924,48.987,52.0,54.822,57.257,59.03,
47.175,49.584,51.463,52.74,53.354,53.29,52.608,51.519,50.379,49.666,49.683,50.455,51.657,52.796,53.532,53.621,53.005,51.68,49.722,47.235,
149.591,176.864,206.042,236.069,265.814,293.309,316.452,333.248,343.302,347.618,347.589,343.013,332.73,315.564,292.221,264.595,234.677,204.499,175.342,148.12,
133.664,167.012,204.543,244.625,284.503,320.679,349.76,369.444,380.375,384.628,384.575,380.273,369.295,349.289,319.832,283.188,242.925,202.674,165.165,131.949,
204.047,251.784,301.346,350.788,397.859,438.706,469.317,487.462,494.947,496.466,496.228,494.246,486.324,467.69,436.715,395.646,348.64,299.308,249.783,202.327,
26.464,25.019,23.705,22.472,21.264,20.061,18.886,17.82,16.983,16.515,16.521,16.988,17.833,18.902,20.08,21.288,22.503,23.741,25.059,26.507,
97.395,111.877,127.694,144.183,160.498,175.258,186.928,194.818,198.892,200.511,200.63,199.302,195.277,187.556,175.746,160.955,144.506,127.841,111.921,97.309,
96.316,106.544,115.858,123.823,129.911,133.859,135.426,135.175,133.885,132.86,132.913,134.21,135.71,136.285,134.951,131.295,125.46,117.743,108.642,98.519,
58.124,61.349,64.29,66.74,68.541,69.519,69.683,69.136,68.303,67.693,67.678,68.248,69.034,69.542,69.349,68.31,66.473,63.964,60.984,57.724,
100.407,110.511,119.597,127.36,133.324,136.981,138.183,137.169,135.164,133.643,133.693,135.354,137.445,138.534,137.48,133.89,128.048,120.361,111.288,101.178,
143.364,155.535,166.041,174.18,179.236,180.906,179.412,175.887,171.909,169.243,169.175,171.639,175.511,178.941,180.311,178.554,173.395,165.173,154.599,142.372,
57.471,59.177,60.027,60.062,59.247,57.733,55.727,53.534,51.629,50.508,50.492,51.616,53.512,55.679,57.683,59.167,59.955,59.935,59.087,57.396,
14.292,12.995,11.882,10.963,10.217,9.582,9.02,8.526,8.14,7.921,7.92,8.136,8.517,9.009,9.558,10.174,10.9,11.784,12.851,14.108,
51.77,50.902,49.533,47.761,45.728,43.49,41.185,39.023,37.284,36.325,36.32,37.319,39.076,41.273,43.63,45.935,48.065,49.947,51.455,52.448,
37.799,37.244,36.373,35.25,33.957,32.56,31.115,29.749,28.618,27.972,27.959,28.619,29.76,31.141,32.608,34.042,35.369,36.55,37.463,38.05,
132.106,157.432,182.475,206.166,227.394,244.826,257.419,264.934,268.243,269.153,269.082,268.193,264.855,257.251,244.551,227.027,205.711,181.973,156.837,131.431,
101.333,132.326,171.957,221.264,280.083,346.516,415.144,478.423,527.166,553.896,554.498,528.755,480.631,417.794,348.984,282.468,223.262,173.658,133.799,102.622,
27.221,25.315,23.685,22.299,21.088,19.989,18.972,18.045,17.312,16.898,16.904,17.312,18.047,18.977,20.009,21.122,22.339,23.734,25.369,27.285,
95.641,104.282,111.293,116.508,119.692,120.736,119.731,117.315,114.443,112.689,112.845,115.068,118.22,120.947,122.145,121.24,118.062,112.836,105.744,97.018,
13.842,13.006,12.093,11.143,10.217,9.351,8.602,7.996,7.574,7.351,7.355,7.59,8.02,8.631,9.396,10.282,11.244,12.226,13.164,14.037,
202.371,269.22,329.459,369.994,384.743,377.984,359.132,336.685,317.355,306.329,306.765,318.655,338.814,362.496,382.424,389.762,374.557,332.657,270.951,203.177,
113.592,146.931,185.789,228.768,273.279,315.858,352.499,380.214,397.748,406.026,406.558,399.427,382.849,355.916,319.679,277.201,232.368,188.883,149.358,115.458,
107.936,127.631,148.183,168.302,186.894,202.161,213.142,219.633,222.289,222.844,222.88,222.29,219.514,212.956,201.816,186.413,167.874,147.623,127.13,107.396,
157.177,197.075,241.008,288.018,336.98,385.347,429.259,464.691,488.485,499.952,499.887,488.598,464.91,429.605,385.713,337.237,288.313,241.179,197.31,157.389,
90.679,99.265,106.919,113.303,118.048,120.917,121.869,121.263,119.885,118.821,118.85,119.958,121.364,121.971,120.994,118.139,113.418,107.061,99.387,90.828,
112.941,130.708,148.782,166.235,181.724,193.919,201.987,205.914,206.888,206.575,206.55,206.778,205.804,201.85,193.892,181.787,166.465,149.163,131.197,113.548,
84.713,89.1,92.282,94.078,94.343,93.062,90.537,87.387,84.446,82.65,82.679,84.451,87.391,90.544,93.09,94.355,94.126,92.316,89.159,84.767,
65.398,70.464,74.815,78.166,80.144,80.62,79.687,77.816,75.808,74.511,74.539,75.889,77.959,79.9,80.906,80.517,78.565,75.278,70.925,65.881,
113.198,130.475,148.427,166.139,182.377,195.577,204.599,209.385,210.839,210.832,210.929,210.955,209.48,204.539,195.331,181.907,165.53,147.697,129.606,112.255,
112.736,126.409,139.238,150.623,160.0,166.762,170.542,171.568,170.865,170.028,170.114,171.279,172.182,171.434,167.828,161.265,151.947,140.578,127.789,114.013,
88.554,98.402,107.84,116.449,123.725,129.104,132.324,133.442,133.091,132.443,132.256,132.582,132.561,131.184,127.754,122.117,114.687,105.967,96.45,86.594,
155.36,190.766,229.91,272.215,316.669,360.77,401.019,433.829,456.358,467.918,468.332,457.342,434.918,402.158,361.963,317.879,273.537,230.934,191.726,156.108,
89.273,102.119,114.879,126.652,136.356,143.212,146.887,147.75,147.088,146.192,146.22,147.081,147.85,147.035,143.47,136.707,127.048,115.217,102.472,89.587,
169.81,197.966,226.114,253.255,277.846,298.305,312.985,321.321,324.36,324.899,324.914,324.363,321.249,312.861,298.157,277.595,252.927,225.827,197.622,169.406,
103.779,118.298,132.788,146.288,157.776,166.224,171.073,172.656,172.086,171.158,171.197,172.205,172.847,171.401,166.628,158.27,146.832,133.369,118.848,104.281,
119.282,134.951,149.462,161.901,171.202,176.979,179.099,178.199,175.911,174.001,173.761,175.315,177.237,177.747,175.404,169.514,160.122,147.714,133.295,117.806,
70.025,77.593,84.606,90.596,95.254,98.209,99.495,99.301,98.398,97.607,97.554,98.35,99.231,99.306,97.996,94.981,90.287,84.236,77.206,69.631,
111.924,141.69,177.683,219.746,266.596,314.74,359.562,396.418,422.141,435.036,435.216,422.623,397.242,360.393,315.659,267.303,220.472,178.136,141.955,112.095,
139.54,171.525,203.122,232.959,260.471,285.746,307.336,323.049,332.306,336.136,336.217,332.613,323.948,308.675,287.69,263.074,235.967,206.356,174.773,142.68,
221.827,279.103,336.929,390.234,435.286,469.982,493.409,505.964,510.707,511.513,511.709,511.07,506.433,494.013,470.604,435.658,390.49,336.964,279.063,221.584,
37.21,37.538,37.497,37.082,36.344,35.279,33.988,32.628,31.457,30.76,30.764,31.435,32.602,33.955,35.227,36.257,36.987,37.376,37.404,37.056,
80.946,108.542,146.972,197.912,261.673,335.106,411.016,479.663,531.35,559.088,559.975,533.855,483.292,414.942,338.77,264.808,200.495,148.864,110.121,82.179,
120.262,151.265,189.663,240.205,308.45,399.287,512.004,635.751,746.265,812.496,811.565,743.934,632.939,509.69,397.926,308.382,241.151,191.478,153.553,122.742,
63.988,71.821,79.361,86.129,91.713,95.658,97.884,98.512,98.216,97.827,97.961,98.598,99.06,98.516,96.304,92.287,86.615,79.71,72.012,64.083,
126.188,156.224,190.808,228.785,267.974,305.136,336.757,360.305,375.06,381.914,382.324,376.116,361.845,338.589,307.049,269.877,230.562,192.383,157.569,127.233,
28.252,27.412,26.688,25.974,25.206,24.331,23.383,22.434,21.679,21.279,21.334,21.823,22.62,23.574,24.538,25.434,26.241,27.009,27.809,28.72,
117.842,153.928,200.373,257.852,325.286,399.127,472.857,537.551,584.959,609.086,608.374,582.932,534.786,469.759,396.157,322.698,255.673,198.501,152.304,116.345,
68.854,73.078,76.468,78.877,80.236,80.406,79.555,77.99,76.305,75.184,75.202,76.268,77.968,79.501,80.321,80.117,78.758,76.31,72.892,68.638,
105.735,122.945,141.006,159.035,175.798,189.881,200.063,205.942,208.306,208.724,208.573,207.787,205.058,198.892,188.424,174.198,157.291,139.168,121.061,103.849,
164.262,215.717,264.017,304.107,334.697,357.062,372.344,381.121,384.901,385.392,384.996,383.81,379.268,369.263,352.815,329.611,298.691,258.732,211.218,160.752,
144.82,189.255,241.419,299.374,359.443,415.753,462.361,494.711,512.488,519.59,519.815,513.073,495.544,463.451,417.109,360.641,300.541,242.334,189.915,145.266,
124.909,143.408,159.573,172.137,180.123,183.203,181.727,176.926,171.008,166.82,166.798,170.9,176.734,181.315,182.638,179.388,171.155,158.362,142.133,123.546,
124.729,147.015,170.421,193.645,215.237,233.309,246.629,254.711,258.453,259.587,259.656,258.557,254.819,246.782,233.576,215.648,194.24,171.148,147.931,125.791,
102.578,121.973,141.64,160.34,176.59,189.039,196.815,200.262,200.606,199.944,199.872,200.392,199.786,196.182,188.114,175.547,159.189,140.453,120.838,101.564,
33.929,33.332,32.736,32.122,31.401,30.552,29.548,28.498,27.586,27.043,27.048,27.583,28.505,29.568,30.568,31.424,32.133,32.746,33.329,33.912,
14.463,14.318,14.138,13.901,13.585,13.175,12.701,12.2,11.784,11.538,11.536,11.78,12.203,12.689,13.153,13.545,13.844,14.068,14.218,14.348,
141.332,167.347,194.825,222.791,249.394,272.666,290.639,302.072,307.653,309.427,309.318,307.562,301.778,290.395,272.674,249.561,223.087,195.283,167.813,141.942,
143.757,152.275,156.367,156.261,152.541,146.315,138.547,130.705,124.231,120.61,120.708,124.52,131.187,139.245,147.205,153.721,157.561,157.778,153.8,145.251,
71.407,100.941,141.14,193.034,256.0,326.777,398.858,463.316,511.356,536.885,537.222,512.277,464.665,400.641,328.576,257.617,194.335,141.849,101.24,71.33,
143.27,179.626,221.922,270.487,324.518,381.987,438.958,489.269,526.806,546.703,546.303,525.833,487.757,437.11,379.977,322.42,268.356,219.942,177.801,141.617,
155.974,184.829,213.47,240.384,264.121,283.151,296.527,303.95,306.604,306.81,306.399,305.415,302.113,293.923,279.873,260.089,235.715,208.368,179.573,150.805,
84.611,94.775,104.193,112.34,118.562,122.611,124.347,124.085,122.788,121.661,121.73,122.859,124.191,124.502,122.833,118.802,112.552,104.454,95.022,84.85,
106.388,117.098,126.652,134.561,140.268,143.38,143.871,142.385,140.008,138.278,138.244,139.895,142.175,143.636,143.083,139.95,134.255,126.309,116.699,105.948,
132.05,157.143,183.064,208.371,231.25,249.949,263.164,270.525,273.388,273.787,273.832,273.347,270.553,263.259,250.165,231.569,208.715,183.444,157.518,132.413,
69.591,75.366,80.742,85.359,88.934,91.118,91.827,91.305,90.17,89.267,89.205,89.979,90.965,91.445,90.687,88.471,84.957,80.374,75.058,69.296,
71.62,80.849,89.566,97.199,103.14,106.989,108.69,108.574,107.48,106.473,106.39,107.176,108.08,107.99,106.167,102.191,96.218,88.673,80.088,71.074,
73.568,100.361,137.583,186.981,248.83,320.641,396.208,466.575,521.216,551.194,551.206,521.302,466.994,397.198,322.308,251.075,189.439,140.046,102.747,75.783,
79.935,81.51,82.071,81.681,80.329,78.149,75.396,72.476,69.99,68.521,68.488,69.912,72.346,75.16,77.782,79.742,80.882,81.001,80.153,78.299,
74.485,77.435,79.419,80.414,80.258,78.989,76.831,74.164,71.699,70.194,70.164,71.652,74.107,76.735,78.882,80.079,80.187,79.195,77.163,74.238,
116.949,132.129,145.967,158.022,167.953,175.563,180.624,183.284,183.936,183.861,183.804,183.949,183.286,180.853,175.926,168.526,158.684,146.804,133.025,117.773,
79.144,86.027,92.383,97.949,102.335,105.189,106.335,106.084,105.07,104.279,104.491,105.601,106.94,107.498,106.494,103.753,99.363,93.722,87.262,80.263,
157.451,181.942,204.488,224.57,240.974,253.008,260.163,262.877,262.511,261.456,261.301,262.0,262.007,259.13,251.767,239.738,223.379,203.485,180.958,156.735,
148.032,206.374,274.549,346.5,413.657,466.669,500.572,516.862,522.296,523.694,524.924,526.009,522.704,508.184,475.927,423.326,355.504,282.086,212.419,152.639,
117.821,132.913,145.05,153.578,158.222,159.338,157.682,154.222,150.59,148.137,148.075,150.365,153.909,157.274,158.946,157.909,153.216,144.599,132.303,117.096,
155.787,216.325,286.222,360.729,433.482,497.942,549.541,586.176,608.647,618.549,617.03,604.327,579.721,541.586,489.673,425.479,353.535,280.35,211.623,152.178,
116.068,129.264,142.027,153.619,163.209,170.069,173.787,174.69,173.902,173.005,173.16,174.33,175.395,174.67,171.07,164.293,154.661,142.983,130.083,116.737,
156.523,176.355,194.222,209.434,221.224,229.215,233.394,234.255,232.966,231.683,231.846,233.354,234.906,234.456,230.444,222.598,210.941,195.912,178.143,158.307,
146.486,153.124,156.884,157.954,156.57,153.055,147.958,142.221,137.1,134.038,133.954,136.825,141.728,147.204,152.024,155.199,156.174,154.744,150.62,143.708,
82.147,91.88,101.463,110.392,117.98,123.593,126.898,127.989,127.614,126.993,127.003,127.751,128.277,127.303,124.067,118.416,110.724,101.669,91.96,82.142,
83.309,105.441,131.248,159.786,189.095,216.651,239.553,255.182,263.737,267.02,267.317,264.269,256.024,240.721,218.247,190.897,161.474,132.876,106.891,84.493,
106.909,120.587,134.41,147.639,159.27,168.419,174.419,177.221,177.78,177.499,177.502,177.875,177.379,174.609,168.671,159.555,147.903,134.738,120.929,107.248,
81.689,90.684,99.412,107.42,114.308,119.44,122.562,123.753,123.64,123.16,123.14,123.545,123.61,122.386,119.266,114.119,107.319,99.383,90.686,81.711,
103.959,118.517,133.152,146.869,158.555,167.169,172.184,173.82,173.305,172.325,172.289,173.046,173.435,171.612,166.492,157.805,146.146,132.478,117.927,103.399,
190.42,255.569,328.892,407.125,486.061,561.669,629.724,684.643,721.583,739.015,738.082,718.986,680.426,624.554,556.243,480.988,402.844,325.546,253.0,188.607,
73.587,82.222,90.63,98.202,104.312,108.465,110.53,110.722,109.903,109.101,109.15,110.013,110.924,110.763,108.775,104.627,98.523,90.91,82.418,73.669,
204.709,247.144,288.56,326.403,358.307,383.624,402.643,416.541,425.694,430.215,430.232,425.629,416.535,402.591,383.709,358.433,326.506,288.655,247.222,204.75,
78.75,93.018,107.212,120.406,131.728,140.448,146.138,148.958,149.606,149.402,149.38,149.367,148.588,145.659,139.866,131.037,119.558,106.303,92.004,77.678,
134.223,153.646,172.507,189.488,203.228,212.58,217.07,217.402,215.337,213.467,213.425,215.315,217.302,216.952,212.345,202.874,188.976,171.912,153.019,133.568,
157.898,201.367,242.84,278.832,308.106,330.554,346.309,355.512,359.384,360.058,359.988,359.178,355.419,346.225,330.407,308.015,278.856,243.085,201.778,158.416,
127.609,183.378,249.22,319.261,385.5,439.586,476.879,497.648,506.683,508.958,508.421,504.441,494.693,473.506,436.97,383.697,318.353,249.105,183.716,128.091,
138.92,159.743,180.62,200.653,218.61,232.803,242.078,246.459,247.184,246.605,246.575,246.985,246.035,241.662,232.314,218.242,200.321,180.354,159.602,138.9,
131.717,144.687,155.976,165.091,171.523,175.111,175.595,173.93,171.253,169.289,169.351,171.33,173.992,175.819,175.257,171.765,165.328,156.203,144.948,131.967,
30.161,29.615,29.083,28.491,27.767,26.863,25.816,24.731,23.816,23.283,23.289,23.828,24.753,25.836,26.885,27.773,28.488,29.06,29.575,30.112,
44.12,46.236,47.802,48.71,48.881,48.339,47.201,45.743,44.372,43.535,43.542,44.375,45.749,47.215,48.353,48.9,48.737,47.833,46.263,44.162,
171.511,214.857,261.171,308.554,355.977,402.286,445.617,481.94,507.15,519.433,519.522,506.891,481.442,445.047,401.718,355.212,307.761,260.333,214.065,170.736,
65.124,72.959,80.725,88.136,94.591,99.397,102.452,103.827,103.765,103.475,103.515,104.076,104.321,103.264,100.34,95.386,88.914,81.453,73.559,65.626,
108.572,125.901,144.704,164.274,183.33,200.309,213.532,221.927,226.058,227.337,227.272,225.894,221.716,213.319,200.16,183.362,164.477,145.033,126.324,109.039,
180.041,222.696,258.878,284.001,296.846,299.104,294.649,287.207,279.987,275.4,275.249,279.363,286.182,293.162,297.04,294.194,280.947,255.42,219.209,176.946,
113.557,120.31,124.31,125.675,124.727,121.806,117.468,112.624,108.392,105.865,105.8,108.265,112.397,117.17,121.358,124.12,124.967,123.512,119.482,112.746,
74.532,79.385,83.287,85.991,87.332,87.298,86.031,83.925,81.742,80.374,80.375,81.721,83.88,85.914,87.205,87.179,85.788,83.034,79.094,74.165,
132.159,143.45,150.954,154.378,153.924,150.305,144.573,138.021,132.198,128.758,128.761,132.135,137.96,144.467,150.258,153.859,154.289,150.895,143.372,132.09,
151.293,177.535,200.176,217.603,228.798,234.13,234.492,231.679,227.602,224.815,224.504,227.114,230.684,233.074,232.26,226.587,215.02,197.432,174.882,148.763,
50.005,49.347,48.244,46.719,44.736,42.344,39.743,37.246,35.25,34.156,34.188,35.346,37.381,39.953,42.615,45.068,47.097,48.674,49.832,50.537,
114.442,132.425,152.164,173.797,196.55,218.899,238.778,254.08,263.721,268.07,267.875,263.154,253.278,238.008,218.276,195.952,173.316,151.643,131.805,113.822,
60.604,61.375,61.493,60.938,59.695,57.899,55.738,53.539,51.651,50.55,50.55,51.619,53.478,55.698,57.839,59.6,60.8,61.333,61.197,60.387,
100.332,110.572,119.872,127.539,132.967,135.723,135.765,133.766,131.048,129.116,129.075,131.037,133.835,135.898,135.952,133.312,127.96,120.395,111.173,100.981,
136.994,180.533,233.401,294.881,362.491,431.997,496.59,549.271,584.767,601.199,601.118,584.583,549.055,496.325,431.654,362.085,294.538,233.118,180.28,136.648,
124.176,142.63,160.438,176.506,189.642,198.996,204.12,205.463,204.556,203.306,203.231,204.328,205.077,203.536,198.163,188.646,175.41,159.19,141.284,122.764,
42.917,43.465,43.62,43.34,42.657,41.488,39.985,38.352,36.922,36.053,36.039,36.87,38.285,39.905,41.408,42.567,43.272,43.569,43.439,42.898,
85.651,101.91,118.82,135.325,150.14,161.937,169.732,173.569,174.376,174.159,174.184,174.524,173.701,169.972,162.285,150.535,135.737,119.234,102.316,86.012,
110.759,129.622,148.872,167.431,184.209,197.869,207.479,212.891,214.938,215.259,215.2,214.801,212.645,207.182,197.6,183.92,167.252,148.692,129.567,110.746,
63.691,66.718,68.949,70.333,70.724,70.209,68.827,66.97,65.141,63.974,63.95,65.028,66.795,68.567,69.873,70.327,69.848,68.443,66.187,63.157,
109.166,119.176,127.775,134.638,139.403,141.874,141.99,140.375,137.957,136.191,136.132,137.655,139.897,141.349,141.041,138.488,133.689,126.788,118.243,108.339,
95.623,126.335,164.734,209.86,259.154,308.218,351.515,384.715,405.605,415.108,414.758,405.003,383.647,350.07,306.449,257.283,207.797,162.64,124.302,93.665,
106.131,129.189,155.318,183.208,210.77,235.258,254.209,266.249,272.132,273.939,273.689,271.363,265.037,252.71,233.808,209.471,182.156,154.545,128.676,105.82,
35.756,35.005,33.949,32.658,31.193,29.62,28.04,26.574,25.411,24.762,24.76,25.401,26.551,27.988,29.531,31.045,32.453,33.684,34.686,35.424,
118.602,142.208,167.759,196.882,231.284,271.007,312.617,350.968,379.927,395.226,395.129,379.683,350.775,312.456,270.799,231.26,197.006,168.133,142.849,119.355,
98.42,104.43,108.703,111.304,112.238,111.488,109.287,106.236,103.207,101.328,101.298,103.14,106.089,109.045,111.17,111.826,110.805,108.115,103.688,97.586,
157.034,173.747,188.167,199.676,207.664,211.837,212.268,209.808,206.274,203.711,203.643,206.081,209.469,211.769,211.154,206.865,198.704,187.046,172.596,155.968,
159.953,197.086,238.62,285.889,340.238,401.729,466.632,528.021,576.501,602.934,602.763,576.156,527.539,465.212,399.482,337.532,282.619,235.037,193.401,156.365,
151.884,184.136,216.767,248.009,276.14,299.377,315.866,325.18,328.628,329.286,329.833,330.183,327.632,318.791,302.281,278.941,250.388,218.631,185.516,152.744,
105.242,126.906,151.164,177.318,203.96,229.197,250.937,267.292,277.362,282.029,282.129,277.748,267.765,251.578,229.962,204.846,178.238,152.214,127.971,106.287,
118.439,146.845,180.127,217.778,257.732,296.59,329.938,354.495,369.52,376.315,376.193,369.174,353.693,328.851,295.488,256.705,216.796,179.259,146.207,118.044,
101.419,107.966,113.173,116.774,118.501,118.333,116.494,113.558,110.577,108.715,108.787,110.808,113.942,117.037,119.087,119.404,117.821,114.398,109.31,102.826,
116.174,150.101,191.82,240.819,294.849,350.155,401.326,442.922,471.332,485.272,485.263,471.4,442.994,401.245,349.959,294.29,239.992,190.839,149.064,115.191,
114.292,131.048,147.544,163.187,177.23,188.823,197.422,202.436,204.628,205.295,205.489,205.336,203.482,198.741,190.47,178.953,164.919,149.228,132.668,115.769,
84.719,86.178,86.079,84.599,81.923,78.35,74.229,70.085,66.681,64.702,64.644,66.466,69.729,73.692,77.61,81.006,83.493,84.788,84.769,83.245,
58.764,62.904,66.715,69.946,72.323,73.565,73.626,72.799,71.589,70.761,70.842,71.833,73.166,74.14,74.176,72.986,70.652,67.426,63.589,59.409,
225.966,269.254,308.707,341.745,366.572,382.229,388.871,388.128,383.509,379.509,379.462,383.437,388.05,388.832,382.198,366.45,341.768,308.573,269.11,225.819,
90.508,104.43,118.967,133.48,147.278,159.296,168.548,174.497,177.247,178.09,177.776,176.443,173.009,166.605,157.099,144.933,131.17,116.812,102.535,88.898,
74.584,74.353,73.032,70.743,67.748,64.304,60.789,57.552,55.036,53.628,53.613,55.049,57.6,60.853,64.421,67.902,70.949,73.26,74.622,74.855,
167.476,200.05,235.128,271.814,308.017,340.801,367.039,384.735,394.322,397.966,398.01,394.636,385.347,367.951,341.944,309.267,272.966,235.891,200.385,167.396,
99.848,106.129,110.288,112.277,112.273,110.604,107.535,103.827,100.385,98.331,98.37,100.485,103.951,107.668,110.699,112.363,112.28,110.164,105.926,99.533,
57.825,59.951,61.525,62.487,62.773,62.298,61.131,59.557,58.019,57.045,57.04,58.026,59.601,61.199,62.385,62.893,62.681,61.776,60.263,58.227,
137.113,164.252,196.239,233.283,274.147,316.273,355.225,386.633,407.803,418.097,418.365,408.47,387.668,356.282,317.085,274.655,233.349,195.912,163.551,136.061,
38.091,39.862,41.2,42.035,42.317,42.073,41.355,40.354,39.374,38.755,38.743,39.361,40.343,41.341,42.04,42.286,41.983,41.15,39.787,37.989,
138.344,165.67,193.236,219.088,241.298,257.944,268.183,272.441,272.704,271.757,271.833,272.749,272.606,268.404,258.266,241.648,219.558,193.781,166.309,139.116,
152.112,183.345,214.181,242.866,267.858,288.181,303.17,312.701,317.46,318.972,318.662,316.53,311.28,301.193,285.856,265.437,240.301,211.754,181.218,150.204,
73.064,74.421,74.711,74.034,72.467,70.08,67.173,64.097,61.482,59.941,59.943,61.446,64.053,67.119,70.018,72.344,73.883,74.499,74.113,72.676,
107.817,135.394,165.319,196.344,226.179,252.693,273.829,287.996,295.466,298.242,298.212,295.399,287.883,273.734,252.686,226.186,196.322,165.432,135.45,107.888,
110.776,167.714,242.289,328.443,413.071,488.007,557.635,623.452,676.18,705.381,705.44,676.342,623.83,558.485,489.391,415.245,330.841,244.503,169.619,112.009,
37.928,38.327,38.412,38.115,37.461,36.41,35.099,33.69,32.454,31.748,31.745,32.462,33.677,35.061,36.355,37.358,37.983,38.23,38.142,37.744,
107.704,121.784,134.966,146.283,154.85,159.99,161.585,160.371,157.882,155.965,156.007,157.965,160.461,161.749,160.237,155.169,146.687,135.419,122.293,108.244,
122.868,156.35,196.393,241.822,289.837,336.184,375.947,405.363,423.194,431.152,431.48,423.859,406.08,376.427,336.344,289.599,241.088,195.341,155.187,121.778,
76.192,84.522,92.559,99.84,105.864,110.097,112.31,112.687,111.942,111.173,111.121,111.818,112.486,112.066,109.871,105.69,99.799,92.63,84.748,76.612,
97.63,107.926,117.16,125.152,131.569,135.899,138.061,138.259,137.288,136.413,136.497,137.544,138.688,138.651,136.703,132.492,126.224,118.307,109.05,98.767,
112.968,139.236,170.161,205.341,243.344,281.623,316.479,344.564,363.372,372.449,372.571,363.656,345.158,317.262,282.197,243.557,205.071,169.458,138.115,111.457,
89.629,91.755,92.439,91.906,90.26,87.704,84.56,81.272,78.489,76.85,76.805,78.346,80.956,84.03,86.904,89.115,90.355,90.496,89.426,87.09,
88.917,102.859,116.509,129.014,139.409,146.809,150.915,151.96,151.153,150.124,150.121,151.072,151.835,150.743,146.655,139.266,128.89,116.392,102.763,88.894,
155.245,179.571,203.957,227.08,247.336,263.129,273.446,278.342,279.354,278.826,278.557,278.646,277.219,272.03,261.472,245.717,225.583,202.698,178.578,154.529,
116.09,141.038,167.662,196.938,230.149,267.589,307.449,344.961,374.596,391.252,392.223,377.372,348.619,311.176,271.416,233.965,200.746,171.603,145.024,119.963,
108.4,122.585,137.115,151.24,164.024,174.479,181.71,185.44,186.536,186.609,186.948,187.462,186.93,183.616,176.699,166.396,153.614,139.365,124.717,110.318,
23.659,23.459,23.263,22.989,22.56,21.939,21.165,20.324,19.6,19.176,19.181,19.625,20.367,21.219,22.005,22.635,23.071,23.355,23.558,23.754,
211.857,243.309,269.694,289.947,303.45,309.87,309.429,303.977,296.66,291.574,291.528,296.407,303.444,308.644,308.678,301.874,288.084,267.606,241.081,209.692,
159.911,198.907,239.667,279.924,318.112,352.686,381.953,404.298,418.787,425.602,425.65,418.889,404.852,382.836,353.92,319.618,281.562,241.266,200.4,161.015,
127.348,162.822,205.371,254.619,309.12,365.823,420.038,465.967,498.47,514.642,514.166,497.037,463.893,417.701,363.545,307.106,252.863,204.037,161.871,126.823,
114.276,131.635,149.342,166.335,181.292,192.875,200.1,203.031,203.071,202.385,202.596,203.743,204.139,201.644,194.712,183.361,168.421,151.362,133.484,115.94,
12.573,11.922,11.381,10.901,10.437,9.964,9.481,9.014,8.637,8.425,8.418,8.641,9.022,9.482,9.975,10.448,10.915,11.399,11.935,12.588,
36.839,35.396,33.874,32.34,30.788,29.239,27.731,26.318,25.201,24.577,24.58,25.258,26.395,27.831,29.405,31.013,32.62,34.256,35.845,37.424,
40.686,40.642,40.37,39.895,39.241,38.294,37.128,35.864,34.786,34.099,34.107,34.766,35.889,37.155,38.308,39.296,39.993,40.433,40.726,40.78,
79.996,97.15,114.933,132.321,148.193,161.157,170.236,175.556,177.667,178.161,178.373,178.117,176.247,171.21,162.093,149.255,133.375,115.911,98.004,80.756,
28.859,28.267,27.451,26.482,25.378,24.202,23.016,21.88,20.967,20.456,20.467,20.985,21.925,23.087,24.287,25.486,26.583,27.544,28.347,28.955,
80.859,92.143,103.106,113.24,121.805,128.287,132.251,133.966,133.983,133.537,133.647,134.095,134.079,132.466,128.517,122.124,113.567,103.439,92.451,81.135,
121.746,145.773,164.402,175.304,178.189,175.004,168.514,160.931,154.238,150.285,150.337,154.241,160.988,168.797,175.387,178.623,175.755,164.774,145.838,121.673,
73.539,85.977,99.156,112.746,125.747,137.139,145.861,151.415,154.143,155.079,155.241,154.531,151.854,146.298,137.416,125.848,112.778,99.243,86.086,73.799,
