581.586,694.269,808.414,918.871,1018.136,1101.745,1164.137,1202.335,1217.921,1222.487,1222.013,1218.692,1201.106,1163.146,1101.515,1017.651,917.759,807.023,692.894,580.189,
380.955,527.849,724.921,975.954,1280.745,1626.566,1981.566,2301.978,2541.239,2663.977,2665.654,2545.007,2307.652,1986.606,1632.03,1286.441,981.933,731.371,534.875,387.712,
396.7,454.287,514.116,572.446,625.584,669.635,700.626,717.9,724.443,725.077,725.519,725.9,720.319,703.565,672.857,629.575,576.429,517.975,458.831,400.965,
63.808,60.393,57.139,54.076,51.034,48.194,45.347,42.784,40.741,39.637,39.656,40.816,42.823,45.445,48.244,51.206,54.248,57.355,60.605,63.995,
328.514,363.278,394.904,421.617,441.621,454.432,458.418,456.732,451.346,447.643,447.528,451.63,456.899,458.449,452.91,439.376,418.105,390.55,358.035,323.732,
497.705,569.891,639.615,705.034,760.941,802.637,827.587,836.426,835.169,830.551,830.592,834.22,835.257,825.545,798.536,756.055,698.816,633.156,562.339,490.112,
502.243,563.906,622.766,676.988,722.97,757.05,777.855,785.599,784.449,780.507,780.564,784.254,785.69,778.124,757.418,723.84,678.104,624.332,565.431,504.194,
301.521,324.693,345.794,363.282,376.376,383.994,385.992,383.623,379.009,375.439,375.608,379.165,383.942,386.323,384.499,376.78,363.918,346.484,325.55,302.279,
464.95,577.299,700.828,828.091,952.21,1061.645,1146.807,1199.304,1223.256,1230.897,1231.541,1225.447,1201.711,1149.437,1065.117,956.114,831.606,703.427,579.836,466.75,
323.386,338.528,349.805,356.592,358.615,356.128,349.34,340.232,331.422,325.977,325.913,331.637,340.987,350.457,356.914,359.58,357.551,350.73,339.17,323.909,
483.909,545.648,598.654,639.13,666.102,678.052,677.732,668.243,655.66,646.737,646.885,655.065,667.434,676.754,677.576,664.453,637.674,596.426,543.321,480.341,
466.724,534.731,601.056,662.578,715.439,755.484,781.127,791.899,792.74,790.023,789.772,791.42,789.574,777.699,751.332,710.462,657.172,595.446,529.584,461.892,
409.39,499.714,597.112,698.099,794.317,880.392,947.253,990.994,1013.227,1020.007,1020.798,1014.076,992.387,948.303,881.606,795.795,699.247,599.037,501.669,411.143,
574.709,702.579,836.362,970.685,1095.986,1208.088,1292.541,1347.018,1371.665,1375.791,1376.258,1370.738,1343.764,1289.945,1205.356,1096.811,971.344,838.252,704.932,577.844,
564.212,692.195,822.288,945.049,1049.094,1127.345,1177.585,1204.72,1215.885,1219.47,1218.772,1213.673,1200.966,1172.387,1121.426,1043.966,940.327,818.209,688.289,560.787,
428.405,639.559,917.267,1263.71,1663.583,2096.633,2535.319,2943.585,3268.236,3460.632,3459.075,3259.997,2933.816,2527.322,2089.235,1656.421,1254.584,911.239,634.533,425.947,
533.345,754.191,1006.391,1258.648,1483.812,1676.668,1823.792,1927.262,1991.29,2013.963,2007.545,1979.791,1912.499,1807.275,1661.23,1474.206,1251.874,1003.706,755.878,539.917,
444.262,539.854,644.157,754.682,865.63,969.899,1059.456,1127.55,1168.378,1185.375,1184.759,1168.6,1127.171,1059.9,970.821,866.909,755.728,645.215,540.898,446.219,
214.692,219.148,221.455,221.03,218.16,213.042,206.161,198.545,191.704,187.602,187.596,191.718,198.449,206.025,212.999,218.232,221.009,221.46,219.451,214.67,
137.901,139.532,140.32,139.896,138.309,135.343,131.72,127.24,123.49,121.305,121.265,123.446,127.217,131.37,135.166,138.02,139.731,140.155,139.435,137.688,
539.024,640.388,743.744,845.368,940.85,1021.878,1088.138,1131.721,1154.33,1161.386,1161.159,1152.904,1130.077,1084.77,1019.402,937.265,841.742,740.634,638.549,536.935,
449.292,576.28,724.424,888.606,1060.889,1229.984,1380.828,1502.667,1581.437,1617.662,1617.454,1580.785,1500.576,1379.161,1226.535,1057.699,884.941,721.214,572.834,445.971,
52.677,47.996,44.187,41.078,38.34,35.94,33.717,31.767,30.266,29.408,29.406,30.265,31.804,33.758,35.952,38.316,40.956,44.034,47.801,52.414,
479.147,548.515,615.028,676.005,727.673,767.781,792.813,804.998,805.146,802.219,801.302,802.656,799.444,786.754,759.449,719.056,666.398,605.993,539.649,470.625,
384.425,455.094,528.201,602.116,670.694,729.715,774.22,803.259,817.177,822.25,822.614,817.964,804.056,775.426,730.762,672.25,603.566,530.377,456.995,387.341,
571.031,660.692,749.055,830.995,900.392,953.196,987.116,1001.173,1001.962,998.301,997.655,999.766,999.565,983.839,949.807,895.758,825.89,743.99,656.591,567.928,
177.417,176.683,174.188,170.076,164.63,158.231,150.884,143.766,137.999,134.497,134.42,137.901,143.726,150.944,158.038,164.838,170.168,174.322,176.953,177.77,
584.717,738.704,904.282,1078.397,1250.458,1407.582,1537.613,1630.893,1681.888,1699.711,1699.623,1681.537,1630.214,1537.841,1409.33,1252.37,1084.233,909.959,743.918,591.5,
450.537,535.196,624.193,712.601,796.463,868.089,922.808,956.21,971.183,973.98,974.171,971.15,956.833,924.645,870.55,798.222,714.639,625.221,536.386,451.011,
321.341,352.42,380.049,403.856,421.643,432.997,437.602,436.735,432.204,428.678,428.038,431.243,434.701,435.069,430.106,418.318,399.785,376.275,348.648,317.506,
538.642,674.806,820.066,966.024,1105.571,1229.311,1326.762,1392.077,1426.095,1438.911,1438.185,1424.751,1389.521,1322.249,1224.818,1100.999,961.219,814.353,669.579,533.443,
453.891,568.315,693.426,824.066,950.863,1063.19,1149.689,1207.724,1236.084,1247.017,1249.075,1241.514,1215.998,1161.564,1075.153,962.869,835.906,702.907,576.278,460.807,
231.055,235.595,236.509,234.083,228.666,220.632,211.243,201.127,192.791,188.004,187.746,192.874,201.225,211.172,220.745,228.55,233.879,236.327,235.338,230.57,
123.522,119.856,116.436,113.159,109.632,105.918,101.772,97.687,94.149,92.112,92.095,94.189,97.646,101.643,105.828,109.59,113.207,116.488,120.019,123.838,
560.776,671.57,784.573,894.289,997.743,1085.76,1147.107,1178.076,1182.791,1177.412,1178.667,1188.487,1184.923,1155.398,1093.905,1006.433,903.763,793.797,680.431,568.679,
639.94,755.62,868.899,974.845,1068.14,1141.084,1190.044,1215.315,1219.997,1217.976,1218.015,1221.947,1217.817,1194.62,1146.658,1073.513,981.95,875.146,761.353,644.984,
279.059,306.263,333.087,358.089,379.674,396.308,406.329,410.736,410.656,408.866,409.45,410.68,410.925,406.908,396.311,379.768,358.295,332.909,306.106,278.825,
620.466,802.541,1007.828,1235.736,1481.121,1736.289,1982.825,2194.01,2344.986,2416.726,2417.419,2347.72,2199.554,1989.656,1745.092,1489.714,1242.888,1016.185,810.531,627.68,
702.063,915.452,1168.831,1457.867,1771.111,2086.435,2377.864,2611.872,2769.431,2842.115,2845.135,2777.971,2623.633,2390.311,2099.952,1783.912,1468.979,1178.827,924.263,709.393,
366.146,506.499,683.71,895.304,1132.945,1386.763,1635.011,1851.089,2006.71,2085.571,2086.964,2014.809,1859.676,1644.37,1396.151,1138.938,897.975,684.723,505.887,364.393,
500.767,645.227,815.734,1009.456,1215.863,1419.962,1604.15,1749.843,1843.626,1884.487,1883.925,1840.577,1744.922,1599.373,1413.55,1209.613,1003.834,811.531,640.916,498.409,
498.817,525.061,540.155,544.25,538.033,522.295,501.211,477.684,457.176,445.395,445.39,456.85,477.033,500.327,521.625,537.013,543.345,539.646,524.379,498.533,
379.426,577.85,841.47,1173.404,1567.705,2011.133,2475.563,2929.401,3307.17,3529.457,3534.783,3327.693,2956.246,2505.813,2037.242,1588.253,1188.276,852.711,586.038,385.701,
367.242,420.666,476.064,530.916,580.775,622.276,652.025,667.821,673.533,672.765,671.775,668.962,661.222,643.19,612.212,570.178,520.025,466.077,411.303,358.987,
529.784,610.366,690.975,767.412,834.677,888.121,923.678,940.787,944.48,941.906,941.744,942.322,937.773,919.802,883.8,830.307,763.361,687.407,607.641,527.641,
525.996,598.297,665.808,725.525,774.251,808.954,829.588,835.691,833.607,829.362,828.977,832.673,835.209,828.393,808.096,772.496,724.118,664.879,597.018,525.538,
191.294,196.021,198.995,200.246,199.492,196.884,192.583,187.269,182.071,179.026,178.663,181.819,186.653,191.655,195.872,198.224,198.582,197.005,193.744,188.979,
577.186,691.595,813.183,936.089,1052.913,1155.826,1236.685,1291.229,1319.972,1329.953,1328.859,1317.977,1289.404,1234.153,1152.711,1048.809,931.257,807.968,686.814,572.519,
233.373,244.824,253.324,258.305,259.536,256.95,251.51,244.545,238.198,233.743,233.705,237.638,244.273,251.387,256.759,259.44,257.867,253.051,244.528,233.051,
403.699,514.511,644.919,792.87,950.639,1109.86,1254.454,1371.57,1449.92,1486.078,1486.024,1449.251,1370.329,1252.494,1106.865,947.982,788.51,640.799,510.9,400.876,
186.03,189.663,191.204,190.989,189.043,185.431,180.39,174.776,169.575,166.259,166.422,169.358,174.538,180.227,184.984,188.692,190.579,190.746,188.914,185.473,
445.588,520.668,596.024,667.605,731.612,781.882,817.395,836.802,844.0,843.335,844.682,845.466,839.412,820.557,784.85,733.362,669.84,597.49,521.419,446.118,
344.829,459.806,611.365,808.043,1052.478,1341.984,1655.903,1964.339,2213.406,2352.151,2355.006,2217.557,1970.331,1664.27,1349.169,1059.571,814.126,617.107,463.747,347.662,
578.87,712.609,861.439,1022.29,1190.463,1355.009,1503.471,1623.008,1702.369,1734.151,1732.146,1696.075,1613.752,1492.508,1342.333,1177.312,1009.352,847.43,700.257,568.306,
640.962,821.64,1019.996,1223.629,1411.787,1570.158,1698.332,1796.474,1859.825,1888.594,1890.237,1862.374,1802.413,1706.929,1580.126,1425.009,1236.108,1031.375,832.009,649.691,
165.899,162.744,158.517,153.956,148.496,142.897,136.734,130.741,125.72,122.954,122.767,125.742,130.611,136.656,142.772,148.521,153.745,158.656,162.787,166.126,
95.255,90.593,86.187,82.254,78.398,74.629,70.928,67.474,64.769,63.194,63.217,64.736,67.495,70.896,74.556,78.372,82.219,86.225,90.578,95.309,
126.809,127.032,126.808,125.952,124.399,121.797,118.263,114.294,110.737,108.667,108.678,110.762,114.145,118.095,121.546,124.136,125.599,126.378,126.434,126.203,
245.192,268.413,290.584,310.455,326.22,335.885,339.178,336.905,332.236,328.344,328.196,331.989,336.923,339.504,336.786,327.454,312.618,292.977,270.768,247.848,
526.701,601.795,674.042,739.637,796.979,840.117,865.737,875.011,872.017,865.512,865.519,870.929,874.244,865.466,840.162,796.993,741.985,675.898,604.083,529.922,
363.305,398.803,430.112,456.244,474.986,486.1,488.326,484.392,477.057,471.335,471.439,477.114,483.823,488.184,485.168,474.595,454.794,429.243,397.864,362.077,
537.826,644.434,759.827,878.522,995.575,1103.171,1192.767,1258.722,1296.065,1310.342,1309.591,1295.897,1258.48,1191.921,1100.193,992.028,874.285,755.009,639.479,532.619,
408.864,497.758,598.617,711.737,831.478,952.125,1061.273,1150.892,1209.676,1236.52,1235.612,1209.451,1151.027,1062.358,951.695,831.49,710.781,597.511,496.291,407.537,
420.165,555.494,725.702,932.938,1176.553,1444.465,1715.561,1959.736,2140.441,2234.141,2236.74,2146.684,1968.468,1724.194,1452.17,1181.556,935.768,726.779,555.55,420.549,
611.572,770.176,958.466,1175.246,1422.41,1689.405,1962.653,2214.381,2403.695,2502.65,2505.382,2412.137,2225.654,1978.878,1708.439,1440.867,1193.221,974.672,785.477,625.051,
716.13,824.22,912.151,974.455,1008.11,1014.688,1001.489,976.109,949.501,932.845,932.428,948.006,973.636,997.823,1009.682,1001.63,967.524,904.474,816.167,709.325,
563.93,781.3,1009.544,1227.79,1419.584,1581.838,1704.402,1782.619,1820.87,1834.094,1833.15,1820.667,1784.365,1705.909,1581.321,1416.589,1222.392,1004.705,774.57,559.048,
329.253,361.452,388.45,407.934,419.202,421.28,415.682,405.623,394.676,387.722,387.596,394.666,405.781,416.021,421.698,419.905,409.173,389.996,363.693,331.502,
256.934,272.875,286.876,297.114,304.527,307.968,307.579,304.073,299.648,296.19,296.404,299.297,304.054,307.835,308.158,304.969,297.749,287.515,274.118,257.968,
405.745,559.193,759.26,1011.069,1310.751,1645.447,1984.561,2288.541,2512.511,2620.736,2622.913,2517.32,2298.454,1995.755,1656.115,1319.274,1017.694,764.244,561.951,407.08,
376.465,457.322,550.105,655.091,770.846,893.152,1015.956,1122.538,1202.345,1241.64,1243.77,1205.687,1129.139,1022.312,901.837,778.166,661.203,555.789,462.285,379.956,
362.082,395.226,424.314,448.212,464.77,473.942,474.891,469.981,462.23,456.886,456.821,462.607,470.463,475.669,474.624,465.7,449.033,425.635,396.39,363.331,
244.214,254.566,262.52,267.985,270.386,269.712,265.99,260.495,254.454,250.604,250.473,254.072,259.814,265.24,268.75,269.299,266.728,261.234,253.331,243.163,
433.962,485.175,532.157,573.383,604.679,621.996,626.673,621.708,612.34,605.504,605.611,613.585,624.083,629.574,624.718,606.036,575.472,535.367,488.481,437.427,
435.828,526.296,625.051,727.232,828.251,919.862,996.418,1049.778,1082.075,1093.992,1094.771,1082.654,1052.212,999.143,922.806,831.642,729.23,626.587,527.817,437.213,
472.364,539.918,601.044,652.398,690.876,714.765,723.087,718.479,707.908,699.418,699.909,708.809,719.5,723.924,715.058,691.338,652.451,601.064,539.795,472.383,
421.583,481.963,540.329,595.039,644.117,683.922,712.642,730.918,739.69,742.824,743.621,742.444,734.847,718.53,690.205,650.408,601.967,546.258,487.139,426.897,
545.946,661.536,785.6,913.942,1040.557,1157.669,1253.705,1320.022,1355.83,1368.932,1368.925,1356.108,1320.762,1253.87,1157.819,1043.333,917.252,789.774,665.652,549.875,
600.426,743.75,896.892,1049.985,1198.399,1329.039,1432.139,1501.9,1535.861,1545.68,1545.418,1535.456,1500.623,1430.798,1326.271,1195.116,1047.769,893.498,740.532,595.349,
605.283,802.967,1019.249,1236.537,1447.314,1632.792,1780.173,1877.142,1925.434,1941.745,1943.705,1928.902,1880.255,1788.705,1642.269,1460.383,1250.365,1031.243,815.102,615.852,
122.481,120.384,117.611,114.103,109.818,104.95,99.784,94.92,90.925,88.659,88.637,90.858,94.831,99.674,104.688,109.385,113.429,116.772,119.415,121.359,
430.88,497.271,563.46,628.007,684.651,730.344,760.959,776.808,781.318,780.646,781.304,782.042,777.98,762.705,732.036,686.004,629.287,564.924,497.892,431.891,
501.399,626.026,762.038,904.8,1046.024,1177.476,1288.518,1371.538,1422.595,1445.087,1446.064,1427.312,1378.855,1297.656,1186.996,1058.018,917.545,773.952,637.731,512.973,
649.47,801.598,963.383,1126.69,1279.755,1414.322,1519.352,1591.529,1630.587,1645.848,1647.5,1633.897,1595.072,1522.756,1417.926,1283.12,1128.415,963.952,801.305,648.016,
410.29,469.992,525.376,572.037,607.604,627.567,633.352,627.559,616.996,609.314,609.138,616.593,627.757,633.514,627.734,607.097,571.842,524.802,469.412,409.958,
404.881,448.678,488.135,521.164,545.027,558.734,561.832,557.321,549.11,542.829,542.863,548.959,557.37,562.098,558.67,545.205,521.145,488.664,448.8,404.466,
446.382,517.97,590.618,660.886,722.655,772.506,805.293,822.864,827.419,826.496,826.192,827.028,822.662,805.044,771.065,721.594,659.322,589.374,516.172,444.591,
529.955,630.76,729.717,821.64,899.583,959.721,997.261,1013.278,1012.975,1008.559,1008.156,1013.55,1013.34,997.411,958.906,898.905,819.826,727.696,629.738,529.79,
503.594,661.297,839.655,1028.01,1216.127,1393.269,1543.97,1654.227,1719.456,1749.025,1749.916,1725.254,1661.949,1553.442,1405.804,1229.311,1040.45,852.815,675.192,515.548,
568.463,657.327,739.409,812.383,872.609,917.833,945.242,956.286,955.675,952.206,951.023,953.567,951.851,938.98,910.227,864.179,803.776,730.807,650.087,562.998,
368.394,430.406,495.332,560.896,626.133,685.924,737.747,777.605,803.803,817.053,816.989,804.476,778.241,739.685,687.971,628.28,563.446,498.057,432.829,370.611,
330.256,464.127,648.046,889.321,1192.72,1550.811,1937.825,2305.341,2596.75,2749.58,2748.825,2596.11,2307.417,1940.583,1553.068,1194.435,890.883,648.384,464.114,329.912,
431.355,489.821,548.256,602.83,649.732,685.478,707.695,717.08,716.847,713.742,713.592,716.049,715.52,705.548,682.602,646.306,598.597,544.22,485.696,427.13,
265.447,281.839,296.746,308.701,317.136,321.283,321.132,317.297,312.177,308.879,308.982,313.098,318.563,322.692,323.17,319.249,310.902,299.03,284.142,267.473,
450.045,516.006,582.22,645.502,700.507,742.844,768.974,778.579,778.102,774.18,773.961,777.776,778.811,768.912,743.132,701.092,645.972,582.603,515.982,449.701,
402.479,440.525,474.992,503.758,524.763,537.358,540.41,535.763,527.877,521.736,520.917,526.034,533.073,536.534,532.858,519.748,498.45,469.613,435.082,397.215,
433.587,508.668,586.051,663.291,734.894,797.022,844.038,874.818,888.13,891.58,892.328,888.802,874.821,846.096,799.293,737.314,665.11,588.407,510.735,435.359,
539.952,654.43,775.327,895.713,1009.155,1107.558,1183.759,1233.835,1259.741,1269.928,1271.489,1264.017,1240.549,1192.573,1118.914,1022.214,909.012,788.444,667.671,552.814,
373.033,413.887,452.62,487.445,515.638,535.361,544.571,544.203,538.651,533.598,533.339,538.364,543.658,543.737,534.703,515.195,486.643,451.832,413.216,371.864,
373.72,400.956,422.512,438.063,447.763,450.06,446.435,438.308,429.675,423.269,423.188,429.422,438.505,446.567,450.291,447.604,438.526,423.083,401.306,374.572,
519.195,692.019,893.982,1128.791,1399.86,1708.525,2033.14,2337.651,2575.351,2699.868,2702.365,2580.288,2345.131,2039.673,1711.564,1400.898,1127.497,892.186,689.67,516.38,
565.338,675.399,785.722,888.841,980.953,1054.839,1106.611,1134.014,1141.42,1140.325,1139.909,1141.721,1133.154,1106.628,1055.089,982.028,890.644,786.269,676.781,565.982,
204.883,206.244,205.345,202.316,197.346,190.635,182.411,173.961,166.891,162.814,162.816,167.211,174.013,182.619,190.846,197.747,202.602,205.57,206.568,205.392,
423.849,488.653,554.568,617.316,673.686,720.33,753.291,771.644,778.128,778.525,777.217,775.674,768.568,748.62,714.568,667.814,610.467,548.202,482.731,418.648,
148.366,147.494,145.298,142.17,137.941,132.681,127.028,121.373,116.647,113.9,113.943,116.686,121.452,127.286,132.912,138.188,142.494,145.836,148.038,149.069,
320.915,345.684,365.516,379.794,388.28,391.102,388.151,381.76,373.862,369.504,369.141,374.618,382.213,388.805,391.877,389.506,381.098,366.754,347.275,322.63,
391.024,474.142,567.103,668.817,776.406,882.31,981.251,1062.591,1119.772,1146.959,1146.185,1117.957,1061.209,979.528,881.65,775.618,668.562,567.061,473.537,390.499,
458.656,614.997,796.941,998.524,1207.76,1412.236,1599.984,1755.485,1864.829,1920.92,1926.23,1880.926,1777.514,1626.169,1440.819,1234.51,1022.849,819.123,633.288,473.874,
299.319,302.914,302.027,297.507,289.804,279.462,267.363,255.295,244.97,238.977,239.063,245.057,255.274,267.528,279.585,289.965,297.867,302.555,303.647,300.213,
392.065,478.471,572.434,671.069,769.265,859.56,934.262,989.939,1022.18,1037.372,1038.272,1025.306,994.393,941.481,866.184,774.946,676.688,578.745,484.513,397.272,
328.891,343.082,351.352,354.202,351.973,345.243,334.481,322.237,311.042,304.251,304.226,311.033,321.738,334.254,344.291,350.793,352.678,349.581,340.755,326.712,
75.056,69.803,64.859,60.529,56.782,53.474,50.54,47.929,45.868,44.682,44.716,45.928,47.966,50.652,53.582,56.831,60.496,64.768,69.547,74.662,
579.437,683.918,787.208,886.013,972.673,1042.419,1089.296,1110.759,1115.225,1113.099,1113.613,1117.802,1114.152,1092.885,1048.664,979.957,892.927,795.488,691.968,586.914,
426.577,506.501,591.606,678.394,759.845,826.251,871.754,893.296,898.533,896.489,896.317,898.6,895.825,875.499,831.591,765.438,685.669,598.737,512.636,432.023,
467.099,565.823,671.251,777.295,877.543,962.743,1024.901,1060.011,1074.613,1077.016,1077.774,1076.539,1064.662,1029.932,968.167,882.375,780.314,673.768,567.937,469.051,
304.22,332.423,357.898,379.415,395.3,405.103,407.944,404.691,398.708,394.389,394.224,398.338,403.959,406.896,403.46,393.999,377.558,356.323,330.859,302.37,
324.367,359.391,392.802,422.211,445.52,461.576,468.901,469.14,465.086,461.494,461.578,465.248,469.221,468.917,461.71,445.533,422.418,393.003,359.744,324.588,
385.982,431.805,474.839,512.213,543.886,566.568,579.912,583.685,582.464,578.829,578.834,581.01,582.216,577.797,563.867,540.94,509.851,472.252,429.312,383.707,
218.685,239.297,259.599,278.371,294.445,306.591,313.45,316.13,315.843,314.446,314.439,315.022,315.569,312.997,306.292,294.517,278.777,260.032,239.767,219.331,
204.364,205.739,204.591,200.828,195.322,187.853,179.363,170.577,163.434,159.238,159.242,163.43,170.683,179.215,187.809,195.07,200.824,204.289,205.566,204.296,
443.376,498.151,549.288,594.089,630.993,658.22,673.208,679.249,677.745,674.027,673.624,674.904,674.724,667.996,650.106,622.643,585.143,540.259,490.114,435.912,
218.367,224.016,227.337,228.361,227.196,223.576,217.995,211.11,205.088,201.373,201.227,204.885,211.096,217.747,223.301,226.974,228.086,227.011,223.378,217.8,
466.325,538.047,606.738,666.788,714.289,745.531,758.715,758.028,748.981,742.3,742.137,749.609,758.105,759.16,745.641,714.773,667.272,606.702,537.368,465.061,
280.778,287.32,287.934,283.236,273.497,260.843,247.447,234.324,224.705,219.433,219.243,224.668,234.502,247.148,260.953,273.786,283.083,288.085,287.287,281.013,
482.04,590.107,708.605,829.648,946.71,1045.425,1119.827,1163.123,1182.023,1185.906,1186.196,1178.639,1157.669,1112.42,1036.621,936.74,820.807,700.165,583.651,476.724,
397.528,466.945,541.532,618.525,693.568,759.995,811.81,843.832,858.422,862.858,862.457,858.625,843.942,811.543,760.976,695.222,620.686,543.829,469.738,400.581,
398.589,485.061,576.127,669.992,759.309,837.766,902.98,949.129,975.351,986.228,986.956,976.827,950.77,906.976,843.588,763.96,674.448,580.814,487.827,400.589,
481.524,651.11,844.981,1055.674,1273.972,1497.04,1710.191,1896.576,2029.767,2099.446,2102.643,2037.368,1905.133,1721.083,1508.715,1288.777,1069.447,859.682,664.943,492.823,
550.236,659.014,779.403,908.965,1041.272,1168.188,1278.139,1360.409,1411.322,1433.398,1435.781,1418.221,1370.084,1290.434,1179.827,1051.32,916.581,785.359,662.723,552.197,
379.138,397.997,410.933,417.724,417.998,412.124,401.083,387.57,375.192,367.486,367.608,375.331,387.616,401.131,412.275,418.468,418.223,411.749,398.63,380.156,
611.482,690.222,759.404,814.491,852.865,872.774,875.265,863.998,849.74,838.614,839.449,849.875,865.635,876.463,874.174,854.135,816.412,762.145,693.594,613.935,
285.8,320.45,353.904,385.972,413.243,434.837,448.549,454.354,454.792,452.966,453.589,455.511,456.194,451.175,437.708,416.773,389.396,357.72,323.887,288.999,
441.217,512.506,582.968,647.767,702.16,742.313,766.471,774.903,773.55,769.966,769.706,772.808,773.651,764.241,740.084,699.209,644.637,579.957,510.229,438.876,
390.519,436.766,478.038,511.961,536.395,550.634,554.408,551.096,544.139,538.43,538.838,544.305,550.797,554.136,549.239,535.133,509.879,475.832,434.343,388.082,
307.048,333.654,357.692,378.448,396.077,406.89,412.265,411.564,407.839,404.62,404.806,407.571,410.686,410.384,405.004,393.579,376.644,355.539,331.085,304.506,
399.197,450.379,498.983,543.474,580.978,608.837,626.775,634.722,634.951,633.792,634.066,636.464,635.685,628.487,610.685,582.719,545.311,500.757,451.878,400.871,
538.108,666.333,799.113,924.136,1033.741,1125.217,1193.724,1235.957,1252.102,1253.102,1251.448,1246.844,1227.832,1183.997,1114.29,1023.653,914.572,790.745,659.485,531.384,
653.072,860.46,1116.432,1424.068,1776.53,2156.643,2533.14,2863.773,3100.646,3212.8,3212.588,3098.601,2861.755,2530.228,2152.556,1773.587,1421.862,1115.766,860.252,652.874,
536.887,709.806,912.788,1138.634,1377.232,1612.25,1821.707,1986.392,2092.132,2141.145,2141.535,2094.712,1988.732,1826.481,1617.281,1382.197,1142.106,915.318,712.229,537.879,
346.957,370.046,387.346,398.364,402.286,399.757,391.53,380.48,369.337,362.495,362.448,369.436,380.504,391.821,400.003,402.528,398.867,388.017,371.036,348.107,
374.749,394.92,403.96,402.741,393.419,379.096,362.072,345.261,331.514,323.381,323.297,330.906,344.555,360.748,377.148,390.917,399.579,399.975,389.985,369.531,
129.452,128.484,126.657,123.991,120.374,115.951,110.966,106.042,101.843,99.396,99.443,101.839,106.031,110.962,115.901,120.29,123.915,126.623,128.502,129.418,
496.014,621.778,769.087,938.87,1129.751,1332.083,1530.926,1701.051,1821.095,1877.424,1876.92,1820.022,1701.155,1532.643,1336.309,1135.95,946.264,776.287,629.182,502.828,
468.102,501.188,525.694,540.634,545.916,541.812,530.168,513.571,496.255,485.976,485.627,495.802,512.441,528.947,540.228,543.776,538.047,522.49,498.048,465.113,
403.235,478.89,559.176,638.977,716.074,784.26,838.219,875.282,894.462,901.854,902.42,897.147,879.321,842.246,788.338,720.282,643.164,561.996,481.586,404.971,
421.044,465.757,508.887,547.183,579.868,603.816,617.669,621.756,619.302,615.532,615.488,619.697,622.477,618.767,605.018,581.659,549.398,510.555,468.221,423.42,
210.517,209.741,206.345,200.581,192.942,183.956,174.074,164.645,156.883,152.574,152.547,156.947,164.658,174.397,184.156,193.158,200.76,206.533,209.859,210.439,
422.859,501.683,582.224,660.731,731.654,790.76,834.078,860.283,870.899,873.985,874.087,871.253,859.786,833.752,790.927,731.101,659.429,581.201,500.303,421.199,
502.664,611.833,734.27,864.15,994.948,1119.354,1225.014,1303.636,1351.357,1369.77,1369.17,1351.488,1303.41,1224.589,1120.036,995.879,864.371,734.702,613.133,503.272,
549.737,702.257,891.069,1118.893,1382.976,1670.784,1960.663,2220.832,2414.599,2510.953,2509.423,2411.58,2217.733,1957.887,1668.204,1381.302,1118.046,891.714,703.423,551.813,
89.758,90.541,91.61,93.023,94.909,97.359,100.463,104.189,107.781,110.167,110.554,108.68,105.435,101.938,98.786,96.334,94.406,92.963,91.767,90.765,
408.39,531.883,676.323,837.758,1009.51,1182.344,1340.586,1471.612,1562.936,1607.362,1607.412,1561.733,1469.757,1337.958,1177.765,1004.318,831.871,669.627,525.81,403.267,
383.945,525.684,705.414,922.704,1165.505,1416.02,1646.155,1832.959,1957.093,2014.087,2012.985,1955.107,1828.911,1639.15,1406.547,1154.272,910.003,694.452,514.988,373.747,
638.52,950.801,1314.675,1686.345,2014.716,2272.442,2440.915,2522.765,2541.627,2537.184,2537.084,2544.374,2526.369,2446.923,2278.554,2021.584,1691.309,1319.233,953.341,641.473,
545.606,618.423,684.028,738.794,779.737,804.062,811.053,803.154,787.647,775.429,776.179,788.043,803.372,810.497,802.748,777.431,735.62,679.744,613.656,540.711,
271.965,276.332,277.304,274.986,269.696,261.837,251.946,241.501,232.701,227.534,227.656,232.784,241.663,252.274,261.919,269.628,274.622,276.712,275.436,270.353,
356.178,406.404,457.767,507.279,551.829,588.619,613.815,626.952,629.238,628.168,628.445,628.807,625.72,612.743,587.646,551.015,506.811,456.905,405.796,355.588,
335.745,387.787,441.145,493.209,541.972,584.379,616.119,636.353,645.749,647.767,647.821,644.428,634.703,613.56,581.237,538.523,489.825,437.591,384.642,333.2,
620.192,740.691,869.321,1000.035,1123.474,1230.541,1311.935,1363.714,1388.005,1394.53,1394.908,1388.0,1363.155,1311.401,1229.523,1121.691,997.832,866.832,737.824,617.14,
592.988,735.434,889.105,1048.34,1204.205,1344.842,1459.243,1539.317,1584.951,1603.022,1603.346,1585.663,1540.981,1460.232,1345.807,1205.548,1049.674,889.939,735.76,593.349,
384.168,437.013,489.518,538.924,582.336,616.926,639.131,649.774,651.338,649.513,649.69,651.765,650.64,640.344,618.589,584.711,541.604,492.39,440.102,387.243,
348.866,483.325,654.877,866.518,1117.295,1399.122,1691.081,1961.264,2168.24,2274.759,2271.388,2166.935,1958.778,1684.823,1393.684,1112.946,863.316,652.296,482.106,347.551,
476.36,536.192,594.003,648.822,697.122,735.804,761.928,776.001,780.035,780.272,780.733,781.493,778.345,765.265,739.69,701.713,653.834,599.425,540.735,480.354,
596.617,713.338,835.219,957.921,1076.588,1181.16,1262.789,1314.843,1339.24,1344.262,1343.685,1335.371,1308.664,1254.156,1172.09,1067.567,949.323,826.857,706.315,590.676,
37.09,32.627,29.178,26.415,24.11,22.166,20.474,19.078,18.046,17.489,17.482,18.02,19.017,20.376,22.019,23.923,26.166,28.881,32.306,36.752,
373.473,420.808,465.716,505.623,539.001,562.447,576.449,581.227,579.172,575.971,576.155,579.437,581.83,577.736,563.69,540.161,507.503,467.655,423.141,375.546,
159.604,154.814,149.478,143.838,138.078,132.004,125.993,120.287,115.661,113.115,113.073,115.702,120.355,126.024,132.03,138.063,143.983,149.561,154.971,159.949,
808.329,1054.831,1313.433,1565.3,1787.366,1960.544,2073.159,2129.139,2142.904,2139.75,2139.539,2144.63,2131.391,2076.579,1963.929,1790.87,1568.529,1316.423,1057.85,811.429,
444.097,509.941,571.635,626.303,671.904,705.504,726.57,735.304,735.741,733.164,733.644,736.236,735.983,727.161,706.573,672.462,627.864,572.673,511.664,446.192,
768.013,970.592,1163.811,1329.138,1455.937,1540.121,1585.987,1599.549,1595.712,1586.996,1587.793,1594.81,1600.427,1585.425,1539.512,1453.926,1326.992,1161.927,969.624,766.959,
422.526,531.776,659.765,805.311,961.091,1121.0,1272.97,1402.272,1494.429,1540.533,1541.467,1498.24,1408.257,1279.39,1126.796,965.576,809.373,664.794,536.311,426.086,
479.489,575.011,675.747,774.012,863.782,938.413,990.799,1020.92,1032.8,1034.304,1032.58,1028.88,1014.467,982.161,926.796,851.887,761.491,663.755,564.447,470.695,
679.963,874.432,1081.238,1287.691,1486.563,1668.392,1820.173,1928.907,1989.331,2013.878,2014.543,1991.727,1931.526,1824.094,1673.057,1491.347,1293.359,1085.582,878.762,682.26,
59.244,54.758,51.074,47.96,45.22,42.649,40.254,38.081,36.405,35.491,35.475,36.494,38.146,40.409,42.842,45.53,48.369,51.609,55.403,60.028,
306.177,314.175,317.485,315.9,310.082,300.427,288.194,275.174,263.999,257.746,257.812,264.09,275.111,287.995,300.314,309.997,316.009,317.61,314.428,306.29,
329.773,380.573,430.285,476.743,515.4,544.126,561.681,568.735,568.199,565.145,564.894,567.222,568.288,560.232,541.915,512.387,473.08,426.249,376.354,325.523,
404.994,491.617,587.66,692.036,796.728,895.552,978.78,1039.475,1074.995,1087.367,1088.024,1075.631,1042.445,982.345,898.955,800.1,695.303,590.011,493.876,407.093,
361.629,395.897,425.223,448.582,465.473,475.221,477.737,474.613,469.084,464.091,463.888,467.626,472.673,475.14,472.077,462.238,445.295,421.538,392.895,359.587,
488.683,590.978,697.253,802.998,901.383,985.52,1050.127,1092.721,1113.432,1119.87,1121.597,1116.481,1097.415,1058.698,995.998,911.992,813.259,707.532,600.072,496.89,
328.738,356.327,380.082,398.629,410.602,415.687,414.404,408.278,400.719,395.632,395.701,401.083,408.67,414.686,415.415,409.645,397.401,378.532,354.872,327.342,
294.974,323.752,350.852,375.619,396.546,412.138,421.037,424.06,422.572,420.483,420.391,422.408,423.646,420.713,411.588,396.218,375.68,350.847,323.909,295.423,
362.088,408.614,452.547,494.245,529.303,556.792,573.968,581.27,581.184,578.93,579.104,580.25,579.495,571.797,554.36,527.441,492.208,451.474,407.355,361.951,
570.27,820.14,1127.348,1479.634,1856.723,2221.745,2536.651,2777.232,2927.264,2995.098,2999.29,2935.257,2786.778,2552.369,2236.753,1871.977,1495.556,1140.714,831.453,579.348,
535.866,653.051,768.813,874.226,962.151,1028.115,1068.636,1088.217,1091.965,1090.128,1088.622,1088.981,1082.942,1061.457,1018.196,951.219,862.896,758.062,643.904,528.133,
362.594,417.98,474.422,528.457,576.561,615.132,640.435,652.776,654.967,653.74,653.18,653.715,650.124,637.368,611.334,572.718,524.743,470.666,414.832,360.318,
88.957,86.087,83.582,81.118,78.389,75.227,71.788,68.426,65.656,64.039,64.043,65.635,68.459,71.77,75.258,78.368,81.066,83.535,85.961,88.849,
22.394,20.561,19.297,18.351,17.598,16.894,16.191,15.521,14.957,14.634,14.628,14.93,15.497,16.171,16.852,17.552,18.266,19.208,20.462,22.264,
495.535,629.719,779.336,939.907,1105.202,1264.564,1406.691,1518.294,1592.173,1625.324,1626.004,1594.871,1523.14,1411.728,1270.738,1111.013,945.252,783.749,633.21,498.214,
506.261,632.697,765.96,899.576,1025.553,1133.98,1216.152,1267.804,1291.941,1299.573,1299.97,1294.134,1270.759,1220.428,1139.217,1030.732,904.559,770.589,636.816,509.966,
351.324,384.149,413.317,437.335,454.752,464.474,466.686,462.635,455.87,450.964,450.839,455.816,462.29,466.078,463.767,453.668,436.006,412.151,382.97,350.312,
414.663,470.285,524.813,574.384,615.318,644.295,659.714,662.862,658.729,654.098,654.367,658.811,663.422,660.654,645.631,617.117,576.297,526.798,472.156,416.44,
502.966,613.373,731.023,851.523,971.193,1081.962,1177.586,1250.023,1295.33,1315.338,1315.528,1296.387,1250.339,1177.898,1082.159,971.924,852.806,731.341,613.941,503.495,
517.884,623.038,736.387,854.184,969.824,1076.135,1163.027,1223.366,1256.7,1268.408,1267.516,1256.578,1222.211,1161.765,1074.098,968.21,852.468,735.44,622.161,517.308,
504.423,602.465,706.854,813.485,915.166,1004.729,1074.281,1119.871,1143.055,1151.203,1151.914,1144.294,1121.355,1075.969,1006.129,916.827,814.733,707.923,603.298,505.264,
485.681,679.829,913.385,1195.458,1532.645,1919.832,2324.155,2695.77,2973.691,3115.424,3114.294,2972.903,2694.45,2325.219,1921.016,1535.118,1198.464,916.497,682.268,487.963,
460.943,520.063,576.853,627.784,670.236,700.591,716.86,720.797,716.274,710.743,710.235,714.879,718.889,714.244,697.097,666.421,623.731,572.583,516.253,457.606,
191.136,190.294,188.065,184.448,180.127,174.879,168.935,162.81,157.556,154.503,154.592,157.59,162.779,168.934,174.799,180.188,184.541,188.089,190.388,191.331,
462.824,528.814,590.989,646.805,692.803,725.367,744.13,749.98,747.317,743.58,743.688,747.587,750.172,744.571,726.349,693.562,648.013,592.29,529.924,463.946,
515.423,592.645,668.787,738.953,798.409,843.469,870.066,879.082,876.205,871.244,871.161,876.46,879.998,871.19,844.95,800.313,740.201,669.826,593.719,516.349,
544.196,722.059,943.674,1211.728,1525.376,1873.59,2228.703,2551.322,2789.145,2902.653,2904.518,2795.208,2559.119,2239.135,1881.778,1532.176,1217.45,948.582,726.598,548.357,
299.643,327.352,352.505,373.479,389.314,398.937,402.191,400.17,395.501,392.003,392.011,395.935,400.709,402.784,399.878,390.283,374.735,353.733,328.814,301.026,
644.423,739.698,820.522,881.021,918.015,932.532,928.536,910.888,889.958,875.515,875.979,890.563,911.947,929.634,933.379,917.879,879.38,817.779,736.047,639.427,
365.245,435.427,511.569,590.593,668.211,738.526,797.134,838.974,861.831,870.772,870.522,861.649,837.878,796.336,737.669,666.699,588.867,510.011,434.058,363.91,
321.347,362.733,403.582,441.744,474.622,500.077,516.221,523.641,524.639,523.277,522.867,523.411,521.945,513.771,496.957,471.252,438.097,400.136,359.662,318.791,
543.645,687.001,848.598,1016.251,1187.669,1342.399,1474.488,1569.118,1625.983,1648.129,1649.963,1625.168,1566.316,1468.521,1337.737,1182.67,1012.415,842.642,683.823,539.119,
454.764,561.277,676.587,795.744,909.916,1008.976,1083.355,1128.201,1147.324,1152.799,1152.703,1147.19,1127.441,1082.48,1007.73,908.757,794.544,675.339,560.232,453.636,
387.015,440.764,492.977,541.617,584.503,618.069,640.934,653.151,656.682,656.951,656.746,657.03,653.649,641.892,619.113,585.6,543.315,494.567,442.572,388.705,
87.562,84.433,81.161,77.656,74.089,70.405,66.822,63.453,60.818,59.259,59.269,60.768,63.437,66.84,70.42,74.078,77.695,81.182,84.473,87.543,
378.578,407.243,431.777,451.307,464.809,471.992,472.121,466.897,459.524,454.095,454.024,458.968,466.147,471.148,470.656,463.212,449.237,429.537,404.571,375.775,
459.097,564.811,682.03,807.708,939.107,1068.973,1187.789,1285.022,1350.452,1382.144,1382.735,1352.954,1288.462,1191.62,1072.58,942.267,810.076,683.972,566.506,460.471,
388.485,431.615,472.406,508.575,537.284,556.243,564.594,564.262,559.224,554.879,555.192,559.79,565.477,566.17,558.215,539.362,510.766,474.592,433.491,390.51,
147.46,152.152,152.916,147.447,136.237,122.526,109.864,100.612,95.269,92.804,92.514,94.565,100.054,109.828,123.236,138.01,150.272,156.835,156.875,152.431,
467.688,559.3,658.008,761.661,864.766,960.377,1042.716,1103.663,1140.071,1154.846,1154.713,1139.6,1102.352,1040.954,957.983,861.229,758.128,654.804,555.961,465.126,
340.617,365.543,385.358,399.504,406.908,407.99,403.437,395.09,386.191,380.634,380.673,386.369,395.126,403.471,407.837,406.83,399.159,385.006,364.912,339.872,
358.798,403.904,448.876,491.553,528.535,557.081,574.714,581.631,580.609,577.543,577.331,579.809,579.804,572.535,554.65,525.991,488.759,446.529,401.767,357.058,
433.416,539.817,662.437,797.873,943.334,1091.143,1229.713,1346.284,1427.948,1467.375,1467.595,1428.528,1346.295,1228.836,1089.219,941.897,797.194,661.311,539.137,433.032,
373.884,507.711,669.271,854.327,1053.526,1250.114,1423.497,1555.568,1635.485,1670.665,1669.657,1635.5,1555.378,1424.337,1250.835,1054.255,854.971,669.959,508.623,375.202,
306.953,350.393,394.623,437.41,476.639,511.762,528.914,538.395,541.715,541.709,541.791,541.457,537.426,525.925,504.541,473.869,436.142,393.775,349.929,306.716,
523.69,798.069,1143.699,1539.655,1958.74,2368.554,2741.333,3048.238,3258.778,3358.098,3359.628,3261.199,3050.151,2744.503,2370.861,1959.325,1540.764,1144.375,799.158,524.737,
293.914,318.16,340.019,358.174,370.839,377.006,376.408,370.716,363.037,357.958,358.704,364.874,373.722,380.21,381.065,374.209,360.949,342.226,319.639,294.761,
506.929,593.933,679.154,757.664,823.51,872.711,901.416,911.968,910.249,906.014,905.912,910.232,911.613,901.113,872.111,823.579,757.626,679.062,593.991,506.884,
608.36,701.253,792.723,878.719,955.616,1017.825,1061.878,1087.227,1096.752,1097.87,1097.511,1095.406,1085.184,1059.412,1015.029,952.757,876.528,790.667,699.642,607.124,
429.317,543.39,672.359,812.552,955.024,1091.717,1210.841,1301.605,1357.787,1381.345,1380.866,1356.744,1299.19,1207.583,1088.449,951.975,809.878,670.34,541.701,428.143,
324.286,368.153,411.515,451.624,485.506,509.967,523.85,527.663,524.963,521.285,520.215,522.38,523.553,518.746,504.225,479.54,446.14,406.579,364.185,320.828,
516.262,594.738,669.811,738.569,797.951,843.778,874.09,888.723,891.825,890.659,890.558,892.163,889.222,874.563,845.104,799.411,740.53,671.647,595.72,516.473,
345.728,374.577,399.458,418.597,430.661,435.016,431.677,423.295,413.631,407.222,407.233,413.438,422.787,431.059,434.082,429.643,417.375,397.954,373.19,344.346,
484.611,563.267,644.451,722.815,794.41,851.258,889.629,908.558,912.142,910.286,910.001,911.655,907.265,888.7,850.808,793.401,722.739,643.9,563.008,484.411,
566.234,700.063,840.094,980.884,1118.439,1242.192,1345.449,1419.411,1461.056,1473.929,1473.869,1457.919,1415.326,1339.325,1236.222,1111.866,975.792,835.368,695.745,562.67,
609.718,745.664,890.524,1039.795,1185.996,1319.055,1429.431,1508.479,1551.496,1566.421,1567.063,1553.207,1510.458,1432.222,1322.581,1188.911,1042.648,893.459,747.934,612.412,
121.595,119.969,117.811,115.041,111.551,107.361,102.645,97.916,93.971,91.717,91.741,94.082,98.14,102.941,107.788,112.114,115.732,118.597,120.862,122.617,
205.696,218.026,229.38,237.942,242.415,241.307,234.815,224.552,213.926,206.924,206.594,213.165,223.796,234.476,241.511,243.24,239.078,230.525,219.244,206.684,
429.367,484.803,536.054,580.926,616.783,640.831,652.407,652.66,646.515,640.66,640.655,646.081,651.819,651.499,639.997,615.619,580.071,535.41,484.303,428.914,
395.845,528.443,693.956,891.222,1111.426,1338.528,1548.042,1717.338,1830.688,1884.493,1885.016,1832.996,1720.318,1551.973,1342.966,1116.321,895.616,698.486,532.048,398.558,
653.046,768.994,890.001,1011.872,1127.201,1229.1,1309.936,1364.116,1393.155,1403.288,1404.237,1395.813,1368.665,1315.495,1235.984,1134.435,1018.886,897.607,775.527,659.063,
327.454,346.304,360.135,368.437,370.783,367.525,359.34,348.632,338.108,331.681,331.582,338.317,348.709,359.373,367.653,371.077,368.869,360.81,347.053,328.292,
556.116,746.018,977.123,1254.875,1585.744,1968.985,2394.425,2818.32,3167.267,3358.37,3360.906,3173.449,2831.185,2411.334,1987.264,1602.068,1268.476,988.03,755.717,564.967,
266.519,274.407,278.141,277.837,273.853,266.89,257.614,247.737,239.092,234.056,234.007,239.206,248.008,257.916,267.334,274.357,278.284,278.752,274.99,267.075,
489.199,561.023,631.359,696.487,753.728,799.335,830.244,846.145,850.534,850.452,850.87,851.455,846.971,830.998,800.77,755.421,698.813,633.634,563.954,492.59,
512.926,614.581,720.742,824.898,918.644,993.933,1044.437,1069.681,1076.373,1074.553,1075.179,1076.414,1070.117,1045.339,994.757,919.407,825.394,720.75,614.088,512.205,
364.626,406.176,446.095,482.777,512.931,534.185,545.076,546.842,543.027,539.43,539.331,543.507,547.553,545.959,535.3,514.492,484.33,447.984,407.877,366.674,
718.517,879.824,1052.488,1227.517,1393.635,1536.653,1644.377,1712.783,1742.152,1750.275,1750.251,1743.534,1713.39,1646.548,1538.871,1395.427,1230.083,1054.345,881.329,719.559,
653.91,841.718,1038.566,1233.756,1418.116,1576.224,1695.694,1768.913,1801.003,1808.891,1808.672,1801.169,1770.025,1697.248,1579.205,1421.098,1238.023,1042.432,845.491,656.564,
613.104,805.027,1019.189,1241.208,1455.813,1643.737,1794.795,1903.22,1967.17,1995.015,1994.647,1966.777,1901.771,1794.303,1642.79,1454.816,1241.616,1019.646,805.901,614.222,
590.525,686.289,769.811,836.359,881.089,905.626,910.452,901.911,888.972,879.294,878.754,887.62,899.865,907.15,901.406,876.937,831.885,766.335,682.9,587.76,
556.031,758.423,1000.589,1281.174,1597.104,1942.55,2302.57,2641.226,2908.133,3048.608,3050.845,2909.867,2645.698,2307.621,1947.023,1600.755,1284.317,1003.36,760.574,557.771,
342.092,367.603,388.349,403.757,413.22,416.784,414.622,407.984,400.484,395.402,395.477,400.578,408.153,414.432,416.673,413.141,403.505,388.091,367.129,341.633,
349.876,396.345,442.198,484.513,520.858,548.601,566.298,573.855,574.302,572.569,572.382,573.761,572.821,564.909,547.472,519.929,483.869,441.778,396.473,350.505,
479.201,595.593,725.609,864.033,1000.8,1126.142,1227.729,1299.136,1338.093,1351.879,1352.067,1338.124,1298.794,1227.594,1124.854,1000.187,862.668,724.861,595.476,478.573,
163.751,162.686,160.099,156.336,151.719,146.234,140.302,134.359,129.385,126.539,126.567,129.384,134.414,140.472,146.329,151.794,156.451,160.202,162.715,163.714,
452.701,543.801,640.259,738.935,835.283,923.267,996.69,1050.144,1082.602,1096.321,1096.906,1083.567,1051.84,998.689,925.835,837.754,741.418,642.111,545.106,454.026,
511.949,671.1,858.582,1070.709,1298.754,1527.856,1738.761,1910.677,2025.641,2078.021,2077.981,2026.678,1912.276,1742.026,1531.902,1301.95,1073.03,860.918,673.065,512.986,
574.887,694.856,821.365,948.29,1067.111,1169.915,1247.831,1297.536,1321.258,1329.134,1329.154,1322.179,1298.47,1249.312,1171.209,1068.289,948.751,822.083,695.166,574.947,
609.926,700.825,788.864,871.216,942.344,997.564,1032.087,1046.223,1046.382,1042.098,1042.312,1046.891,1046.869,1032.789,998.327,943.208,871.688,789.109,701.002,610.313,
453.357,529.812,608.988,687.237,761.346,824.342,871.545,900.479,912.789,915.588,915.563,913.307,901.995,872.965,825.657,762.985,689.299,610.527,531.052,454.31,
232.417,229.546,223.766,216.035,206.881,196.931,186.582,176.741,168.929,164.465,164.492,168.959,176.945,186.825,197.184,207.224,216.396,224.102,229.982,232.965,
196.521,208.145,218.28,225.914,230.618,232.053,230.106,225.953,221.314,218.156,218.057,220.914,225.439,229.452,231.265,229.895,225.25,217.628,207.702,196.016,
538.06,640.553,750.338,863.371,975.029,1079.269,1167.725,1234.031,1273.608,1290.309,1289.653,1271.885,1231.552,1165.529,1077.459,973.51,861.67,749.224,639.535,537.011,
560.202,703.809,862.585,1028.745,1192.089,1338.227,1453.426,1530.991,1571.38,1585.133,1584.449,1568.617,1527.542,1449.282,1333.577,1187.477,1025.158,858.943,701.152,558.091,
702.427,890.158,1094.589,1307.843,1515.809,1702.045,1845.957,1935.547,1974.808,1983.537,1981.875,1970.875,1929.089,1837.023,1691.226,1504.517,1296.081,1084.046,880.342,694.373,
115.485,110.235,105.271,100.392,95.515,90.487,85.463,80.825,77.129,75.072,75.046,77.14,80.841,85.476,90.511,95.502,100.383,105.206,110.116,115.311,
374.348,433.05,495.395,559.013,620.95,676.582,721.045,751.43,767.343,772.965,772.986,767.323,751.18,721.01,676.492,621.454,560.067,496.651,434.448,375.973,
394.245,435.622,472.464,503.232,526.82,541.687,547.37,545.583,539.507,534.837,534.64,539.479,545.442,547.772,542.09,527.605,504.306,473.469,436.893,395.687,
257.883,273.434,287.683,299.761,308.976,314.462,315.988,314.024,310.423,307.571,307.413,310.092,313.706,315.577,313.988,308.432,299.224,286.897,272.718,257.095,
378.677,419.917,458.591,493.129,521.254,541.173,551.321,552.393,548.167,543.66,543.674,547.833,552.205,550.849,540.464,520.435,492.323,457.774,419.317,378.215,
509.147,565.293,617.808,662.927,697.181,718.433,726.211,723.057,714.559,708.263,708.733,716.491,726.149,730.724,723.892,703.391,669.383,624.097,571.318,514.364,
261.039,269.1,273.319,273.743,270.768,264.789,256.69,247.355,239.288,234.391,234.455,239.247,247.44,256.675,265.028,271.134,274.089,273.71,269.739,261.69,
66.1,61.423,57.249,53.489,50.156,47.117,44.323,41.859,39.934,38.862,38.861,39.949,41.873,44.341,47.107,50.131,53.447,57.188,61.398,66.094,
207.523,206.059,202.447,196.999,190.274,182.486,174.117,166.075,159.461,155.588,155.587,159.443,165.925,174.058,182.318,190.095,196.665,201.912,205.399,206.478,
163.83,162.805,160.496,156.804,152.064,146.37,140.196,134.247,129.131,126.348,126.316,129.231,134.232,140.199,146.373,152.02,156.838,160.535,162.844,163.839,
554.057,667.904,782.162,893.18,993.879,1079.257,1142.705,1182.587,1200.736,1205.491,1205.029,1199.787,1180.267,1139.781,1075.808,991.2,890.051,780.609,666.718,554.1,
414.168,552.099,723.725,929.649,1166.543,1425.33,1683.185,1913.604,2085.583,2174.361,2173.337,2085.441,1913.617,1683.359,1426.387,1168.829,931.478,724.794,553.502,415.608,
117.161,110.205,104.037,98.585,93.593,88.994,84.624,80.635,77.443,75.66,75.601,77.453,80.646,84.58,89.019,93.602,98.51,103.928,110.1,116.91,
375.021,412.342,446.1,474.834,497.167,511.978,517.764,515.82,509.659,504.744,504.786,510.637,517.686,520.116,515.17,501.124,478.988,450.328,416.466,378.893,
51.901,50.559,49.654,49.146,49.437,51.076,54.547,59.93,66.332,70.976,70.81,66.253,59.771,54.141,50.573,48.767,48.389,48.835,49.815,51.203,
684.194,865.292,1033.979,1167.927,1254.522,1294.904,1299.365,1278.977,1247.783,1224.619,1223.911,1247.743,1279.117,1300.441,1297.266,1257.98,1172.744,1040.041,870.702,688.089,
506.666,647.647,807.221,979.268,1154.643,1322.066,1466.845,1576.234,1645.009,1675.199,1674.914,1644.666,1576.501,1466.577,1322.315,1155.048,980.137,808.075,648.945,507.488,
450.584,536.61,625.193,712.105,790.76,856.928,904.417,933.091,943.838,946.289,946.262,945.203,934.386,907.112,859.51,794.154,714.585,627.674,538.794,452.466,
564.183,728.016,917.658,1126.765,1350.236,1573.121,1775.944,1939.453,2048.321,2095.603,2096.084,2049.744,1942.024,1779.935,1577.958,1356.457,1134.326,925.12,736.484,572.052,
363.425,399.872,433.044,460.439,481.275,494.421,499.613,498.067,493.223,489.107,488.964,493.272,498.251,500.06,494.807,481.876,461.263,433.592,401.061,364.517,
488.41,567.793,648.863,727.668,799.387,857.726,898.864,921.479,928.943,929.035,929.111,928.441,920.65,898.193,856.58,798.11,727.285,648.617,567.841,488.85,
351.059,372.885,389.159,399.274,403.001,400.034,391.686,379.89,368.747,361.559,361.633,368.532,379.863,391.42,399.733,402.772,398.799,388.637,372.031,350.087,
281.057,303.24,322.523,338.01,348.155,352.065,350.007,343.452,335.579,330.448,330.587,335.855,343.692,350.339,352.471,348.721,338.81,323.493,304.119,282.047,
457.376,539.285,625.947,712.468,793.28,860.166,909.154,937.292,948.553,951.124,950.507,947.7,935.492,906.415,857.111,789.362,708.554,622.001,535.455,453.449,
451.029,514.483,575.086,631.445,678.83,714.876,737.698,746.867,746.976,743.998,743.416,746.196,745.77,736.244,713.391,676.841,629.106,573.342,512.603,449.018,
382.869,430.91,478.137,521.956,560.362,590.545,609.829,618.877,620.036,618.388,618.037,619.129,617.196,607.65,587.403,557.343,518.917,474.781,427.809,379.641,
568.174,709.563,867.7,1038.105,1215.426,1387.504,1539.085,1659.267,1737.005,1772.641,1772.836,1737.663,1659.807,1540.004,1387.811,1216.966,1040.977,869.956,712.07,570.827,
400.196,458.445,516.242,569.908,615.11,648.665,668.211,675.005,673.704,670.271,670.021,673.271,674.76,667.769,647.978,614.622,568.989,516.004,458.689,400.808,
621.867,730.126,840.692,949.81,1052.311,1141.289,1209.342,1253.332,1274.056,1279.827,1280.379,1274.536,1253.139,1209.362,1141.033,1052.135,949.624,840.701,729.756,621.605,
430.388,490.259,549.815,605.899,654.386,691.578,714.581,723.671,723.48,721.018,720.644,723.06,722.873,713.016,689.941,652.541,603.999,547.969,488.476,428.708,
470.376,537.004,599.911,655.463,700.769,732.311,749.305,753.502,749.26,744.195,744.431,748.691,752.741,748.46,731.151,698.825,653.493,597.536,534.43,468.147,
348.394,390.379,430.276,465.946,495.561,517.376,529.744,533.978,531.904,529.287,529.058,531.391,532.741,528.683,515.602,493.711,463.682,427.85,387.958,346.01,
434.716,558.833,705.888,871.416,1048.382,1226.809,1389.159,1520.645,1608.783,1648.175,1647.746,1608.234,1519.65,1387.502,1225.186,1048.499,872.293,706.685,560.695,436.145,
508.95,630.044,761.562,900.636,1042.646,1179.684,1298.26,1387.375,1438.422,1458.738,1458.925,1439.103,1388.237,1299.702,1179.358,1042.573,900.345,760.838,629.584,508.21,
738.092,922.553,1116.606,1309.202,1487.805,1642.28,1764.553,1846.275,1888.802,1903.486,1903.691,1887.087,1843.871,1760.684,1638.189,1484.013,1307.245,1114.907,921.794,736.515,
164.193,167.09,168.279,167.585,165.06,160.926,155.526,149.603,144.513,141.456,141.387,144.426,149.624,155.427,160.847,165.046,167.605,168.37,167.374,164.541,
363.349,490.395,657.829,869.254,1121.937,1404.218,1694.49,1957.343,2153.885,2252.843,2250.272,2148.029,1949.494,1685.763,1397.039,1115.089,864.119,654.429,487.389,361.281,
414.066,544.885,713.025,930.659,1209.097,1555.793,1961.655,2385.82,2749.148,2954.296,2951.459,2743.274,2377.815,1952.897,1548.642,1203.161,926.283,710.653,543.392,413.372,
299.291,334.859,369.152,400.158,425.777,444.305,454.835,457.77,455.996,453.604,453.244,455.506,456.686,453.332,442.394,423.597,397.711,366.788,332.467,296.946,
528.573,655.301,799.071,954.128,1112.3,1259.585,1383.169,1473.046,1525.32,1545.669,1545.366,1525.226,1472.833,1383.17,1258.897,1111.293,953.6,797.915,654.147,527.313,
118.411,116.095,114.118,112.099,109.797,107.236,104.289,101.268,98.689,97.238,97.175,98.574,101.05,103.991,106.885,109.48,111.689,113.606,115.636,117.875,
471.393,620.218,805.64,1029.003,1284.06,1557.641,1826.021,2058.393,2224.079,2303.87,2303.494,2222.305,2056.156,1823.944,1556.265,1282.927,1028.443,805.533,619.945,471.903,
284.345,301.169,314.761,324.992,331.06,332.84,330.192,324.738,318.31,314.082,313.985,318.219,324.528,330.069,332.621,330.771,324.904,314.633,300.878,284.257,
477.084,561.162,649.033,736.394,817.251,885.639,935.925,966.268,980.077,984.176,984.82,981.96,969.165,939.613,889.922,821.944,740.961,653.194,564.867,480.101,
565.21,728.358,894.789,1056.604,1205.11,1335.009,1436.213,1502.969,1535.705,1545.756,1545.648,1535.78,1502.979,1436.301,1334.858,1204.75,1055.09,893.053,726.279,563.914,
646.74,833.372,1047.489,1281.546,1522.09,1749.774,1942.259,2080.404,2157.793,2186.947,2187.086,2158.828,2082.265,1944.546,1752.708,1525.372,1284.764,1050.603,836.653,649.747,
437.569,497.573,553.273,601.598,640.074,665.655,677.829,677.663,670.094,663.175,662.735,669.633,676.869,677.206,665.47,639.682,601.729,553.531,497.786,437.694,
519.978,618.119,718.487,816.326,905.935,980.79,1035.559,1069.195,1084.427,1088.862,1088.799,1084.806,1069.639,1036.356,981.56,906.951,817.316,719.424,618.356,520.212,
427.141,505.053,582.761,655.575,719.295,767.897,799.727,814.374,817.301,815.169,814.799,816.622,813.482,798.111,766.055,716.251,652.849,579.865,502.156,424.445,
159.065,157.984,156.338,154.337,151.511,147.898,143.353,138.491,134.239,131.61,131.652,134.183,138.365,143.167,147.57,151.262,154.009,155.983,157.523,158.515,
72.66,72.185,71.751,71.124,70.228,69.096,67.825,66.636,65.694,65.2,65.224,65.785,66.73,67.952,69.185,70.346,71.141,71.789,72.273,72.679,
542.438,647.807,758.925,873.215,983.703,1080.807,1157.669,1208.197,1233.408,1240.215,1240.937,1235.32,1210.806,1160.474,1084.264,987.475,876.524,762.389,649.809,544.42,
499.818,533.022,554.864,565.383,565.316,555.544,538.496,518.049,499.308,488.303,488.222,499.257,517.496,537.74,554.612,564.421,564.577,553.671,531.637,498.036,
328.763,458.693,628.412,839.598,1088.087,1361.966,1637.624,1885.99,2070.234,2162.511,2160.609,2063.386,1876.389,1626.481,1350.283,1077.638,830.499,620.919,452.297,324.199,
516.184,654.708,815.578,998.694,1200.274,1408.879,1610.141,1783.449,1908.194,1969.939,1971.524,1912.824,1790.802,1619.577,1419.496,1210.26,1008.109,823.894,662.028,521.932,
568.306,689.375,815.415,939.932,1056.221,1155.863,1231.268,1279.004,1301.648,1308.306,1308.016,1302.251,1279.529,1231.629,1155.645,1055.692,938.88,813.492,687.925,567.316,
345.055,383.092,418.04,448.722,473.096,489.621,497.125,497.073,492.122,487.973,488.033,492.178,496.876,497.515,489.968,473.915,449.666,419.376,384.276,346.621,
465.616,521.56,572.991,616.642,650.101,671.211,679.34,677.126,669.056,662.609,662.473,668.804,676.382,678.542,669.791,648.321,614.572,570.557,519.108,462.956,
513.517,605.945,700.382,791.714,873.576,940.539,988.212,1014.856,1023.595,1023.116,1022.568,1022.483,1012.322,985.38,937.275,870.313,788.589,697.266,603.359,511.036,
318.979,346.311,371.423,392.793,409.405,419.743,423.729,422.034,417.198,413.654,413.428,417.362,422.018,423.681,419.819,409.401,393.018,371.349,346.207,318.763,
313.942,351.819,387.56,419.37,444.816,462.478,471.509,472.621,469.644,466.495,466.745,470.479,474.131,473.447,464.992,447.575,422.114,390.432,354.49,316.359,
359.662,491.665,665.99,886.72,1151.796,1449.968,1759.395,2045.214,2263.401,2374.469,2374.84,2263.711,2043.476,1757.453,1446.646,1146.704,881.132,661.372,486.959,355.54,
335.113,350.542,361.183,367.332,368.465,364.74,356.903,346.81,337.046,330.99,331.084,337.083,346.698,356.948,364.736,368.561,367.383,361.527,350.96,335.464,
281.331,293.078,301.176,305.739,306.383,303.183,296.401,287.619,279.058,273.991,273.938,279.06,287.478,296.098,302.794,305.93,305.149,300.43,292.083,280.442,
432.369,492.206,548.965,601.253,646.79,684.741,711.515,727.777,733.638,734.852,734.37,733.96,727.476,711.59,684.317,647.436,601.73,549.993,493.69,434.383,
337.284,370.745,402.424,430.561,453.231,469.112,477.051,477.864,474.65,471.329,471.418,474.89,478.81,478.299,470.584,454.617,431.593,403.426,371.67,337.891,
549.118,651.64,751.967,845.196,926.019,988.976,1031.47,1053.056,1059.175,1058.738,1058.565,1059.046,1053.643,1031.797,989.102,926.664,845.317,751.822,651.277,549.108,
579.767,761.899,966.442,1180.301,1389.229,1577.137,1730.239,1842.885,1915.428,1951.36,1950.688,1913.494,1841.342,1728.758,1576.328,1388.994,1180.451,966.366,762.488,579.958,
477.494,546.389,607.375,657.779,695.412,718.799,728.851,727.865,721.15,715.043,715.03,721.106,728.017,728.836,718.724,695.062,656.955,606.1,544.517,475.399,
561.898,750.231,963.02,1191.467,1421.214,1638.387,1828.124,1979.47,2083.234,2135.768,2136.261,2087.798,1986.316,1836.894,1647.306,1430.464,1199.332,970.225,755.53,566.293,
447.361,501.923,554.731,603.075,644.063,674.135,692.069,698.149,696.669,693.603,693.813,697.202,699.053,693.174,675.728,645.565,604.862,556.48,503.645,448.877,
516.784,583.381,645.329,699.031,742.923,774.88,794.173,800.83,799.494,796.179,796.25,800.015,802.505,795.837,777.187,745.648,701.764,648.203,586.871,519.989,
513.17,546.842,571.021,584.904,588.606,583.077,570.166,553.063,536.773,526.666,526.438,536.733,553.077,570.168,583.489,588.846,585.311,571.619,547.78,514.167,
379.156,425.851,470.767,511.095,544.104,567.447,580.143,582.714,579.545,575.636,575.211,578.791,581.717,578.877,566.088,542.202,508.758,468.323,423.231,376.083,
392.312,489.82,600.155,718.294,839.493,953.202,1050.537,1120.825,1160.359,1175.208,1174.757,1160.737,1120.687,1050.613,954.147,839.677,719.031,600.734,490.898,393.544,
422.928,478.097,533.058,584.935,630.503,666.067,689.202,699.899,701.979,700.742,700.747,702.112,700.114,689.47,666.274,630.793,585.419,533.432,478.467,423.341,
348.206,387.218,424.551,458.856,488.111,509.879,523.104,528.102,527.165,525.158,525.331,527.484,528.7,523.882,510.871,488.854,460.143,425.947,388.613,349.539,
448.987,514.458,580.272,642.757,697.473,739.627,766.609,778.202,778.927,775.944,775.391,777.409,776.13,764.111,736.908,694.181,639.85,577.918,512.596,447.764,
626.049,849.259,1112.588,1410.021,1733.891,2066.146,2381.99,2647.395,2828.279,2909.887,2908.538,2823.78,2640.48,2372.557,2054.204,1719.518,1395.775,1098.34,836.845,614.935,
335.959,375.578,413.474,448.067,476.705,497.19,508.183,510.725,507.991,504.748,504.778,507.914,510.655,508.051,496.782,476.389,447.893,413.356,375.201,335.722,
693.195,825.467,957.933,1083.793,1197.974,1296.475,1378.286,1440.487,1482.448,1502.548,1502.974,1484.813,1443.423,1380.508,1299.253,1199.918,1085.121,958.647,826.259,693.843,
371.545,434.09,496.023,555.011,606.778,648.544,677.742,693.242,698.774,699.026,699.371,699.41,694.632,679.138,650.528,609.258,557.15,498.226,435.912,372.983,
523.829,606.499,686.403,758.343,816.786,856.95,876.791,880.096,873.394,866.416,866.515,872.801,879.268,875.459,854.743,814.277,755.359,682.982,603.443,520.931,
587.267,740.059,893.88,1043.711,1184.474,1309.204,1410.409,1478.293,1513.284,1525.397,1524.888,1514.216,1479.41,1411.75,1311.747,1186.748,1046.649,897.31,743.071,590.371,
517.023,702.105,910.225,1132.683,1352.33,1555.196,1726.484,1855.766,1940.336,1978.973,1977.026,1934.201,1846.126,1712.759,1540.167,1337.385,1117.547,897.857,690.347,508.215,
555.869,649.601,746.19,840.185,926.026,996.903,1046.474,1073.202,1080.49,1079.119,1078.965,1079.058,1070.999,1043.895,994.455,922.957,836.721,742.755,647.03,553.117,
513.155,574.047,629.774,677.137,714.774,739.582,750.576,749.913,742.507,734.989,734.856,741.548,748.87,749.453,737.954,712.9,675.582,627.511,571.692,511.167,
130.861,128.152,125.602,122.858,119.698,115.824,111.391,106.798,102.864,100.587,100.597,102.885,106.773,111.381,115.866,119.747,122.956,125.692,128.261,131.013,
199.973,209.225,216.486,221.002,222.385,220.882,216.51,210.458,204.647,200.942,200.885,204.517,210.272,216.237,220.601,222.233,220.786,216.34,209.277,200.09,
630.755,792.983,974.488,1171.982,1380.84,1595.496,1803.545,1985.263,2113.714,2174.08,2170.965,2103.673,1972.528,1793.151,1586.528,1371.4,1163.561,966.348,785.764,623.818,
302.077,340.207,377.712,412.701,443.474,467.65,483.69,491.355,493.426,493.607,493.452,493.295,490.541,482.198,466.355,442.697,412.74,377.997,340.775,302.915,
415.593,484.342,557.708,632.746,704.98,769.365,819.438,851.074,866.479,870.578,870.181,865.266,849.323,816.386,766.326,702.17,630.368,555.753,483.044,414.717,
609.551,752.81,884.8,994.51,1075.678,1125.068,1147.271,1147.952,1137.116,1127.718,1128.614,1138.55,1149.482,1149.023,1126.479,1075.782,994.347,884.401,752.453,609.35,
405.017,435.432,457.895,471.997,477.595,474.908,465.309,451.534,438.203,429.766,429.866,438.244,451.451,465.027,474.868,477.353,471.733,457.576,434.833,404.377,
323.037,345.224,363.185,376.041,383.212,384.476,380.002,371.988,363.353,357.515,357.522,362.982,371.659,379.359,383.564,382.27,374.95,361.873,343.683,321.559,
466.183,511.542,546.756,570.575,581.937,581.57,572.141,557.015,542.001,532.085,532.005,541.685,556.659,571.696,581.26,581.407,570.36,547.105,511.811,466.759,
578.824,678.27,770.096,849.385,911.126,953.503,975.975,981.695,977.887,972.903,972.86,977.738,981.904,975.925,953.54,911.41,849.593,770.429,679.012,579.884,
214.217,212.819,209.418,204.242,197.365,188.77,179.312,169.833,162.016,157.612,157.578,161.933,169.796,179.297,188.858,197.473,204.378,209.538,212.983,214.494,
462.532,546.286,638.243,736.792,838.488,935.902,1021.46,1086.687,1127.439,1144.093,1143.371,1126.049,1084.465,1018.125,931.873,833.938,733.026,634.579,543.474,460.432,
244.487,250.1,253.115,253.558,250.679,245.271,237.9,229.39,222.05,217.626,217.782,222.11,229.494,237.907,245.403,250.861,253.516,253.573,250.559,244.855,
406.931,448.933,486.969,519.144,542.916,556.457,559.501,554.04,545.129,538.662,538.513,545.267,554.332,559.966,557.148,544.113,520.472,488.872,450.733,408.757,
539.61,716.029,931.948,1182.164,1458.495,1740.818,2006.18,2222.342,2363.104,2420.962,2420.026,2364.949,2221.344,2005.387,1741.995,1458.992,1183.354,933.42,717.998,540.879,
490.129,564.385,635.979,701.133,755.954,796.295,820.321,828.817,826.126,821.164,821.056,826.276,829.124,821.147,797.175,756.781,702.554,637.006,565.556,491.275,
194.121,198.402,200.819,201.174,199.615,195.716,190.062,183.544,177.431,173.815,173.763,177.381,183.392,189.913,195.567,199.349,201.195,200.932,198.588,194.418,
411.175,485.96,562.314,636.029,701.486,754.349,789.698,807.941,813.187,812.305,812.479,812.929,807.78,789.355,753.585,701.477,635.851,562.359,486.528,411.864,
465.038,546.873,630.826,712.667,786.932,848.6,893.882,920.07,931.745,934.722,935.533,933.328,923.363,897.678,853.788,792.675,718.416,636.839,553.122,471.4,
256.991,271.909,283.25,290.653,294.123,293.32,289.032,282.595,275.798,271.585,271.605,275.692,282.302,288.828,293.058,293.664,290.079,282.53,271.11,255.93,
375.233,413.693,448.204,476.948,498.512,512.034,517.084,515.044,508.971,504.26,504.141,508.307,513.72,515.861,510.357,496.769,474.817,445.862,411.749,373.438,
421.062,555.378,714.586,894.208,1083.95,1270.112,1435.622,1564.616,1648.885,1686.441,1686.727,1650.22,1567.24,1438.799,1273.873,1087.958,898.571,718.975,559.057,424.077,
433.533,525.419,628.237,738.012,847.656,947.511,1028.509,1083.565,1113.346,1124.275,1124.112,1112.409,1082.276,1026.927,946.084,846.145,736.433,626.496,523.871,432.219,
149.09,147.124,144.438,141.006,136.74,131.701,126.129,120.521,115.894,113.144,113.128,115.814,120.402,125.917,131.363,136.222,140.257,143.392,145.84,147.661,
451.2,559.188,683.919,828.564,993.159,1171.795,1350.923,1511.705,1630.066,1689.002,1689.945,1631.362,1513.196,1353.789,1174.47,996.0,832.104,687.043,562.025,453.95,
417.881,455.809,487.494,511.719,527.625,534.599,533.162,525.367,515.589,508.601,508.495,514.565,524.358,531.765,532.702,525.503,509.388,484.92,453.202,415.263,
559.214,630.243,694.483,748.616,788.898,813.991,823.315,820.373,811.098,803.545,803.362,810.894,820.141,823.053,813.617,788.6,748.276,694.329,629.998,558.844,
551.781,693.709,859.718,1053.854,1277.616,1528.506,1792.082,2042.312,2239.921,2342.822,2345.596,2244.743,2049.402,1799.905,1534.775,1282.989,1058.929,864.613,697.728,554.27,
564.62,691.849,824.144,954.567,1076.34,1179.972,1256.926,1303.183,1322.4,1326.762,1325.714,1320.472,1299.463,1252.607,1175.071,1070.84,948.7,817.841,685.754,559.103,
439.231,530.163,630.386,736.635,843.683,944.959,1032.48,1098.219,1138.925,1155.515,1156.272,1139.258,1098.74,1032.167,945.073,843.247,736.435,629.825,530.376,439.564,
498.076,633.055,789.612,962.927,1144.949,1319.133,1468.586,1580.183,1649.219,1678.059,1678.207,1648.947,1580.265,1467.714,1317.415,1143.571,961.809,787.933,631.615,496.961,
427.556,460.565,487.853,507.723,519.596,522.814,517.989,507.594,496.143,488.544,488.685,496.237,507.78,518.117,522.799,519.542,507.795,487.521,460.247,427.039,
456.293,592.197,754.915,940.84,1140.81,1340.414,1521.673,1667.238,1762.551,1805.768,1806.294,1764.942,1669.84,1525.434,1345.163,1145.961,946.47,760.995,598.058,461.387,
478.388,553.715,628.302,698.797,761.774,814.358,852.994,876.013,883.918,885.218,884.888,883.549,874.621,851.412,812.902,759.927,696.887,626.268,552.259,477.016,
334.632,344.264,347.95,346.435,340.045,329.687,316.56,302.727,290.766,283.848,283.654,290.446,302.244,315.918,329.049,339.274,345.492,347.086,343.334,333.713,
231.719,249.054,264.932,278.389,288.667,294.499,295.894,293.448,289.04,285.845,285.673,288.47,292.371,294.53,293.029,286.923,276.634,263.093,247.33,230.038,
763.589,912.083,1056.064,1187.215,1298.856,1384.6,1439.728,1464.609,1469.306,1466.901,1467.525,1471.682,1468.387,1444.029,1389.952,1304.53,1193.266,1061.853,917.696,769.334,
385.28,449.827,517.07,585.014,649.602,706.158,750.306,779.174,794.539,800.026,800.177,795.801,781.609,753.34,709.801,653.677,589.708,521.798,454.196,389.215,
290.479,294.578,294.266,290.013,282.046,271.399,259.037,246.757,236.59,230.8,230.874,236.588,246.649,258.997,271.371,282.258,290.348,294.932,295.451,291.51,
617.045,753.307,901.329,1056.007,1208.223,1346.37,1456.8,1532.254,1572.568,1587.348,1588.349,1576.399,1538.76,1465.474,1356.467,1219.2,1066.869,911.231,762.074,624.875,
377.21,407.042,430.828,447.725,457.552,459.383,454.292,444.554,433.935,427.098,427.092,433.903,444.572,454.351,459.098,457.228,447.29,430.079,405.978,376.038,
244.386,254.217,261.615,266.238,267.765,266.21,261.754,255.392,249.004,245.008,245.039,249.159,255.514,261.882,266.546,268.325,266.901,262.317,255.061,245.155,
505.169,612.656,734.827,870.687,1015.115,1160.399,1293.421,1399.667,1469.627,1502.309,1504.089,1474.96,1408.196,1303.518,1171.042,1024.684,878.783,740.985,616.732,507.248,
184.196,192.057,198.148,202.012,203.382,202.316,198.913,194.242,189.599,186.575,186.597,189.503,194.241,199.007,202.301,203.366,202.044,198.213,192.122,184.14,
537.32,641.044,745.295,843.194,928.158,993.292,1034.96,1054.367,1057.575,1055.107,1054.859,1056.791,1053.406,1033.86,992.014,926.576,841.431,743.327,638.755,535.051,
570.196,689.95,813.728,936.791,1052.13,1154.238,1236.25,1292.52,1322.429,1334.368,1335.784,1326.286,1298.064,1243.635,1162.893,1060.979,945.038,821.886,697.225,576.53,
294.81,304.171,309.492,310.656,307.919,301.801,292.741,282.18,272.545,266.876,266.822,272.616,281.964,292.462,301.537,307.818,310.332,309.017,303.903,294.358,
478.511,587.744,703.184,821.206,935.617,1038.315,1122.208,1180.848,1212.347,1223.173,1223.116,1213.06,1181.733,1123.546,1039.748,936.798,823.191,705.007,589.248,480.329,
471.925,663.881,900.9,1181.372,1492.074,1806.072,2117.915,2421.876,2668.386,2805.018,2803.264,2663.788,2415.618,2110.906,1798.397,1486.394,1176.915,895.8,659.287,468.504,
168.987,171.235,172.122,171.71,169.696,165.954,160.861,155.1,149.958,146.802,146.783,149.848,154.857,160.65,165.707,169.323,171.406,171.845,170.965,168.652,
448.352,508.395,564.001,611.796,648.543,671.722,680.578,678.006,669.943,662.689,662.899,669.506,677.517,679.994,670.902,647.596,610.668,563.173,507.373,447.683,
473.137,612.045,774.522,955.642,1143.529,1323.002,1476.997,1591.211,1658.481,1685.221,1685.173,1659.726,1592.845,1479.18,1325.645,1146.437,958.033,777.585,614.626,475.789,
353.047,391.056,427.584,460.735,488.389,507.665,517.99,520.12,516.362,512.635,512.274,515.416,517.899,515.494,504.849,484.926,457.516,424.304,387.724,349.804,
419.729,468.491,514.133,554.277,587.049,610.336,622.728,625.403,622.159,618.599,618.507,622.156,625.018,622.196,609.791,586.703,554.483,514.676,469.529,421.011,
493.504,609.051,743.077,892.909,1052.927,1213.236,1358.764,1475.041,1551.823,1586.93,1586.16,1550.017,1472.351,1355.744,1210.628,1051.571,892.341,743.274,609.841,494.633,
351.465,366.429,376.545,381.813,382.155,377.48,368.611,357.494,347.354,340.892,340.778,346.76,356.711,367.408,375.782,380.165,379.673,374.266,363.963,349.202,
391.299,450.419,508.23,561.479,606.201,639.81,659.984,667.639,666.759,663.566,663.554,666.115,666.869,658.861,638.464,604.711,559.933,506.747,449.185,389.947,
590.091,687.35,784.997,877.624,959.287,1024.055,1068.275,1090.833,1096.813,1095.578,1094.872,1095.355,1088.74,1064.903,1020.772,955.597,874.064,781.622,684.824,587.892,
477.132,586.444,706.351,838.987,983.48,1137.034,1292.401,1432.421,1539.497,1594.727,1594.559,1539.457,1433.305,1293.083,1138.832,985.97,842.167,710.255,590.107,480.783,
420.712,479.202,538.929,596.635,648.97,691.995,721.422,736.782,740.328,738.563,737.772,738.629,734.018,718.057,688.044,645.112,593.29,535.755,476.795,418.919,
119.887,119.294,118.568,117.457,115.571,112.786,109.148,105.054,101.45,99.276,99.282,101.388,105.009,109.03,112.721,115.535,117.446,118.535,119.228,119.79,
733.578,861.452,979.134,1080.277,1158.845,1209.612,1230.916,1226.796,1211.094,1197.755,1197.752,1212.108,1228.481,1232.254,1211.775,1161.408,1083.096,982.095,864.691,737.178,
568.058,711.671,866.562,1028.286,1188.787,1340.18,1472.029,1574.298,1640.859,1670.954,1670.697,1639.207,1572.928,1470.286,1338.348,1187.939,1027.547,866.671,711.583,568.487,
523.335,665.141,830.075,1014.995,1213.978,1415.315,1603.788,1760.137,1868.807,1917.238,1916.072,1863.213,1751.97,1592.779,1403.574,1202.183,1004.075,819.925,656.552,516.201,
457.44,528.145,599.162,666.743,725.645,771.282,799.14,809.954,808.855,804.33,804.268,808.294,809.359,798.441,769.985,724.371,665.219,598.022,527.0,456.834,
103.351,98.69,94.656,90.932,87.249,83.602,79.716,76.088,73.019,71.327,71.306,73.045,76.098,79.804,83.639,87.376,91.054,94.789,98.909,103.475,
149.754,145.69,141.086,136.123,130.798,125.412,119.516,114.165,109.763,107.221,107.148,109.75,114.197,119.726,125.346,131.027,136.127,141.166,145.747,149.602,
184.221,185.384,184.929,183.482,181.12,177.178,172.469,167.019,161.967,159.01,159.078,162.124,167.017,172.272,177.304,181.121,183.833,185.36,185.431,184.282,
485.352,582.771,681.791,777.858,864.29,936.123,986.378,1014.907,1025.515,1027.163,1027.464,1024.995,1014.151,984.77,934.511,863.411,776.316,680.125,581.37,483.896,
140.825,139.285,136.779,133.289,128.862,123.661,117.904,112.449,107.831,105.221,105.197,107.809,112.24,117.873,123.514,128.778,133.276,136.834,139.428,141.046,
425.046,483.156,538.593,589.153,631.424,663.183,683.179,691.551,691.677,689.252,688.762,691.17,691.36,682.66,662.723,630.855,588.324,537.806,482.22,424.291,
575.148,685.277,783.052,856.739,905.134,930.079,934.611,924.674,907.912,895.759,895.597,907.826,923.837,933.362,927.867,903.018,854.12,779.304,683.33,573.979,
409.879,484.153,562.212,640.914,715.736,781.643,832.628,865.253,881.283,886.654,886.233,880.984,864.107,830.883,779.512,713.326,638.119,559.079,481.037,406.902,
