0.5313955157312624,0.5304581585970009,0.5238252973631844,0.5203366735950741,0.5045268762519742,0.48821377410893135,0.4623063692789415,0.4488317406796468,0.42989231882755513,0.40687745678680615,0.3911361225809342,
0.6532248136075661,0.6544966684364139,0.6460859369827213,0.6415319688996368,0.6330447179557379,0.6179427297526964,0.6080432400393205,0.5747447301053277,0.5475388161672651,0.5318726601669899,0.5115678994850803,
0.4574820356607925,0.45582074178089477,0.4553896282562234,0.45369238350230884,0.4462674017485994,0.43983574370330375,0.4290587117033541,0.4181373362889863,0.4050160787438718,0.392770822856043,0.38153951470505004,
0.30449783449374607,0.305049142127323,0.3052220391377502,0.30541235788300364,0.306465319433548,0.3078991486891007,0.31025822377599793,0.313136964848183,0.3157480887917345,0.31740746752352106,0.3188386466388812,
0.4483113497365685,0.4433992820735184,0.4398890345435771,0.4331499301553264,0.42750760662261245,0.4203479047816607,0.4013494467154004,0.3902759502032853,0.3734510452702529,0.36051456561352485,0.3549360680537,
0.4921082935523155,0.4949443066154244,0.4910324356934181,0.4885765267537984,0.48074971686029144,0.47617307758186694,0.46472431874440484,0.4457975641246124,0.4337460365415294,0.4231113240773261,0.4020534905683628,
0.40877572740153295,0.4058897459662118,0.406354124822168,0.40149220425459897,0.3976179007758686,0.3903650618864885,0.38497051562981993,0.37435827074042854,0.36762759802907935,0.3597323924359024,0.3511752641442024,
0.427316217162278,0.42739048872560803,0.42649575756528557,0.4253350552060533,0.4239147496736818,0.41953581195367773,0.4171327405234779,0.4106725282568868,0.4035375917469841,0.3977741122063396,0.3877489864254553,
0.5127583676898718,0.5091675609393146,0.5060921975877155,0.5068525915983751,0.5017411209145312,0.49049094784675373,0.47495392121690494,0.45899554968811007,0.44473850326486414,0.4295329151592022,0.4196567426046808,
0.3836259152098448,0.3825411282603317,0.38081565078430496,0.3794406561433908,0.3752557996822148,0.3691353495885886,0.36186727511319683,0.35366978127651816,0.347173514041984,0.34002570961538725,0.3342917513914255,
0.48569739324764677,0.4829260589061759,0.47839567307737346,0.4744621022878303,0.4697436410259542,0.46275759300938785,0.4452067635919977,0.4311549009237674,0.4179331663746882,0.405132619680365,0.3869476395985653,
0.45097012037790146,0.4474822909873328,0.43975780309494067,0.43616509888248195,0.43184752582090946,0.42079057318689933,0.408391323943529,0.3966707041227348,0.3871695053177278,0.3795174301546692,0.3783071192267896,
0.4653616907141829,0.459020475058846,0.45625326187537746,0.45435551152027415,0.44282837772040634,0.4321589627429063,0.41976343203345595,0.4080532132907121,0.3961548065468634,0.3823398673304281,0.3744701647742999,
0.5495805033059484,0.5429495444422493,0.5383522895310374,0.5296153739938935,0.518730379652571,0.5031938627826938,0.48194013108318856,0.46543027192798486,0.4390563588819463,0.4146293787160393,0.396058360140915,
0.5782415026076179,0.5812486358308641,0.5785055080419345,0.5744323827467135,0.5701117575107133,0.5669984138511323,0.5544096958231876,0.5492041290361548,0.5451755958161976,0.5459040813907124,0.5490016728005562,
0.6289726716589535,0.6290286572623688,0.6186759906138699,0.6128480935249859,0.6002261622578055,0.5789367454070333,0.5549875376736192,0.5340430749933951,0.5074360669866642,0.47146942987029083,0.4432459438383475,
0.6568585736221726,0.658217543024156,0.6564884554568681,0.6502124640660419,0.642918360841513,0.6298336630163646,0.6155200538239759,0.5951607945998821,0.571449613955829,0.5572146313621825,0.557511312184891,
0.5349840041141347,0.5298420329106284,0.529209663647738,0.518108402899934,0.5104850850670875,0.4921202753119473,0.4761917727685301,0.4584158366996829,0.4391088912792053,0.4188827711752068,0.4004903844777251,
0.35833015652982175,0.35640756620238373,0.3526841027945855,0.35063932267234615,0.3462078587001514,0.3404517477589603,0.3349171140689537,0.3302008496739874,0.32664743245357114,0.3233150560540874,0.32226021712330505,
0.3532087251805211,0.3537061622124334,0.35391005044378465,0.3501774546381933,0.34991231017841323,0.3491279709484241,0.34627931245417737,0.3432139053773655,0.3382672810908192,0.33593846205368355,0.3329968830410891,
0.5933702204751731,0.5906889533849459,0.5909302699807274,0.5878802576327952,0.5853958291390449,0.5716455623935153,0.5586630259304743,0.539856210947936,0.5181929448171937,0.4999435855949223,0.4879841844721435,
0.556284910578233,0.5554519549251001,0.5508125091944635,0.5510885618118793,0.5421784242011299,0.5357046409888633,0.5224591596471194,0.5047036213547058,0.48770027780560765,0.47710405011759544,0.46163417381291383,
0.32264575679188673,0.32236460626343605,0.322693245041249,0.32296316971534167,0.3229992427511809,0.32340145518537383,0.3248944641172642,0.32815790021794733,0.33025871279217667,0.33163729671194414,0.3332832023211099,
0.5089962901155537,0.5087329716804319,0.5097484913062066,0.5068670514248922,0.49757333270356585,0.488417331069871,0.473939833358596,0.4591984363015829,0.44825738475913307,0.44061775362677846,0.42589051814047285,
0.5608175521443178,0.5608054946833599,0.5636284210690418,0.5624697814457503,0.5616966895365746,0.5559083094199284,0.5536743778205991,0.5468208710383119,0.5458580233599563,0.5565445531821442,0.5502684667719334,
0.4977675219657769,0.4917895694624359,0.48882731132247653,0.4832742118530171,0.4746974456461432,0.4591834650178807,0.44576339773687135,0.4307087726081667,0.41131308120965443,0.397270740448876,0.38353523536430334,
0.34482369141867286,0.3422530059283379,0.34107218403071177,0.339867236468208,0.3364254967172606,0.33135640413602657,0.324991071966085,0.32145409540741277,0.31771041095194286,0.3162634898887538,0.3148936255233645,
0.5601421535551092,0.5564706698333031,0.5519411085441789,0.542616775080831,0.5341843979569706,0.5140573800318359,0.49803498919361894,0.4731221184531164,0.4492791452478973,0.43043006724886795,0.39698885049643506,
0.4798340428722719,0.4800352091014119,0.4756718034100666,0.4756320036555612,0.46651780659738934,0.45631030392627325,0.44747092540109756,0.4335380076466537,0.41748941157344105,0.4120261350200767,0.40824864522336324,
0.5041559766868415,0.5000311803956312,0.4971482656105011,0.49551020041988947,0.49535041946613484,0.48601325020029246,0.4746975335360554,0.45465098769251266,0.44188543368114436,0.4315291442775118,0.4222344123722187,
0.5415688423762138,0.5409403655045318,0.5391094602941983,0.5383094623322159,0.5339870929533623,0.5246447133736208,0.5165245374268616,0.49922202518066566,0.47828590641772933,0.46467765856862026,0.4576815322005096,
0.5311964468701619,0.5305033769001551,0.5279905060604977,0.5247189929699491,0.5173930936801644,0.5046149429923057,0.48834304019953034,0.4741078335003756,0.46206302919490366,0.4499298586080956,0.455533003727502,
0.4013519003047561,0.39842190889102086,0.39988930767642533,0.3976880063019535,0.39734962375317684,0.3947609098265527,0.39273036665377514,0.3882463677041644,0.39469091436983317,0.39178416542875655,0.3971176665788576,
0.3838634716300775,0.383888205510554,0.38415443588739495,0.3837337546775315,0.38243698861405445,0.37963629797998555,0.3748304069454756,0.3704800891105492,0.36535942631089136,0.360599376763664,0.3579389408479395,
0.525330731379222,0.520655563879089,0.5162279493293057,0.5134358525398378,0.5047687081694291,0.49551394918799,0.47678892458123495,0.4564653081751606,0.43772269473089553,0.42219178990484885,0.403957470812771,
0.4610104708703551,0.45394052544533936,0.450628877853618,0.44696911963219615,0.4405355319357888,0.4281287295610938,0.4135413923065056,0.39047378195383287,0.3758939073278232,0.36610314881400235,0.3502567859391505,
0.4318561702523509,0.43180722189349907,0.4319515381729072,0.4328427149489476,0.42955927381507275,0.4265529415258415,0.4189996866491055,0.41185967847906796,0.4091145978739004,0.40621635875187856,0.39316887561877534,
0.5397937768440819,0.5322814217060197,0.5265042800080394,0.5226224066999301,0.5139402401942152,0.4942366966555573,0.47669870303169937,0.45597628970015175,0.4363839661035936,0.4233474778665795,0.40408514553444963,
0.5174537900040106,0.5152553022671702,0.5102169979866016,0.5011395208875773,0.49202260664776926,0.4820846339728789,0.4646893494257028,0.4366454624279639,0.412933938773214,0.3964851918095278,0.3860296378152289,
0.6138893026527004,0.6122540855454809,0.6095044606109719,0.6019210327287087,0.5938190016516702,0.5813114904660636,0.5602354238805655,0.536854377090839,0.5182093143947732,0.4999271355206742,0.48267714471081874,
0.4909411323222889,0.4857251890309392,0.4801101373040067,0.47583497535034713,0.4638413681468641,0.44809762127377,0.4314850798702005,0.4164906863350177,0.40336802735265564,0.38572178274131974,0.37584945063221165,
0.38616763159816614,0.382505822981208,0.37875703972737246,0.37542176346946776,0.3713904364572152,0.3650436764743533,0.35724226195284386,0.34972594047497135,0.34291343372145855,0.3378863218273578,0.3341297129084268,
0.6880035822339415,0.6843370525837509,0.6831115746309309,0.6734942039096077,0.6641802112908562,0.6441884319650865,0.6245056202840504,0.5942349109028581,0.5707668066904648,0.54706716494989,0.5233047587600055,
0.4410710692754252,0.4407848278183417,0.4405014361882714,0.43451214101328756,0.43286431464259856,0.42291774792466763,0.41686116562894276,0.4014998311337594,0.3918513048467744,0.38075046827685294,0.3710769635771294,
0.4259472030946045,0.4229844933447287,0.4209724916180788,0.4176888015468597,0.4118164544027283,0.402047469152367,0.39305569829307124,0.38097928880698556,0.37077461240662507,0.36242750334314106,0.3579338086854929,
0.4342254692285242,0.43185565167854667,0.42929395263376446,0.4283083461713601,0.42102238683660803,0.4139744977685529,0.4023982721186066,0.3904368654721168,0.3763719302133841,0.3624318079763134,0.3528271545669699,
0.41529271510273097,0.4163947641123728,0.4156067101091804,0.41625604496368224,0.4165348780539,0.41336340475904865,0.4089348708538317,0.4064566465677385,0.4010449853657095,0.39490796308956616,0.3847896663892602,
0.4841988643244957,0.4808173989973933,0.4753171773796552,0.46909314698986415,0.4665811553672456,0.4577102155583792,0.44699269912821255,0.4302362210751006,0.417535758163233,0.4081417468579782,0.40215383894152484,
0.39225012491908423,0.39262908839232097,0.3921373761019714,0.39084386492428597,0.39024096845547324,0.3877666458564666,0.3830687495640049,0.3791376405922172,0.3726986825555059,0.36620919285722897,0.35872831674217803,
0.5971636582099616,0.5958627114998056,0.5904873318859053,0.5885846879768377,0.5764533665543723,0.5613626080924712,0.5438275772873228,0.5289832281495424,0.513969147361867,0.4867356734104175,0.4766743710856861,
0.42571534733849936,0.4253611467812616,0.4285186948727889,0.42837593392540596,0.4295950160495259,0.4288654273302122,0.43098118971132504,0.4338638826116624,0.4400655558168745,0.4477805238806664,0.4558398913780453,
0.503614561713402,0.5023280389116013,0.49747651847042834,0.4938594688738705,0.49124157877034585,0.4794632419423036,0.4688164806749393,0.45756065599354384,0.4406869045028139,0.4334155278678963,0.42511185950464964,
0.6222491434072958,0.6231168616321235,0.6215003195169438,0.6136396002627758,0.6107957423038083,0.5994588897656219,0.5831332344625827,0.567089096222679,0.5568435595016618,0.5605286102880807,0.5527466009875044,
0.5754001133814989,0.571223662665855,0.5681008922199389,0.56462154352817,0.5552923629949371,0.5413576497202361,0.5282635496046391,0.5024244196410527,0.47122963643312094,0.45624329973691397,0.43351471761368865,
0.5344730241771098,0.5327743246488599,0.5300810776201845,0.5281809109957996,0.5221317074060586,0.5119962547751244,0.4958933627623909,0.48039382621650095,0.4641516388337036,0.44513086223250586,0.43518127979773963,
0.3606625572276651,0.35815569533290353,0.3579800021536557,0.3553783948641868,0.3520920243397337,0.3466891695137383,0.34030082244580884,0.3351344032680761,0.32952308993066576,0.3251644225546347,0.3189366752661399,
0.38053107162752836,0.3813580001103882,0.3815686869668835,0.3804219706589741,0.3789344936520769,0.37530355913291813,0.370159147646367,0.3613463742778048,0.3521531543040758,0.3416756217494077,0.335210392212861,
0.394864397613133,0.39524159971547634,0.3969673652901005,0.39815492059536717,0.398181652631858,0.3996457295253041,0.3988315140670346,0.3949208200038437,0.3913872324115162,0.38480549437212297,0.3762484543265924,
0.42629505705727977,0.4294082518062504,0.43129414871692673,0.4329847936000704,0.43074702140296556,0.42854832194029147,0.42552715241993716,0.4227524630430513,0.41772340749639797,0.4100383330565337,0.40005885826916066,
0.44598200827877005,0.44084349330412487,0.4374098294081879,0.4324606666704896,0.42473536309705784,0.41426844468422075,0.40195964754431035,0.38968018512871766,0.37420834646405465,0.3633821982962275,0.3485390630737527,
0.4170920953479423,0.4133528012105209,0.4114348301943804,0.4048186901936848,0.3998283082913304,0.38971075124980653,0.37806307084336793,0.3631473921403273,0.3521473249014443,0.3410934264427342,0.33258425937826847,
0.5210759418148487,0.517969452876362,0.5155538120334322,0.5094960581976229,0.5011335122069092,0.48604169303631056,0.4707800666249381,0.4543099308699329,0.4325586585131336,0.40798014217545786,0.38482207170616645,
0.5787660673641273,0.5784288968044157,0.5797076862889591,0.5776222986576204,0.567130462144629,0.5500312805135837,0.5433017042896828,0.5198745895209127,0.5009447850429576,0.47387900528957144,0.4377782174324962,
0.5267536880868146,0.5257021777734312,0.5241838313231706,0.520286999180895,0.5116647625177347,0.49752813574263105,0.48369885400707446,0.46686181707966284,0.4560916907074074,0.43612153989654606,0.418258359385974,
0.520443347884534,0.5139120136513913,0.5060497321055955,0.5003886382226032,0.4907922303594538,0.47512020067495686,0.45704126021834257,0.4416289347035635,0.42081121204809513,0.4080388075252556,0.3927653811923126,
0.43467229318053835,0.4322304867909108,0.4308568701678091,0.4263210334662965,0.4197018207334353,0.41000369510473655,0.398259487490974,0.38978165377374147,0.38133371773893676,0.3756755107620665,0.3658503944366868,
0.6023645150338968,0.5999077745168617,0.5915370580624936,0.5902289136412557,0.5845034934132941,0.5682358476546944,0.5508228652210834,0.5366171725168976,0.5182019825421874,0.5112821884497301,0.5089564909119184,
0.4029785497093788,0.3992218133994086,0.3956608439990313,0.3918309317534782,0.3879171269831306,0.3791919940990274,0.37133804344287225,0.3619061657047283,0.3563493891784172,0.3515370298122396,0.34660285738674584,
0.4740226064398823,0.4790765820841015,0.4793590633994578,0.4793761525404369,0.48157656109404995,0.4840303428004688,0.4815766587232315,0.4788485328475111,0.48301625650238733,0.48493915795369824,0.4832912173388764,
0.6160540964520166,0.6100766558723166,0.6005731403117799,0.5989304646031411,0.5822186776099157,0.5705037712158175,0.5520687190863376,0.5298136443860652,0.5014142574156908,0.48314956928472175,0.46672706584594215,
0.5571928830862968,0.5511234907351525,0.5411062706314047,0.5300461401932156,0.5192127564336809,0.5072564518060874,0.48153867582250476,0.4714844064835861,0.4345890124540479,0.42264299443689113,0.3993185061148954,
0.380609669799794,0.3774038279894352,0.3759676433686804,0.37430615612633766,0.36839736223996744,0.3613536536321348,0.3525489484780844,0.3395851488076092,0.3316299001113137,0.32640129800110035,0.3227451119587666,
0.4058724317660089,0.40498795236152946,0.40253467659566605,0.4008877232981791,0.40039876926936935,0.39339988777117996,0.3877373809654719,0.3804480514517711,0.3701859279373828,0.35838645269540675,0.3473355560746582,
0.3894576636066453,0.38995539965716364,0.38859046504336936,0.38563566762637136,0.38124932397295686,0.37713645679011054,0.3686214149305835,0.3583229781049715,0.34991233610665246,0.34326382154983726,0.3285001154360611,
0.5993520363844416,0.5999451656101716,0.5986988287882727,0.5954336911651756,0.5900589737442876,0.5805278026616675,0.5666578691123049,0.5442598760308609,0.525934057430412,0.5143621551050899,0.4937766103728431,
0.5081436172916017,0.5072180904806143,0.508889026565092,0.5024795746489906,0.5036291723788335,0.4942008844369663,0.48599648222166386,0.47714412409926654,0.46885874296252483,0.4644917037947476,0.45308829480276924,
0.5128423715292124,0.5149804584509299,0.5171022746727324,0.5150534369737871,0.5164435347866253,0.5127122806466484,0.5030425257164599,0.4967069741662952,0.48210742676288093,0.47865439156329675,0.4470366037655639,
0.5278623164467539,0.5266727380752405,0.523736233341561,0.5215817455156622,0.511890169714636,0.5020817471434111,0.48704281995442955,0.4722692659209385,0.46000403073816976,0.44828212106756327,0.4368604351690625,
0.5642317293978439,0.5605413224315361,0.5586388350514438,0.5515135134905919,0.5409319458334614,0.5260467079487028,0.5051688003649037,0.4845690984536863,0.4648376024006561,0.43967741226817253,0.4200913849824774,
0.6151349395181659,0.6138466714505514,0.6115476822220165,0.6068605870671064,0.5985986039580831,0.5866184796046134,0.5592817482230289,0.5343788541620512,0.517778351517434,0.49095533452304185,0.4753660076128647,
0.3184025331731133,0.3189153071917266,0.31874094042609113,0.318898252089939,0.31930512294927416,0.32004422632450813,0.32117353300495544,0.32384004853344966,0.32704083798082234,0.33036485358884937,0.3331016930342151,
0.43694427773344996,0.4349708962294468,0.4314643279280767,0.4268569908470191,0.4235340362577724,0.41563143617799403,0.4054319878670691,0.39488279214598115,0.3810505422812157,0.3643781936341199,0.3537780411859425,
0.5891414346517024,0.587422098806821,0.5877733879246199,0.585752552365761,0.5802940469558958,0.5715740774578176,0.5552460820933073,0.5405333399435148,0.5144365676198106,0.4986994911540043,0.48564002003095436,
0.5164923186652245,0.5151808069882331,0.5118334539260936,0.5092127489570681,0.5081404079228674,0.5002207387354073,0.4910530810780773,0.47949917132235276,0.46850492535923943,0.4538673236310928,0.446545923669039,
0.4604596522309315,0.4597018746750813,0.45927082795061036,0.45783923530445436,0.4530118878967946,0.444885762096949,0.4387891796265638,0.4267900148163089,0.42050625081009313,0.4075700312161141,0.39800062011710974,
0.42687756774951485,0.4243507018387262,0.4216082643272796,0.4197392227974905,0.41553937381804407,0.4078906921818764,0.4010591150553342,0.39456757222898065,0.38650112569802947,0.3770348996929403,0.37665219179801784,
0.44739564669306736,0.4451837599379864,0.44359527086430206,0.4382477108104399,0.4357420856714389,0.4269025753015386,0.4150778108607107,0.407522628061334,0.39662398648196595,0.39282428552360293,0.39238170791056665,
0.5157838398354148,0.5125356184352478,0.5069211543845669,0.5030647520573661,0.4955561543977102,0.48630463626821524,0.4682743402953117,0.44833129374242475,0.4266246223144393,0.40741859045835194,0.39058963888366943,
0.6109568549455897,0.6103734736569819,0.6113827799366226,0.6030752855119449,0.5987614345760572,0.5894903191979854,0.5725210941125234,0.5510479802908057,0.5311601308799794,0.5089577144106907,0.484216486358742,
0.4675945829325439,0.4635070487138681,0.4597727431326146,0.45647147833654594,0.4499279856615703,0.4387458740735206,0.4274882347883511,0.4123353076612779,0.39750957605034487,0.38110793404669285,0.36473198534952056,
0.6251896798319815,0.6319385465518262,0.6314017163045732,0.6323649511049798,0.6306990092901176,0.6300774420029609,0.62860452325152,0.6226756705976945,0.6310571557091318,0.6436732156969697,0.6585346359636525,
0.6485552287760253,0.6489139606459937,0.6423037867035191,0.644005506283339,0.6328436551904404,0.6164113554568309,0.6068423839317556,0.5885454967087105,0.561577831304524,0.5417673925045341,0.5306596677473701,
0.4070133065794786,0.4042616945077964,0.40159502267804587,0.3978226795117042,0.39178111194819715,0.384505637601633,0.3748515642007931,0.36657668357577555,0.3580395034024763,0.35248465661386036,0.347541827738331,
0.3824918387473986,0.382918331497864,0.3798686364720087,0.37774250290366906,0.3742971349779221,0.3698040339795684,0.3649669005562161,0.35904140635860693,0.35227757358955564,0.34867356002460653,0.3436839513253846,
0.4888333150468946,0.48678324405304346,0.48458258405233545,0.4801784107127726,0.47477121009710155,0.4654881405441582,0.45358223879604215,0.4398195640185922,0.4291453551410007,0.42152106731670463,0.4127965026375437,
0.390470110671614,0.3853311065032982,0.3845521420064939,0.38090424449236715,0.3755154214860167,0.36550517863772125,0.3568346108741396,0.3438733153175362,0.33622976937590215,0.33258869031297233,0.32710454034643477,
0.5268402059472539,0.525780363182133,0.5191885342175188,0.5166574657476145,0.5080000712038077,0.4931609237062293,0.47625537323761935,0.45633153531755494,0.43798246643825856,0.4226525140943794,0.4029562672361073,
0.5090090943662087,0.506843273884456,0.5055260515964828,0.5058448749358592,0.4968656239000356,0.4884424951136806,0.474864225546922,0.4585286908202522,0.44463235349350266,0.44024431475983355,0.43371404129924374,
0.4507699682557957,0.45067199534641605,0.45308990144393907,0.45260951165855906,0.44963865978007883,0.44401973995128124,0.4423312668381803,0.43696337388573614,0.43285678647609876,0.4330659428830639,0.44040960807662777,
0.4235232499017719,0.42094247574255117,0.4172484281431412,0.4180394837445732,0.4143409986332967,0.40859338816245877,0.4017645265316101,0.38884579667435015,0.3784114592142308,0.3674006389911837,0.3570029261609623,
0.6158870029292806,0.61107973246266,0.6075839511716501,0.6011841094745984,0.5909733992744619,0.5781017622897139,0.5569183455722002,0.5345054006075842,0.5158080377182149,0.5020599481074022,0.5007368595653316,
0.5191745698843956,0.5154821045179285,0.5122212365434976,0.505200731746294,0.49805847187498237,0.478308102425983,0.46110286979029036,0.43764377312750913,0.4192836738791661,0.3988287384693276,0.3807070702886602,
0.3443099153838791,0.3431388455820595,0.3412464991595596,0.3397921897928631,0.3363882750606294,0.32972035441480296,0.32483182942924194,0.318588033472038,0.31357129292991637,0.3101669005910617,0.3090491560174507,
0.4915717436600641,0.48709944115278897,0.48333705801553356,0.4781911900135005,0.47155487244744293,0.4551005411021604,0.43742417855492616,0.4190654085728808,0.3940690332911383,0.3818163271437121,0.3661946688410347,
0.34714525105599053,0.3462491136534682,0.3450516132006299,0.34437469151323336,0.34214075817281253,0.33931587579524186,0.3364327689903912,0.3334110830201676,0.3297034151403619,0.32713378468209714,0.3251031554536011,
0.4653594987291493,0.4656192889878373,0.46493239382251456,0.4646884194753154,0.4590298385482002,0.45318618063687577,0.44396062427774446,0.4376626971243118,0.4287010981615656,0.4254924647392678,0.42638218536474387,
0.6649982450589217,0.6696085342513287,0.6774632899634788,0.6783098475166156,0.6818347739862288,0.6873666553891431,0.6854368841505547,0.6767938766134171,0.6802543400853557,0.6728659184211496,0.6735465917541908,
0.5512772471274258,0.535686833609402,0.5109638820008413,0.4953385179105714,0.4817943746985498,0.45555384065926247,0.4391503122947341,0.42608374268991944,0.4044490257365112,0.3920099683920391,0.3720527723249415,
0.3537251449042688,0.3524086427227724,0.3507721150851073,0.3481180664604247,0.3452675469933958,0.3405932974816537,0.3348264701655877,0.3299803340792628,0.3262499145034202,0.32449819543179104,0.3248089538571461,
0.5708864494247924,0.5697530950997886,0.5715171896805699,0.5633030984427089,0.55495501518805,0.5478942307269457,0.5360107803999031,0.520310301185707,0.5021739216369842,0.4901449418115748,0.4863723692651051,
0.4048007066295494,0.4042908398665565,0.403828667825551,0.40289678601885964,0.40048997123999786,0.3963366642218904,0.39107478498238946,0.38804713691702863,0.38419373945510027,0.38534834924045364,0.3829832531346016,
0.31538690203763076,0.314998215532839,0.3146438228404908,0.314661845882249,0.3134178566284376,0.3136261583316945,0.3144087217015041,0.31723676012144875,0.3205249139451402,0.3245140197272711,0.326579598293794,
0.5240382477939426,0.5217798487060122,0.5195213300880428,0.5148268075203251,0.5070099569700512,0.49687144652960785,0.48238092357011514,0.46807125255633114,0.4473404124732683,0.4306651666533618,0.41762726197257954,
0.4827442954550041,0.4825553834613152,0.48100678523713175,0.47808582002271177,0.4740532568542127,0.46664265760805973,0.456136636725664,0.4511875648136212,0.4378699401910049,0.43271215040716077,0.43051000403726786,
0.5021947722931671,0.4985347016698983,0.49721210870057736,0.49228252960010876,0.48645634356025874,0.47373426184255135,0.4641903600972119,0.4433627690014377,0.42872498722117536,0.4138880508443397,0.4104526774908605,
0.38789942960417245,0.3871909773248343,0.3845595072645831,0.38301127729584866,0.37746082146029447,0.3701186842414523,0.36117155513639726,0.35512537042684067,0.34290944487479474,0.3355906195046239,0.3345803698804357,
0.4109495005058335,0.40825928132212735,0.4082745449940354,0.4042316044233494,0.4008375189265491,0.3934727724179587,0.3865410966607821,0.3858248916480876,0.3775333965501087,0.3693640544036729,0.36357636106554614,
0.4709864173313655,0.47015483386933044,0.4679516839256159,0.46482069590002034,0.4597092102965549,0.4496934764656957,0.44170831467200644,0.4237200102261764,0.41099960502679034,0.4003574279642676,0.39569633287649414,
0.3860477175146441,0.3876683685285413,0.3832025575465503,0.38234512517481256,0.37978295977851395,0.3698766218917558,0.36437983549083053,0.35934950891412876,0.3512175999043607,0.3461532020708352,0.34425103111761973,
0.3431341950455858,0.3419309528262742,0.3404006373985811,0.3381290929662805,0.3369041456696101,0.3326886576496538,0.32781105535150723,0.32721547184995337,0.3223971302407496,0.32254356468631334,0.3213486101324017,
0.5351220651907623,0.5346347625448407,0.528254592526494,0.5284182452580911,0.5140397443302087,0.49897347999312985,0.4841916873253997,0.4673226885014627,0.44686371200733604,0.42466197435489267,0.4091361297328111,
0.3986771740848029,0.39872922882810635,0.40024659527356893,0.3985217141330742,0.39716752481759293,0.39456476824146963,0.39096583117307765,0.38840010797853924,0.38540323364752505,0.3846768159551211,0.3773762193227908,
0.4365775982062839,0.4362979393617581,0.4341098393541348,0.43407291735097475,0.4296001998330025,0.4215922149103757,0.41717938817511363,0.4052741585976105,0.39493144796807655,0.38758373255298206,0.3779821493158643,
0.39634719908145377,0.39499845801075123,0.3949295978971006,0.3944837186544468,0.39348474064968175,0.38908583851528583,0.3855337155555327,0.3801861251530237,0.37789993605667005,0.3720490722549745,0.3688188755417732,
0.5326408869040207,0.5261115158652947,0.521182949240487,0.5168396776076225,0.5030393811412619,0.48597939795339723,0.46632017523809205,0.4425052989810831,0.412230003569623,0.3956934552724852,0.37600494921341604,
0.51177138752331,0.5111993777731598,0.506362742927327,0.504052405713253,0.4983619403983858,0.4917393362488735,0.47679900718025087,0.4616337817110888,0.44682334233604787,0.43839390327797373,0.4169762704826854,
0.6466694760120637,0.648770648488339,0.6485732175846547,0.6515056900314666,0.647200158008326,0.6402105568276723,0.6212867547567827,0.6169408316584076,0.5980229974033903,0.5857064691905917,0.6029748990436955,
0.5885905429259305,0.5849445223779483,0.5828473617905383,0.5732359234074064,0.5669463386470609,0.5470848974644551,0.523114022706443,0.5080514608116422,0.48148188121125834,0.4555196227070232,0.43589175519953427,
0.4785987103710724,0.4731510662833817,0.4668530840222512,0.4640368562558718,0.4565551160238901,0.4429823945074815,0.4305384552805442,0.42076557347101157,0.4053802236884685,0.39284152941157857,0.38359574600664137,
0.36337567310575075,0.3598284830136085,0.3587902310720521,0.35660643844068657,0.35324193152510447,0.34973602478018134,0.3451417249285272,0.3443987670721283,0.34261456097747683,0.34084633502184986,0.3418837755929161,
0.4269448009076893,0.4232458559142554,0.4184714827494263,0.4125852534701609,0.40795865043279894,0.3953442913408134,0.38184167187880397,0.3678401514215956,0.35302393910345736,0.33915862946994996,0.3302388225948366,
0.43948437428865733,0.43941534544077276,0.43518095483514924,0.43205694542735906,0.426178468160982,0.4179870218675845,0.4066532920142098,0.39736706361780266,0.3870946679367191,0.3791548361961359,0.37019086289298125,
0.4255975642522645,0.423859821139643,0.42210024194272583,0.41858294907090926,0.413271806948201,0.4042498381365845,0.3955810803473188,0.38239150823254986,0.37447839273338207,0.367011926572217,0.36609088234189935,
0.4754838074988689,0.47412416459995316,0.4740729870189943,0.4722169395088027,0.46870150437087527,0.4636486283086273,0.45656036868819366,0.44760946561509224,0.4331176991348369,0.4238385855562876,0.4227436642600064,
0.4824252309132122,0.4831238940997229,0.48269720932976523,0.481757174074724,0.47979511845805795,0.474834602864228,0.4669283822652284,0.45411577339836406,0.4428526947828996,0.4318584653930098,0.4202356236603843,
0.4990521504012281,0.49973056680983835,0.497282751109976,0.49737576420827956,0.49481157949497745,0.483556449344557,0.4756213210771218,0.4608207236604058,0.4501512054200403,0.4397450943223588,0.4316477329366328,
0.5350352104059976,0.5342446969381943,0.5270465290967571,0.5243215916336974,0.5183905725912842,0.5048577041366173,0.49893505928347737,0.48535915200781843,0.47422321352509317,0.4611429962979639,0.4530199521855939,
0.5331445601844059,0.5286384255049327,0.520169884602489,0.514514199790505,0.5028723243507108,0.48596133705806227,0.47187004222575857,0.44792520302941313,0.42091727589420636,0.39458074344472105,0.3762237673083122,
0.5822156330945086,0.5820512080713313,0.5747705866572075,0.5709673886107537,0.5671173159798225,0.5519585282585275,0.5372945421503348,0.5195800164931563,0.4974073028401063,0.48200430062494126,0.4678662646182551,
0.3794310879796745,0.37536643319064916,0.3734535177392621,0.3698997677124119,0.3639222598052812,0.3586812536023742,0.3523813595516021,0.3448756862044867,0.33902810005548295,0.3360765293260323,0.33348448435676714,
0.42092165806896614,0.42039965684817965,0.41803220437745003,0.4158748850641389,0.4150568356932232,0.4101293077234646,0.40693813518245453,0.4066199523509981,0.4133268725222721,0.4172438623509661,0.4187299464329982,
0.34746938353095624,0.34681942281753503,0.3457136930913669,0.34581984471501387,0.34332191989676836,0.34044050941843496,0.33695879104728854,0.3338302999416836,0.3322028908237767,0.3323141385115869,0.3322426111111318,
0.5644469644314615,0.5586342018141696,0.5559384530593877,0.5504908808989697,0.5386436803492303,0.5261705732881302,0.5158891555899097,0.4922729589186529,0.4695649230993334,0.44729434253047795,0.4248749764602736,
0.37552662317620855,0.3721046145975071,0.3695760728466629,0.36540115160262915,0.3600852207442407,0.3504633235609733,0.3413590489346138,0.3316965267375136,0.3245272519305974,0.3186948979054167,0.3192629551118975,
0.6213597365011916,0.6221994194681821,0.620354039541004,0.625424952635251,0.617988056899086,0.6084176209133246,0.5994219649920195,0.5803652720059498,0.5648273353661529,0.5655189128771563,0.5665435993130868,
0.41935697955141066,0.4183716380562797,0.4165285555925201,0.4115636025816864,0.40551809942537925,0.39242135723973753,0.38199543793818247,0.370264087742835,0.35965718892288506,0.35081196697232736,0.3347043683415323,
0.35163368396892825,0.3512592383348398,0.3497997954700777,0.34925544722357504,0.3472562567055235,0.34395120600865403,0.3397924388020896,0.33555277460581495,0.33309085404812766,0.33029076833853305,0.3285551020643974,
0.5295602327630218,0.5287062299910826,0.5248761880802978,0.5167372169814234,0.5116895647590389,0.4988362024771084,0.47637308915066323,0.4618372597546968,0.4374231146484505,0.4151751788584684,0.3989272219220811,
0.5015291156038835,0.4979737196231351,0.4954888714687817,0.48835196525398455,0.47890694630016634,0.4634254439096811,0.4486022718348742,0.4286015785323933,0.40780328808923205,0.3855244158791537,0.3682733811248862,
0.527250153666428,0.5230688771885379,0.5188273285190919,0.5112635660860111,0.5016516600935585,0.48666252772888946,0.4746058243899698,0.46029139766719385,0.44596748777369033,0.42142485971970955,0.4126727345669249,
0.3814448451495507,0.3765672650109622,0.37461941762192386,0.3789391590792756,0.3597131431169979,0.35837773100794484,0.3484294683614551,0.34501461590172183,0.33645087821206443,0.32951393687055675,0.323399523044893,
0.6336919698216515,0.6350554136996289,0.6304168045775728,0.6316728412624003,0.6266365541268097,0.6161463317239543,0.5988105649016975,0.5942647479801386,0.5777506386818472,0.5673878420501772,0.5700176557170665,
0.6248038084451144,0.6204669447866128,0.6141555636975633,0.6140128091626047,0.5972262278225025,0.5830580907697082,0.5600770928865625,0.5306197850983868,0.5039299290939275,0.4790443803422529,0.45451266700664367,
0.5402128511040675,0.5365798554290336,0.5321586911416181,0.5286153193676237,0.5176640391848502,0.5028794795372502,0.48371554502524466,0.46606262814362126,0.44546880937967404,0.4316270468143454,0.4241392269547217,
0.4281493651379281,0.4261560601631042,0.42078724289170766,0.4186568049615169,0.4144626575063481,0.4068833445297703,0.3948084476500858,0.38651335686342325,0.37815629355923697,0.370174843682095,0.360578689537251,
0.38220490167051807,0.38155786768576566,0.3799558166686407,0.37838537169872305,0.37445024342820177,0.37200834014013967,0.36380461139012454,0.35769064299861375,0.35155869035249254,0.3463454438667837,0.34126808917965484,
0.5057193315000947,0.5073111232524825,0.501293552048546,0.49894987705741,0.4943768430983379,0.48285995026754047,0.4700514113950178,0.4565497902192588,0.43550838311606227,0.4188607812126951,0.39909880179427404,
0.5775114172715273,0.5777752976804673,0.5804420027653714,0.5759547928051603,0.5727901320685946,0.5640897408887641,0.5506965298449175,0.5412163911135421,0.525791703027569,0.5294364632726961,0.5358689080094813,
0.46693648642070607,0.4650755065594498,0.458594547178892,0.4540072166896499,0.4483953262517596,0.4343622378721528,0.42251830509044574,0.41395318441593904,0.39597557564618063,0.3812895175114786,0.3721003219835512,
0.508221726421027,0.5049009181767226,0.5012136040991462,0.4961321973394621,0.4914024900596791,0.480685382137745,0.47080346147937885,0.44975105706323115,0.4339388915516885,0.41302022718481857,0.3941876745608936,
0.4315954044782775,0.42571685534462383,0.42125640646771473,0.4182834944572299,0.4092596848800298,0.39765908110533216,0.3832980249128157,0.36767777876560104,0.35202375218991316,0.3432070588497444,0.3339267745525721,
0.6242221704126542,0.6201737338178359,0.6119075904995845,0.6039175596336189,0.5878785497312762,0.5663060248723134,0.5420049168990194,0.5173759339056256,0.4973257390805117,0.47313262995925115,0.4598239872827691,
0.44583280993034763,0.4447637830255172,0.4430630494756113,0.4430351112741887,0.4403888098675816,0.43504043184070634,0.4227398260524321,0.41426786761075796,0.4016477473086849,0.3955390413117015,0.3898583424436748,
0.4983483250362073,0.4939455231683808,0.4907279998123282,0.48735208091025656,0.4756073279347712,0.46139005551701195,0.4444723485018343,0.4286896788386187,0.41436622395239453,0.39639835989955424,0.3768636553356656,
0.3200747062257536,0.32163306812991393,0.3230215635847901,0.3245207616244966,0.3261619319799246,0.32898702222008985,0.33097818177012495,0.3335190961384811,0.3330844197196202,0.3312310570194337,0.3313194499923761,
0.5052773121431785,0.505460303350353,0.5037574389536924,0.5072632020316405,0.5016443048386608,0.49386256221330455,0.4832063366853787,0.47693673365203865,0.46834773249835465,0.4618467039494031,0.45676461603148294,
0.3920029016535338,0.3905001578157704,0.3910413339324851,0.3928342865657244,0.3928618568054816,0.3925000820237195,0.3945681670644524,0.3923989584374301,0.3925657260743755,0.39236047745054076,0.39017223944259727,
0.49511691826250553,0.4915244306949655,0.49013589839164573,0.4794942878022738,0.4730311522495182,0.4558590107722274,0.4409004990976252,0.4255315812608208,0.4065351273914106,0.3921948501606392,0.37598921952345543,
0.5095180727539484,0.512172537661649,0.5106260099868306,0.5120533233242373,0.508626308559358,0.5017669934916423,0.49440672694747145,0.48295863512785325,0.4726333799060791,0.46117972710245647,0.45702053893587413,
0.4830712017663403,0.4791329723737182,0.47182035296788455,0.4700457094687729,0.45846525406823,0.4439061653424914,0.42718989044782746,0.40751107987998475,0.3890375794780638,0.37634704919990974,0.3632342316391108,
0.6456508753440147,0.6473254971499922,0.6436731817423497,0.6424471593100866,0.6305264988526127,0.6158228084830549,0.5979559136703991,0.5802693759680316,0.5619635363864749,0.5192081671026998,0.5098786407805943,
0.48104826194068107,0.4779721978612227,0.47436291320259044,0.47151214941427877,0.46470688569756813,0.44576127824621775,0.4348925424375074,0.4107786121189492,0.3960143536011037,0.38142103350878065,0.37209149066963565,
0.5053437032351343,0.5020382445189829,0.4986877903626988,0.49185526435445903,0.4832716963237791,0.46984066411636144,0.44952416293958014,0.4387849514758884,0.42374468992928266,0.41267019678841516,0.405178124704044,
0.357506651783545,0.3585465092556243,0.3585626984940488,0.35906916551839374,0.358869025382779,0.35768801979113435,0.35554453736313096,0.3525813114205884,0.34877312076247674,0.3457482973965398,0.34124465321793945,
0.35576264065151053,0.3545713547996841,0.3536252372014263,0.3515493389174241,0.34892677331686495,0.3456912029198209,0.34239839845206566,0.3399206871689211,0.33862909865599605,0.33948914368570093,0.3407264971596606,
0.4739273441135809,0.4734209664137859,0.46931025225565626,0.46676335505218786,0.4555493778257562,0.4461530614502081,0.4320576036324642,0.4137135695884306,0.408141872434833,0.39619037038268334,0.3816338631269814,
0.4780086009600709,0.4737413203514126,0.46972318159019744,0.4640261908434637,0.4529083179235104,0.4377999974400419,0.4193913501517629,0.4097193620354685,0.3908517314845044,0.3730597069191433,0.35990813753123485,
0.48206963343233505,0.48342878502124,0.48076898027348747,0.47982006038555797,0.47990968041993104,0.47467982580275686,0.4715316470895241,0.4647803052984942,0.45939625126500677,0.4572714645433604,0.4586350680782985,
0.592069089476733,0.5931638321893342,0.5920886813614297,0.5945809901844347,0.5918160368934435,0.5772641074249809,0.5724146081505147,0.5583794864702155,0.5383035740873017,0.5241296253237783,0.5254708442783654,
0.4327581085477145,0.4283389472268545,0.4229973290113317,0.42276493482253275,0.41696875053488264,0.4079073005824499,0.3992216322695026,0.3882658687349979,0.37572002789471576,0.36335491694970395,0.3554333891178965,
0.4018838205174616,0.39956367136185467,0.39761283846275164,0.3964214031489641,0.39393495780635995,0.38764718188432506,0.37724596487821127,0.3705422591378709,0.3641474720977977,0.36035806003225196,0.34479425178496104,
0.5282368278707725,0.5265488561291379,0.5293607254853621,0.5282599947538817,0.5161280436671702,0.5115480531461655,0.4974952287114006,0.48593890194837824,0.4726577296893472,0.46401506178672414,0.4568296742178249,
0.580190274091745,0.5737850152634937,0.5683746683320567,0.5627571447518425,0.5475608728667081,0.5356699111327776,0.5173127288425913,0.49481018097810703,0.468381802328145,0.44453293012427497,0.43022480537879804,
0.6068454568055227,0.6083679114722736,0.6079404375307713,0.6034147248310188,0.6024538951307169,0.591573996984342,0.5773062284754177,0.5600347533595783,0.5417171104491011,0.5267318396571213,0.5287623760986673,
0.433721390203865,0.42975357321471896,0.4280901287131243,0.42311394791418144,0.4196409759794991,0.41014185731084485,0.39771672950645376,0.38635910842068555,0.3779365130210159,0.3683028916413291,0.35968874708428134,
0.339528965279016,0.339773322632046,0.3399651332356969,0.3402457197714888,0.34039639639032426,0.33985248357200254,0.3399903705014379,0.33962332428265646,0.3390238922616442,0.33908381729454967,0.3394310921863662,
0.3522348510432035,0.3523061998438623,0.35150321755293334,0.35081103970909994,0.3502021337027866,0.34865479469902494,0.34619847606115145,0.34380933695692506,0.34044658351451834,0.33626767885643366,0.32991025460909645,
0.6035851044458439,0.600939973670511,0.6017170172217954,0.598537029756948,0.5921906527915766,0.5820604013546253,0.5712062767748719,0.5499070023718816,0.5326231268706574,0.5072846742259676,0.48973712845738854,
0.5221901313484866,0.5207166074964201,0.5160912449952881,0.5127846299004138,0.5067047252323493,0.49282502361634645,0.47609312852121866,0.4587174219409401,0.44072280594742935,0.4219537719183234,0.4072576018863679,
0.4136892007893925,0.41098090399343745,0.4107100296885838,0.40838385318384557,0.40549314358216393,0.4007456327260498,0.3938240771877909,0.38758001174667067,0.37966306331972044,0.3743773328556287,0.3669290716555483,
0.3906452866351165,0.38890192447203464,0.38689432085140346,0.3840092217861975,0.37860289636067457,0.37166610228391067,0.36590126908801957,0.35842883486118077,0.3526031394660768,0.3514138557924725,0.35028875171828133,
0.6217060010704125,0.6224323449650643,0.6223668093856347,0.6190216758919526,0.6161544301840829,0.6052229628496483,0.5937039792738958,0.578458742384818,0.5548300948482193,0.5212068744112195,0.5086123673624269,
0.5252799006526853,0.5229455916993839,0.5196027084855194,0.5167211135597953,0.5085560628933101,0.49433657120223523,0.4845613681073938,0.46603907385425175,0.4473034844136222,0.4315366389464664,0.41095537636887314,
0.4913459514619684,0.488870261795105,0.48537037022425,0.48077464487607685,0.4733245937058562,0.4582336646363672,0.44592792831394584,0.4308459188366475,0.41289519500146266,0.4017560944806117,0.38980968266104543,
0.6170223203466634,0.6153582168521707,0.6077488294295011,0.6046539066582866,0.593196214871453,0.5781564225577956,0.5607611125172491,0.5412083477733698,0.5253172412352862,0.5130714405818105,0.5108186290565752,
0.4159609235150468,0.41175072971918836,0.40543323738912246,0.40027510693159146,0.3909892034293604,0.37760912175133143,0.36257342717420327,0.3478627644079853,0.335786000178085,0.3289560385734474,0.3247396095641439,
0.4220307865308465,0.4237147779002487,0.42433944381745714,0.4251125895397713,0.4238179655245356,0.4209370957294775,0.41767764357445397,0.4122223716330738,0.4091101299422439,0.40470738271984724,0.3966571663330724,
0.46803897628164853,0.46638269611841776,0.464596901125775,0.4625171354948539,0.45682122613458814,0.44712043146417885,0.4343054138563547,0.42138674262986525,0.4093775130328087,0.4031903448956762,0.3947596373780531,
0.4187818136775381,0.4158617400203209,0.41172779913275426,0.40834634101240636,0.40074045021243676,0.39075199747018313,0.3788780512909553,0.3679776123840386,0.3570048109766042,0.34792133210611303,0.34210529446805116,
0.5884761163666353,0.5853563231330805,0.5777639026872231,0.5724794719703195,0.5583573377491319,0.5357598010910976,0.5096551572447506,0.47956997263224105,0.4532861926929517,0.42663707722128397,0.4034816720511584,
0.4353124317103975,0.43544791214483974,0.4335607240947386,0.43418003104480357,0.43064512339181193,0.42646742110715397,0.41932284973033535,0.412422829684681,0.4063465790085253,0.40371781934447126,0.400030791225576,
0.4353364238617288,0.4336888936524595,0.4297589281573652,0.42799055378039674,0.41937394404819567,0.4096487209057748,0.39779884001318105,0.38520196671513757,0.36880316888128695,0.35705984916579186,0.3482666865404529,
0.5165999196710951,0.5108917231263965,0.5073676122542419,0.5050375634391825,0.4967905644424025,0.48754291770485836,0.4722698016740019,0.45712814289379283,0.44222491775196976,0.42958543327018733,0.4203319009355392,
0.4541916910268544,0.454855237550746,0.45616349363574793,0.4565784654667656,0.4565920653703386,0.4528925774293899,0.4498033816468779,0.4450904142942997,0.44242966768026115,0.4428693303037228,0.446127076327651,
0.6548855635400838,0.6530953537087221,0.6523893530810579,0.6446009922097088,0.6336026930116442,0.6175421908648999,0.599173840869942,0.5814475696183954,0.552637064606251,0.532548266041139,0.5086023531605073,
0.542660743233239,0.5420895437565924,0.5419003446926178,0.5393629847843191,0.53397051314195,0.527048505111427,0.5192083534108605,0.503933113907639,0.4950538578659582,0.4903621242521773,0.48996498104186503,
0.5095598582718363,0.5100861289676576,0.5109481711516675,0.5095994182429286,0.5076348368763187,0.5053104406248567,0.498169344487273,0.4929414829731538,0.4833534421865952,0.47714736121828916,0.4715589016506086,
0.3447284880528588,0.3452017333870998,0.3449334136897136,0.3458715772930616,0.3447049082271173,0.3439997030772784,0.34319546775350673,0.34170363516179453,0.34032688051642596,0.33833777730683684,0.33763835785907514,
0.4177248611550518,0.41826388326842134,0.4168928604253562,0.4145785385031676,0.4113194564859238,0.4056211751660279,0.39919937426438395,0.38952489106524835,0.381488465200934,0.3733898861148535,0.361461821467364,
0.6397661035244996,0.6425340525444162,0.6411780450874993,0.6361390102786625,0.6305796108941373,0.6200713012716742,0.607701887379163,0.5849382170873852,0.5565076835359452,0.5313994642964043,0.5022476541732003,
0.4124732097870599,0.4111887705260195,0.4074623186985078,0.4032727778044857,0.3987186075992701,0.3888897836378872,0.3817936019040184,0.3738944315698858,0.3666335143043917,0.3624485831927347,0.35513117451203124,
0.35604098392526357,0.35511966917655885,0.358393265932218,0.35365181138047624,0.34577258327941635,0.3423181771105315,0.3411540746135945,0.341505916588503,0.3395681678660433,0.33811088672781386,0.3430791615629488,
0.4697002816938333,0.46626447047387165,0.4634184679453641,0.4564500729965186,0.44840216533070054,0.4380208564471287,0.42399765646935395,0.40815696712526084,0.39354346318302036,0.3753913188556006,0.36411014019644167,
0.44810500729595604,0.4486103405382256,0.4488128006328318,0.4481925062338848,0.4455127426690483,0.44191905907767387,0.4373559321484255,0.4332717573922611,0.42811239142524077,0.4239722100510372,0.4213242746045255,
0.40637815256086945,0.4046996599225066,0.40173789402297977,0.3993425990170243,0.3950132950981371,0.38621348776064474,0.37650940965676283,0.3676605103289626,0.35903613702057596,0.351363869134021,0.3455127020648962,
0.5369828207457789,0.5321199103420924,0.528355416891917,0.5238512871315034,0.5178891449662942,0.5072774037657753,0.49262592305291913,0.4785795131044984,0.4621147576250904,0.452589070551471,0.44272533457076296,
0.5618720115631967,0.5583953970944794,0.5534297725399877,0.5491312249622436,0.5379360562402272,0.523671764632434,0.5074907436715851,0.4892934081142109,0.4721778997971778,0.4564231843514835,0.45224021103340084,
0.48308689124095533,0.4817873529492401,0.48304859152057783,0.48121821526125264,0.4793546356345108,0.47810197575355917,0.4743256086170702,0.475146761694642,0.47568360363095313,0.4754165616589424,0.47204126624805826,
0.5619162727379668,0.5553545946562407,0.5507082686032486,0.5386333471622937,0.5278280750991848,0.5139363196011001,0.4957134307400327,0.46792966567744143,0.4458334463337371,0.42642654080367925,0.40099220001759245,
0.4245573932491825,0.42446575195242153,0.4216417044623266,0.42005090976987675,0.4151771208539712,0.40748558225978093,0.39838489669690896,0.38908153508375964,0.378678549844379,0.37043726703929597,0.35979868230161216,
0.4536660546857431,0.45195021746955105,0.45002884641424656,0.4457169506414233,0.44104003418740856,0.4335794356014742,0.42226748720901086,0.4091982032266374,0.40049830745147147,0.39305918105473214,0.3914167294286597,
0.45428408488079347,0.45303471882501006,0.4505860230711256,0.44898297132082876,0.4443707494340879,0.436376712066709,0.42907571686891843,0.4195672207212464,0.4069588477864673,0.3974299502516454,0.38305677246180636,
0.6075551249457205,0.6070030467159495,0.6047983366141355,0.6039396869080054,0.5984762274365538,0.5886562253775313,0.5722014506070188,0.5509702259496523,0.5306478566837433,0.5209640431724613,0.49510607061997564,
0.40736100484861987,0.4055335568906553,0.4046553818308753,0.3998422433553078,0.3957146418820912,0.3874919761782443,0.3785423408835294,0.3691034867857772,0.3592677132695225,0.35246450257196127,0.3458703616137877,
0.49426199213974553,0.49134893862792056,0.48846850571820577,0.4868295544006353,0.4806667657421178,0.46810083263648755,0.45462722051877774,0.4373657566246649,0.4218607061660457,0.40758858707668155,0.39130333993313854,
0.3681700731180712,0.366622815321006,0.36537683140898425,0.3640162866179207,0.3614079728853933,0.35747142903142604,0.35338841082133826,0.3492826046929053,0.3461465334103833,0.34561126156135386,0.3443849251952267,
0.4586927841101421,0.4585279059992471,0.4524099632755138,0.45032799783803684,0.4453981851335318,0.4352251168627616,0.42481195338021177,0.41119640523971623,0.3996862225890426,0.3901014415016742,0.3790766774340661,
0.598103839893309,0.5973412867517282,0.5892191622186754,0.5826907164183562,0.5718596913505465,0.5544314220486338,0.5327923485325473,0.5138705644973843,0.48138685061816744,0.4607525395671459,0.42697097442155724,
0.5583503021295303,0.555309118846002,0.5509333186946053,0.5455137312041183,0.5328379960446498,0.5149989752510148,0.4967176945028418,0.47364158982040994,0.4543104197116668,0.4297959630123492,0.41461088090602943,
0.3199399864874891,0.31970687823670857,0.3193882361151216,0.31927049887837483,0.31848757023394614,0.3174757753252798,0.3169187813559605,0.3176670784650905,0.31860262186291116,0.3198475999547682,0.32172301483592713,
0.39311815483524726,0.39132806248553537,0.3890595881704902,0.38735170602395513,0.38376448834955923,0.3790081249193251,0.3724434132832967,0.3691771415901827,0.3625701503984509,0.35765856714648026,0.35116884273562105,
0.5055065944196735,0.5065952124996088,0.5047945088238985,0.5040705090482842,0.5017558217710933,0.497230693186834,0.48937468422727076,0.47387590288394776,0.47112756660333827,0.4659907697690444,0.4528292001651627,
0.6179113324213221,0.6138268297358427,0.609041203430476,0.6038584330561467,0.5965377286415656,0.5823116196427994,0.5658028108048804,0.5506148762413722,0.5402825783284322,0.5304607235983233,0.536481673545148,
0.45562371358108866,0.4511126581460929,0.4480499058615571,0.44464085675192205,0.438348886129007,0.4277194426810022,0.4194876834799784,0.40500585942766654,0.39037794595609654,0.37368511186440345,0.3648787528618013,
0.3884726316292995,0.38680926964765616,0.38426844565490276,0.3822914596937093,0.37783781267465494,0.37165174090532077,0.363181881813432,0.35453421180038414,0.3464628656280571,0.33866642880420894,0.33408594550672116,
0.58281379937683,0.5806912006509111,0.5715890259207693,0.5660113004592684,0.5489246069517122,0.5272761001664883,0.5065276106609153,0.48469594244255937,0.4626135631629733,0.4394711759748745,0.4192791052538577,
0.3967990782255359,0.3961542144240876,0.39577186743912535,0.3952964015903282,0.39342035336667824,0.391860517326943,0.38647831181320563,0.3825685027260276,0.37721625972123474,0.36829198129005064,0.35560870600162325,
0.4910549540198558,0.4903587038380255,0.489176570740032,0.4862260738920055,0.4781313422030352,0.4689200508470836,0.4564920228322278,0.4428352952212643,0.4293878812404018,0.4200102466008012,0.4102003805076312,
0.4386340652089602,0.43545626080930766,0.4315263647756714,0.4270045869777803,0.4194000577244726,0.40924997246214145,0.3968546868974434,0.3846896253160018,0.3712458481214832,0.3650184768384196,0.3582749136960323,
0.4120343600058393,0.41122353116295945,0.4119716708581535,0.4108876434547172,0.4055257922681435,0.39957010450684033,0.3925839397806738,0.3858272446515633,0.37648956101634823,0.36828116783862935,0.35811418721480176,
0.49209210789288266,0.49000209417096535,0.4863777690123466,0.4812748499042131,0.4732219511349436,0.4626546452287606,0.44378452843292404,0.42687721280979674,0.4060957130528906,0.3869893271299617,0.37230555819153166,
0.5659190894008379,0.5623847283357645,0.5600321100050911,0.5531555811634286,0.5426431004222971,0.5291332481321489,0.5102947142818064,0.48772119109207884,0.46126903523667184,0.43699391758371403,0.41194158007363146,
0.5671185621386541,0.5628990065543283,0.5566655995985258,0.5505727961119482,0.5436018734313112,0.5276775077363997,0.5054609977969707,0.4900061776466043,0.4664120514822419,0.45355115565514914,0.4433152941512615,
0.4671473285971601,0.46420118753924133,0.4621489843943323,0.45785166729932525,0.45130237414113,0.44198735242183884,0.4284185846271059,0.4142816755023859,0.40519957234478016,0.3988726031624519,0.3972033690567044,
0.6271897761722296,0.6261051403858073,0.6212315796069725,0.6186548826551936,0.6107999622471156,0.5954051611730425,0.5799873563684568,0.5561340969793283,0.5336048990514477,0.510534946622932,0.4900116373138607,
0.4427079442061816,0.4443723648341859,0.44015994838019395,0.4415538236687247,0.4380297216286288,0.43123718179435805,0.42629292924040163,0.4193351374216331,0.41296058486283693,0.4032520123011,0.38977869111410796,
0.4507503927242864,0.4496975609896795,0.447083987086857,0.44754220630668956,0.4420978991564965,0.43577747755349483,0.4308464704907499,0.42557860355050814,0.4206498080577641,0.42048877147625335,0.4182574409395213,
0.5200244163082376,0.5172171719560276,0.5135231701620885,0.5094368729620555,0.5015641786905484,0.4931599426199717,0.47798475097326376,0.46047848176469924,0.44402429478233846,0.43508896657172796,0.4260033728861493,
0.35320328863715333,0.35257831953615903,0.35121902986985687,0.3510019867648739,0.3488729016136799,0.3459052851470426,0.3419565050235399,0.3380335075683834,0.3344683668760826,0.3330037849748683,0.3329843365609098,
0.5437570627262441,0.5455673204426364,0.5439168471121172,0.5412940093327194,0.5363203455419158,0.522661225077504,0.51033365346326,0.49618133126521313,0.473688819467714,0.4612954942831079,0.4468011309105106,
0.6051555987260829,0.6019755196784796,0.5939456353137342,0.5880367190667338,0.5801334940589349,0.5636169973426204,0.5456326283285373,0.5237728701734216,0.5010290947041074,0.47975976141940335,0.4599077153537375,
0.4735086022955762,0.47222684044226837,0.4688760798056083,0.46358393615833104,0.457632367300387,0.44722346575713234,0.43350954110204837,0.4162765049034073,0.40828304405313987,0.39919803000856097,0.3957266834479883,
0.43996702935004134,0.4365442240693643,0.43189093268980033,0.42779160064315713,0.42229766621940346,0.41039711851445904,0.4011826681096819,0.386740168416252,0.37569845132628316,0.36630778009874704,0.3572815471005966,
0.5475257367205612,0.5448999156234015,0.5421193628887286,0.5360933778530318,0.529682942261978,0.5183170812599321,0.5020138559776685,0.48393538983164014,0.4686428922155777,0.452155094312027,0.4464653110671357,
0.3771507478008876,0.3755606020304603,0.37430388763627465,0.3726626107766044,0.370783809318078,0.3688459776878841,0.36776255056300433,0.3682507749395671,0.37059541910623467,0.37372055671597976,0.37657085247339905,
0.3826648746183685,0.3826285903677736,0.38079410253416085,0.3813441685439021,0.38048483852012893,0.3797954843887262,0.3789012714859583,0.3804150117580452,0.3838772209585965,0.38550020320893863,0.3847364454194054,
0.49902490759730916,0.4955349315730122,0.4915456501007624,0.48788532443241606,0.48060891312937687,0.46754195475200205,0.45246122254898535,0.43411693651202415,0.4139175823906568,0.39778961957748066,0.382081929691137,
0.49973105231744297,0.49724081888006977,0.49279327733322664,0.48685018233388816,0.47941958403837925,0.4662404210096952,0.4486102681294034,0.42828826591032937,0.4094962974810241,0.3933556005682812,0.3820783088098318,
0.5062543770085999,0.5019292165634823,0.4977972457157778,0.4917693093413496,0.48289094637278346,0.4685510989012051,0.45096278182098165,0.4281872537313752,0.4084372311341507,0.3881136774062679,0.3688048918727547,
0.31663448555908447,0.3175466495066278,0.31835809136978416,0.31933974210088917,0.3204430298252093,0.3222923590233883,0.32415548530019583,0.3271769994679805,0.3309474728843984,0.33511836344530666,0.33739000042194767,
0.47965981652186157,0.4759119146849562,0.4717996529725532,0.47095937974627333,0.46297020432018365,0.45550288233441155,0.44460164495747634,0.4334380375222894,0.42083088469931923,0.41011098988354194,0.3881624380808074,
0.44683874260315637,0.4450120637621555,0.4433886000441262,0.4435074112875141,0.4383897850050675,0.4302867350439905,0.4223678949162889,0.41152099016025073,0.4015429574241942,0.39163055786330536,0.39184624257932654,
0.36128378903478425,0.35902278175035274,0.359600549411594,0.35398452658360713,0.354153803151601,0.35117351232885485,0.34690139859553554,0.33944137600119195,0.33880602147689576,0.3353678474440118,0.33391927945243677,
0.43232906642435764,0.42952461707740575,0.42785684518315575,0.42508306681685826,0.4208610634849279,0.41341698530858134,0.4031992973643088,0.39283561301763253,0.3839997529446962,0.3738640249660644,0.3664781231211357,
0.3959044495411052,0.3925498789884607,0.3905449227721053,0.3864285062004133,0.3800091167423513,0.3733962643736216,0.36363117266719597,0.35297272803265023,0.3461004543980705,0.3419595025020246,0.34173091044769516,
0.4001950052756535,0.39989399225708705,0.3987487469463554,0.39607712868289924,0.39415425290646855,0.3894358179747428,0.385535699529397,0.381133064363614,0.3768637979619455,0.3756551454773073,0.369385737260688,
0.3156801262062221,0.31699937581489585,0.3183214229861829,0.31961772789511406,0.3215284385104253,0.32461067898730916,0.3279729197053549,0.3316091374448972,0.33462824546897835,0.33529941380794986,0.3356619283237502,
0.38088686893053003,0.3810717608091828,0.3799476863399271,0.3795144546692141,0.3783383676086052,0.3754842015947215,0.37098512416317586,0.36663118749624424,0.36244417479033314,0.3558017430014762,0.3519860203059379,
0.37375085061160385,0.37435517908307914,0.3752963099743504,0.3752458916044387,0.3743444624546095,0.37286692245087144,0.3713457460319819,0.36757615383592834,0.36337617437379455,0.358277588132476,0.35279330324458474,
0.5435395755830692,0.5448255799999173,0.5406967137082456,0.5393066821020928,0.5349357185748743,0.5236414300988317,0.5084522028242602,0.4915393183658187,0.47669284276033014,0.46053547498663566,0.44545520378035347,
0.6758879446419968,0.6774573061304516,0.6761567612827301,0.6706362319050847,0.6647122238716312,0.6501501347046833,0.6321308695241846,0.6199227891460163,0.5948883476620862,0.570767614320991,0.5562848218940197,
0.37233174893991255,0.37310205456545315,0.3736184568184261,0.37294634270106386,0.3729095275506207,0.3712446994427336,0.36809903052387455,0.36428464123289983,0.3594599411221317,0.35536305554748,0.34927087933988427,
0.46824781842081636,0.4647098346643932,0.46507065791045893,0.46334757926601045,0.4588080623772211,0.44996428013173306,0.44099500989952184,0.4341918063967057,0.4258807741457045,0.4139002791591389,0.4014830791466153,
0.4513962856435005,0.4194363503573569,0.4183044445472687,0.40857171797204145,0.42199700287729663,0.40107106647838997,0.3859442153450431,0.3689300532086107,0.3559251172857773,0.3497405998012253,0.3438168116282246,
0.48424847071860555,0.4805830889530573,0.47512392699963507,0.47089514916943964,0.46445090040062315,0.454437863089886,0.4412229950877077,0.4254814374835705,0.4122247004457868,0.39677078470311566,0.37864804221992837,
0.5204686286967275,0.5176101168232428,0.5124245858391255,0.509837330288554,0.5031991373271126,0.4896501505094126,0.474292409532162,0.46371926562193544,0.4469536281309779,0.43861118899603213,0.43169557937040426,
0.5303275877168656,0.5283271922036192,0.5271245616910726,0.5220942581673116,0.5136463774828486,0.5002893049660226,0.48811343858434014,0.4659140744720682,0.4487407420961132,0.4315606099548692,0.42173566707126947,
0.5778707812797929,0.5730245386685783,0.5692814796347468,0.5579900347657631,0.5475545876437975,0.530425173000165,0.5069039699081371,0.4845856879009245,0.45422937134758845,0.4367268704643313,0.41551699369825923,
0.46278216356347024,0.4618585596897074,0.46097321106836237,0.4612373109801245,0.4580307602481246,0.44900565266585724,0.4438847692182582,0.43303859302374964,0.42459413891824216,0.41784256115101925,0.4075543330372548,
0.4445526621647052,0.4396648820973725,0.43431373127316053,0.42834359517284576,0.4226990292331986,0.41358872956466486,0.4004698310919006,0.39077597570952904,0.38080647538739165,0.37435232448564265,0.36677437294192766,
0.37840416124676174,0.3791955793008991,0.375722623131934,0.3720083152245231,0.36858025969128366,0.3619445959024816,0.35489645784255186,0.34897657410117366,0.34162915835173663,0.3367615420612261,0.33345214843415294,
0.41270323410287935,0.4125984462746259,0.41153590969848286,0.41181084540808777,0.4091482793610446,0.4057500932834492,0.4012118431810207,0.39671686799563377,0.39095681983827285,0.3852139690557106,0.3769919354355395,
0.4723331285939521,0.4703864766545828,0.46592754593137464,0.460340374625744,0.4535961906917047,0.4401350560161224,0.42366695921477315,0.40353698018266426,0.38968908583232675,0.37609049544655926,0.3660102181126959,
0.4956780263736161,0.49312822823198593,0.4888045989259143,0.4875259249154191,0.48129015780795986,0.47338314359145633,0.45968975431808007,0.4487558768098124,0.43855462713224447,0.4288362774591999,0.42829411226125547,
0.5036879438353985,0.503999809318062,0.502876947152734,0.5023046627325896,0.4954295471125861,0.48545166160103764,0.47045322767880554,0.4588109432035856,0.4431016123605463,0.4313857372922797,0.4257187144423013,
0.5943752116835842,0.5931565809716779,0.5910306520534585,0.5863514786333359,0.5826530761874895,0.566122521266102,0.5526443024277357,0.5336757820723024,0.5114053927976541,0.494646163003416,0.48008319039152253,
0.47318814300863926,0.47437196742725446,0.4736004783617417,0.4735499569153985,0.4695381045229026,0.4653540179551456,0.45817890169862985,0.4513633090709791,0.4466487545564993,0.44179501768423296,0.4415512491818875,
0.47469194256933217,0.47162950263837145,0.4680412175233903,0.4638558410720573,0.45686683177783066,0.44730679648384947,0.43505634745701804,0.4209333817020722,0.4092138564331107,0.3986787230197195,0.39170121437409133,
0.41158039915168504,0.40885260573021776,0.4056221861927624,0.4017336090087891,0.396131988646289,0.38630111509810633,0.3783430261644522,0.36687643966356664,0.36017225807553216,0.35149992925694395,0.3485143592032828,
0.44836607362676295,0.44572811676776697,0.4417727771021526,0.43837032199364223,0.42878117352864675,0.41562614945302717,0.40050116208729447,0.3830900283931557,0.36722545401959356,0.3558706145566193,0.34745754084774555,
0.49637872108748754,0.4957280079801573,0.49095130945883986,0.48838383080042425,0.48141338005260925,0.4700261035618388,0.45271272304940424,0.43483312058415097,0.419181388441233,0.40714763125379166,0.39353098885439863,
0.6305288485874914,0.6326410208181432,0.6293800343299828,0.6315055158188383,0.6247938839761671,0.6126767815589281,0.5998472758423061,0.5829726652771237,0.5575403605777679,0.5400231251674903,0.5251727933031001,
0.5832805001061256,0.5809971517768602,0.5785032424483763,0.5715372502922293,0.5662709070169025,0.5530750500151477,0.539120276043062,0.5189144324066777,0.503242549857462,0.4852156453406411,0.4692123653782623,
0.4863881356107989,0.48024197971621285,0.47598387436510003,0.46849913339124305,0.4575102480356167,0.44426486520432656,0.42718811209155194,0.4071291502735933,0.38835622456533453,0.36985225065175803,0.35559379376797995,
0.3665216777462313,0.36691812598173723,0.3664320952985973,0.36657759069473483,0.3656103229576469,0.36434000594069965,0.3613746608940268,0.35896244266741895,0.3565563597660529,0.35465195736633354,0.3502594080770799,
0.5793593530691183,0.5755016129068871,0.5703633725537339,0.5657208790514276,0.550323677831799,0.5358643704535857,0.5135482865610512,0.4931857848488151,0.4684161920828661,0.4419792291860143,0.4172137507307681,
0.6852366591533725,0.6861672839683861,0.6785754129964527,0.6792906605357492,0.6687720282289884,0.6511828003525694,0.6336561411689103,0.6060424124370201,0.5877650791540593,0.5601232152160368,0.5331613844266649,
0.4429468829000019,0.44199926048944577,0.44027722947050635,0.4391607451554627,0.436214184015022,0.4306709052094889,0.4210598823539305,0.4134067572035317,0.40548615540162364,0.39839300219887247,0.3831663467561338,
0.4995909867555614,0.49676724107578757,0.491608504092419,0.4886032132165195,0.4799000592041195,0.4670740417773351,0.4528121326802469,0.4386842610535761,0.42518131092347944,0.4078272376137613,0.3933764496437497,
0.3355867083864997,0.3352521898638965,0.3314424123505477,0.3317184460869592,0.3326209528222483,0.33116473866334,0.3256202629907422,0.32684087671199863,0.3298077147254149,0.3326646897345469,0.33434297175217687,
0.5281036797083356,0.522984157943673,0.5183477867750006,0.5114692744696945,0.5041958316783655,0.48849323618610774,0.47132895045596573,0.453153864789182,0.43461915293571857,0.4172892921793295,0.4061546094830154,
0.4514362370639425,0.4514225891299297,0.4526139987612203,0.45340351004662127,0.45151208028236584,0.4499560382921192,0.446691035691056,0.44342589815640193,0.4391114625828594,0.4367905504658378,0.4357180504235063,
0.47300122503694303,0.4709981029012858,0.4668368305761463,0.46378917192882574,0.4540585585113697,0.442823542742484,0.42546810752677655,0.40328641113566827,0.3888124646997634,0.37238864576713504,0.35815470392196846,
0.6097333615399152,0.6074362774784032,0.6054881994350714,0.6019418636197181,0.5960279807183513,0.5857289029465919,0.5717013081540423,0.5546498618049249,0.5349084034368917,0.5242034283363058,0.5212932675788224,
0.4739240776733001,0.4693251883402498,0.4646142541192858,0.460447432769889,0.4483074216701885,0.434791111028505,0.42097537379349903,0.4062424950994718,0.3882527351158948,0.37445206152643296,0.36517851951533087,
0.47212761838183886,0.471991524303022,0.47309476969284675,0.47057312917524063,0.4669804431656551,0.4589231718421035,0.45159742725211877,0.44010769520902304,0.42794777422553476,0.41459888213846474,0.39944581205364516,
0.5123180699349509,0.5079543838291434,0.5073463452727401,0.505372818747257,0.49813324109944873,0.4892222287386848,0.47699006284078915,0.4649891320732588,0.452969146307047,0.446350832114831,0.44714321654075123,
0.5304845298753735,0.5309521194035717,0.5303426479143801,0.5305107587819341,0.5272418841968846,0.5201269027075431,0.5140647419230748,0.5055706602177612,0.4974812653085661,0.49091687115896004,0.4922288649212979,
0.3842467326246212,0.3851299450141208,0.38542939466437626,0.38539257753823947,0.38537191734859116,0.3828263659373295,0.38000612884367896,0.3760398627853887,0.3699529260713234,0.36347492489768596,0.35731439862584524,
0.3918522700305323,0.3841093806500185,0.3839871636211105,0.38700756903294214,0.3868328227098328,0.3806143658883396,0.3805868446084112,0.3769035193677146,0.36721274741838483,0.3601694392703394,0.35352959180456367,
0.4900962837563037,0.48715307559055054,0.47940619625091835,0.47565352645299414,0.4684923427786223,0.45391378684387806,0.4372916748502965,0.41969373505708335,0.40025757179358107,0.3826877444266827,0.3680835844709258,
0.43094813484937955,0.43002758108431677,0.42899073254909176,0.4267282972093676,0.4233695042548201,0.4191926927475663,0.4125477745523601,0.4039825884165238,0.39529246063679163,0.3867627182397583,0.3754101597864433,
0.5449193204059216,0.5404275713912501,0.5333133596500569,0.5259239121324614,0.5166517274665031,0.49956552015284683,0.4823123564903441,0.46262813034562317,0.4444228225045569,0.4253430643686813,0.4108074022819463,
0.64781138869565,0.6459079457361944,0.645722068503699,0.6421591867258211,0.636755687863215,0.6259946662486946,0.6075873400990025,0.585986187237053,0.558349031507169,0.5374581743457122,0.5102288624406879,
0.5162567417046763,0.5098912650666017,0.5052127855555346,0.5002102799376841,0.48854061656580616,0.472326299579662,0.4515635960212875,0.4342598365758004,0.41236227600951575,0.3952126293220721,0.38011478221067146,
0.4040027693684559,0.40168061925820747,0.39930589554329726,0.39458040281902634,0.3882827094268069,0.3796662319966552,0.37029325817884146,0.3585214687088296,0.34641215720595414,0.3358150498262573,0.3270789579826177,
0.4218640769460428,0.4195726681900238,0.41567111937982176,0.4123742594722846,0.40609538757724356,0.39478766856068453,0.38190082045935086,0.3711259778563387,0.36033153291588077,0.35029934769258736,0.3436660496190388,
0.4609591723261619,0.45662314243063873,0.45353304416222656,0.45084607328909265,0.44324255472933255,0.4326787394772166,0.4208177297082494,0.4054977103130667,0.38882638529788055,0.3744098574287613,0.36151295460741206,
0.4179151831614972,0.41706547277282724,0.41574283421376357,0.4148980950326259,0.4107368942152435,0.40401158739580073,0.39539976970831514,0.38840390582138146,0.37938578800390965,0.37099069089321246,0.35961938092188867,
0.43799789660406996,0.4347193074207527,0.43257582412039014,0.43115690658353073,0.4265171210333081,0.41651049505547905,0.40872606519329574,0.3993994561375402,0.39355479389575093,0.38724828189187344,0.3813047343538568,
0.6281932332647103,0.6255944157447593,0.6217011985770865,0.6138229506446,0.603033649851878,0.5842391006651613,0.5641799940476653,0.5375566496207435,0.5159326715909793,0.49968312362351847,0.47935856510616354,
0.3998220793923992,0.39804905145318487,0.39578930684644853,0.39305879848525926,0.3875111196996318,0.3787610228409156,0.3697413154643411,0.3606110730667051,0.3510285247956785,0.3428324936349759,0.3371578265250938,
0.3722278176441574,0.3708798013090013,0.36864723075860356,0.3665147613747182,0.36321605724742295,0.35669487250432075,0.3503941561761789,0.3421756371568834,0.33348661987205513,0.328100993127718,0.32469855696685057,
0.5621757073801423,0.5647721181003365,0.5631438579201983,0.5598068602521477,0.5590789654129346,0.550013399254291,0.5444591417076476,0.5348582081072593,0.5257439558493807,0.5109945514795837,0.4988097225471443,
0.42361251959359014,0.4223025296526573,0.4191628942853324,0.41529927531847033,0.41024044350672445,0.40036352079468945,0.39144576176621276,0.38211942156342277,0.37188004916344664,0.3693300264091156,0.3624854957170428,
0.5471597847113807,0.5467615214596447,0.5429919486077859,0.5392595749562991,0.5324915887922217,0.521173466923712,0.5023091285102282,0.48087829823090084,0.4573843993271743,0.43712671084871957,0.41760684043812174,
0.5495538386340431,0.5462017394224962,0.5436671121183887,0.5401520216679289,0.5302208879725735,0.5168572896410581,0.5027277775172286,0.48345531158766514,0.4660929992453033,0.44763894718518377,0.43126255308945854,
0.5106549165187366,0.5101316032696258,0.5079264641146302,0.5046814073108717,0.5000328936747244,0.49002162361779755,0.4776445934099493,0.46382913865383135,0.451421473741149,0.4378468444860441,0.4264238393794667,
0.6071214771037134,0.6068285472931731,0.6034958080049263,0.6011736981956556,0.5964228577438775,0.587665942735768,0.5734721859679215,0.5573941723706767,0.5386196271543928,0.5167251979339821,0.5068494918378739,
0.4174246233028556,0.4179164470506881,0.4150144763698002,0.4122303846791203,0.4104984477540905,0.40296332501080395,0.3910642527326323,0.38191521412589946,0.37426061032002866,0.36832813059029185,0.35944066021569493,
0.4933834387112153,0.49050093116276505,0.48751676839819885,0.4866149065245063,0.47898138613806374,0.4703089077023682,0.4558192116747669,0.43978937357996056,0.4223585660464998,0.4037699272586272,0.38583152368847656,
0.375327307174503,0.37336349215179504,0.37075388556796407,0.36741772665129446,0.3637448139312596,0.3575859362433455,0.3516162517832597,0.34610655132895385,0.3416187334997349,0.33881644302496017,0.3383612259593268,
0.45698054867037524,0.4553943157937691,0.454144276850005,0.4526848034081188,0.4508388839797125,0.44444014768180906,0.4377847213799679,0.43846324128267655,0.43625680696257213,0.43768247975304125,0.4405498108945477,
0.5788487257913447,0.5767488672202069,0.5762298144167755,0.5705977459259467,0.5624649741516667,0.5513289708103016,0.5340332740439541,0.5157490752578786,0.49238138838609574,0.4728906679672154,0.4511719886535113,
0.4127274153166025,0.41228200062032677,0.40908556874066615,0.4066760274293555,0.40251056314996236,0.3949255487933048,0.38834161887840646,0.382128934871683,0.3759796362282345,0.37044303332557094,0.3634046014260941,
0.468934250536996,0.468834630048461,0.4671620354647579,0.46564582343480687,0.460388107958374,0.45083990273996505,0.4436081988359738,0.4309361869958347,0.41984436037923434,0.40518923770554965,0.39121103456211265,
0.4042371767184663,0.40098890481205757,0.396327798791894,0.39440430132143667,0.38962710168340314,0.38096466060794343,0.3710203052110729,0.3619387537011769,0.3527694188534803,0.34688500514258197,0.3401353092216278,
0.5644783667981211,0.5583103606747184,0.5523695000423805,0.5428435904568567,0.5345155244248337,0.5141748734043874,0.4945038928242525,0.46944330921848915,0.4412484482853334,0.42269125120663076,0.4051159630674325,
0.4279174339580969,0.42505135918321973,0.4230932233181629,0.4192263665874853,0.4146120086569106,0.4048552797261912,0.3943869037171397,0.3829846770969099,0.37271026492645537,0.36294196452471356,0.35395700747547937,
0.4910431413139884,0.48946954103539664,0.48709633250587725,0.48490292580903827,0.47878322828796416,0.46875505994681693,0.45765410920217714,0.44115300236469396,0.4234994383783562,0.4101317488180252,0.3970012489556535,
0.5739960668128642,0.5761137448509261,0.5768996133051227,0.5755862841660802,0.575729009151134,0.576312312610609,0.5762058800934969,0.5721045913834328,0.5753078648386972,0.5884261341192413,0.6186111180744236,
0.4323057641536723,0.42974406074985905,0.4270102242188801,0.42303135617436566,0.41634143334499124,0.40864756538462055,0.3983925538951843,0.38929423246055317,0.3809159673058434,0.37594769673958983,0.3739781937523714,
0.5755065028470185,0.5722181622932618,0.5674827782954126,0.5666041846980118,0.5596443702730333,0.5507195731931666,0.5360454427221067,0.5226606623079378,0.5082818506903332,0.49732199426365814,0.4964470006286339,
0.6584481688798552,0.6597189318919288,0.6548895434803401,0.6548788778028005,0.6491026316261527,0.636041947957677,0.6166200345910355,0.6029587816319043,0.5723759099793764,0.550857279562418,0.5223428142440134,
0.4804489455224865,0.47755632328024145,0.4743705771754935,0.4713187767045601,0.4631500272400903,0.45212978109720464,0.4371581187182986,0.4225420635867129,0.4068788485635229,0.3935589611242505,0.3838957560819903,
0.4484597705934305,0.4427470905721485,0.43928486631326746,0.43335046809479955,0.426038358794944,0.4123584693053711,0.39849102239008855,0.3811857909416984,0.36397651939236614,0.3486723133363395,0.3375410043615638,
0.33654630182167666,0.33740255702030736,0.33854767968244726,0.3388621822676473,0.33993424195469235,0.34155071213911126,0.34275636352522587,0.3448719745205561,0.34617028989585147,0.3476814983246161,0.3465899053769015,
0.37829737544991504,0.37879884742199904,0.3774634872512154,0.3761303286673047,0.37374372049814836,0.36958458026545693,0.3637912435259577,0.3594051676168176,0.351623149808879,0.34804712308844327,0.3414299096602482,
0.5147036196212733,0.5081276323258792,0.5014273906336285,0.4934870429350168,0.48406449258215645,0.46684383176612565,0.4462393498841156,0.4231194420401252,0.40299800924391155,0.39051953865934286,0.3722408974588467,
0.5607265144510319,0.5653625907275711,0.568274992804617,0.5731451283668799,0.5758781829194181,0.5773284115119081,0.5797666111443449,0.5845322893103351,0.5968023015931643,0.6230872971265731,0.6498513425948627,
0.4750478387975321,0.47287201665971423,0.46925702790796553,0.46671783737463163,0.46211139906101084,0.45242520400824693,0.4414779412684994,0.42862738686597074,0.4160099877070042,0.4026053477863472,0.38842122397630907,
0.5414705699182528,0.5385663911694811,0.5355909170411169,0.5335274243352282,0.5261768461542281,0.5137498369160504,0.499606689253119,0.48033285148152394,0.4620793653040587,0.4519667651371744,0.44374452688452404,
0.4512358298930861,0.4529956649548348,0.4519258938897784,0.4516051589330638,0.4522458301700154,0.4492520937230379,0.44664524427414576,0.4420214927490436,0.44129093511355094,0.4420493857853563,0.44829885861965146,
0.3929523201388356,0.39114945007851076,0.3905599454243811,0.38783935847896844,0.3844738811629943,0.37902666899469806,0.37190142016976324,0.3678380876742,0.3614522413387053,0.35607281092382165,0.35327846554331277,
0.4599730351051096,0.4588117642717661,0.45507739553919563,0.45282135096317366,0.44949878352667405,0.44268511681770517,0.43471273665641824,0.42196623436562847,0.4133363450409622,0.40480076490900235,0.3944851772217318,
0.5452730983402565,0.5445395956233253,0.5434683881239992,0.5421103056526816,0.5367385652585845,0.5244479044259662,0.5134689439018302,0.49611252681000595,0.4819087137829885,0.4661823089969123,0.4579175683163094,
0.32797030256699305,0.3266035792065953,0.3260103423160049,0.3244262175503536,0.32253756495778924,0.3196426940010401,0.3168963347820866,0.3158072842654363,0.3157023940575569,0.31724669272082123,0.32035359941830166,
0.5143323478970973,0.5132117436300901,0.5075130051050587,0.5073458089739448,0.4978776086119318,0.4875747540791229,0.4733988662639951,0.4584087400803039,0.4444442605423065,0.42982309972133104,0.4110549159669944,
0.41100226488445396,0.4121339607331753,0.41218167592935867,0.4135374535723449,0.4130945073449159,0.41254133418671085,0.41144179636956396,0.40828635012137393,0.4038244194945478,0.39682337413632784,0.3887198762625503,
0.4037368887169156,0.4021320703168941,0.40022746333189363,0.3966198173315525,0.39251271742649174,0.3858108153790421,0.3779788702058148,0.37200788765360077,0.36404809276578765,0.3598271859610894,0.3558649980708718,
0.5538644987809119,0.5463219151580071,0.5384746635934503,0.5295350788954185,0.5195562057488919,0.49994693029407744,0.47805864108719925,0.4557225948809353,0.4277937135444414,0.4048263403366725,0.38283672845843747,
0.45710726553841385,0.4535849692866824,0.44862001036635096,0.4447729397123988,0.4373132996001131,0.4269881813181941,0.41482084363432165,0.40340375181120136,0.38890050173873725,0.3771844316456033,0.3655232759443992,
0.35977094172310053,0.3576478026131996,0.35560313614348393,0.35353241253390344,0.34976660016335764,0.3437515065714235,0.339716643246522,0.3336393789335386,0.3293597279905399,0.32750984118581056,0.32749382694100415,
0.5138331659778661,0.513390669386643,0.5147104048056454,0.5132203320449373,0.5093903698458595,0.5010566148876346,0.49140201440649317,0.4825338826952708,0.4767978946866284,0.463092967243305,0.4535123229272783,
0.5114279895429196,0.5103185026766929,0.5094490383314042,0.504228991477277,0.4979729665005335,0.48938100917465244,0.4782816574206052,0.4649926897143877,0.45356975844018316,0.4484288443708617,0.4471328532231788,
0.40120409720794764,0.40005880299604424,0.39724177811361816,0.3955978483324661,0.39336547909477654,0.38518165072661775,0.37907709144242163,0.368416565221776,0.361814594376927,0.35538436649948646,0.34882517240054545,
0.4301060859021749,0.4283458599865275,0.42610135726021287,0.42297096401934337,0.4169238165816112,0.4073895337975267,0.39721800708048943,0.38471021228141433,0.3691952012685455,0.35844861544138285,0.34660835986204186,
0.624627680926451,0.6280961188659668,0.6255414785337615,0.6270740603797661,0.6228523281506065,0.6141325813446501,0.601889973957719,0.5926847058806286,0.5762978106691461,0.5715109075250031,0.5721946482775766,
0.4580211445265036,0.45749974064173626,0.45233332437729595,0.4474343423441115,0.44291974531839073,0.43030800289664733,0.4194996935495132,0.4059853637455454,0.3935894785757273,0.3846421925499753,0.37567838028164907,
0.33742546400219475,0.337751143673756,0.33782538142333995,0.3379431205583564,0.3380651150943456,0.33868328826917543,0.33850251662308795,0.3396803631389647,0.3395732059365711,0.339486546845269,0.3408967987243001,
0.6308486091554867,0.6315510077155065,0.6257923238903551,0.6197969101800149,0.613784864999631,0.5989163127582137,0.584209012678882,0.5667076799668045,0.5466893401134278,0.5373374907886186,0.5222843345835052,
0.42824036521636666,0.4259844874389683,0.42041717712706345,0.4179264565232369,0.41134196530668043,0.40102304684924034,0.3883700794762364,0.37510269859037365,0.36364627579568537,0.3576225482168203,0.3538122022480106,
0.44478882814456855,0.4422077120258919,0.43999458544613346,0.43684969866829015,0.43394525408637424,0.4264038111001115,0.41804042635755856,0.40750418924118237,0.39715843585276855,0.3960207388150775,0.39165495634444575,
0.5826663790728271,0.576473451355364,0.5714655974322951,0.5666729859186748,0.5547789709308597,0.5386829482422639,0.5242434140999972,0.5011037053108804,0.48068163271091774,0.45531642554024715,0.4328961474648343,
0.5324143039176956,0.5317151005596177,0.5286547104539544,0.5265599438536508,0.5216099187942755,0.5121028999224876,0.49535696125573386,0.4762006263538837,0.45638922468478843,0.4467161643387915,0.43157432357746184,
0.517282987714217,0.5121201946986262,0.5075285025913764,0.504021996394705,0.49549223228822564,0.4847002065114487,0.46915301782779073,0.44930348698856376,0.43393040480227324,0.4120169042580778,0.3921805451772155,
0.609384670512263,0.6036358762328041,0.6037965244840863,0.5976396643631096,0.5915863896529934,0.580358802656242,0.5639355872521701,0.5511722297932626,0.5351206769992021,0.5293167950658132,0.5276743174490286,
0.37747802290567045,0.3739914018778984,0.37099695971287155,0.3675604539951036,0.3622352642307869,0.3554081833378719,0.3478004609203347,0.3408179244855473,0.33416877510200665,0.32963500805624857,0.3284458846806149,
0.5595283235977532,0.5566351023388959,0.5517392889884304,0.5454065651330438,0.5388796452148331,0.5262273311443556,0.5109288599450816,0.49297490814184314,0.4747980973962549,0.45998713026725113,0.45165369913157316,
0.5355767589135351,0.5349750051387819,0.529168204188734,0.5291390410994214,0.5251370651739309,0.5156228591629424,0.502733554107836,0.4853749993507868,0.4706457749355528,0.4561195502678099,0.4333222712411716,
0.37542719998227403,0.373881953608459,0.37279202908249415,0.36846664959416436,0.3663130736637528,0.36187456963480896,0.35665837596145133,0.35065503359777245,0.3452191009202493,0.3402763852806976,0.3339984649555819,
0.39162972606222335,0.3919663847768278,0.3930283214282917,0.391174606559356,0.39114246273185505,0.38831134490460895,0.38433222572980713,0.3812616548711133,0.37784143668990045,0.373660817548898,0.36816812304885593,
0.4673974673257315,0.46255334627711053,0.45862596543532386,0.45400347882649983,0.4462738680111001,0.43448500262933404,0.4209182125702878,0.40683615427137476,0.3923666491492005,0.37857577143926274,0.3654802334135971,
0.5481337935179362,0.5486879775857574,0.548917714691257,0.5468511010790453,0.5444321249386029,0.5370898573780366,0.5311282189889125,0.520429855890925,0.5133438057802274,0.5109986221660331,0.51038918611652,
0.3591234907368208,0.3574108389497934,0.35602519952045064,0.3539946536376095,0.35140890704205335,0.3466956428458933,0.34299378327347596,0.3388389377552379,0.335303384945872,0.3336645960324695,0.33296291449250526,
0.46418020990271436,0.4599155344393881,0.4564345307905762,0.45129035171332155,0.441021059396929,0.42783929156324985,0.41403563529755616,0.39653170905683965,0.3821932524764504,0.37047533437469254,0.36059729820322384,
0.4450599990417994,0.44762924929338654,0.4470835468735041,0.44474322545432987,0.44149569872304234,0.4368489788362264,0.4322040318875818,0.42244922888268377,0.41865752953631913,0.4159946331035096,0.40201947681390365,
0.40010636077901796,0.39943278559012796,0.39997222427068646,0.39910048836701634,0.3975375358577977,0.3935393227435949,0.3905676374149283,0.3873299476010749,0.38367422660609535,0.37916436508813856,0.3766268008768255,
0.4926169453056676,0.4915098654707226,0.48830243619887365,0.4866074618708764,0.481631077510681,0.4724286203636938,0.46136083062299377,0.4503436870155365,0.4361635248389288,0.4253723184478257,0.4141031011167163,
0.43521019019119345,0.43768217822044486,0.4407500096286963,0.4414591629500289,0.4448198910886184,0.445398221636093,0.4465749112376871,0.45135939965732413,0.4552907893103788,0.45907008984294995,0.46151032591676194,
0.4530364108915194,0.45111534219334387,0.4496938054707962,0.4455618824359916,0.44054791255875936,0.43121328300008077,0.4196131170587388,0.40819096935643984,0.3967497823259092,0.39286485126112536,0.3909893117773235,
0.5497396372661417,0.5471563425927781,0.5449450245244744,0.5410604068777549,0.535005247508806,0.5238393693342752,0.5090080769690891,0.49314728903274646,0.48099819455906795,0.46426119561980483,0.45009961090816747,
0.3973270822354882,0.39647220359111496,0.3949388323260708,0.3925749903315398,0.38638048263132396,0.3803322478226912,0.3725861133781433,0.36389412719783304,0.3562370667959059,0.3460904079231086,0.33674812618254574,
0.5626205817312492,0.5613961064855982,0.5562691384470819,0.5537055194010362,0.5463865507962566,0.5351098900262643,0.5209760265886946,0.4993749892675608,0.4800902117662142,0.46230700576164274,0.4443012464940096,
0.6671483374027638,0.6646683340327515,0.6593095834186488,0.6542261821218706,0.6456354911095858,0.6290464315091505,0.6159397656035047,0.5893646483609096,0.5746196013523339,0.5506974518240808,0.5369544021723786,
0.36731986504212377,0.36662584223066663,0.36513192683704215,0.3634142348075633,0.36000306782073577,0.35514392746325013,0.34892744038898454,0.3426818929804979,0.3364035235239118,0.3304896263152554,0.3260756137143811,
0.44019450670594534,0.43763593801491113,0.4347612196141999,0.43235789371180255,0.42608171676797296,0.4168156779324966,0.4052833000418328,0.3939741534201443,0.37873137509695365,0.3718278501192332,0.3645461193820898,
0.5715719588228778,0.5663664005021606,0.5631575285793388,0.5558094363634212,0.5486423733760866,0.5331251012157968,0.5140091867663582,0.49425246046295096,0.46832937074663994,0.4517459899143876,0.4358258450752709,
0.4018120258248099,0.4002547605437803,0.39873826575280197,0.3963951125310149,0.3928783748765382,0.38664289447741,0.38063766589903514,0.3724709397972687,0.3663184544471521,0.36254462388198516,0.3600590147318343,
0.4660872622179987,0.4639356735503756,0.46174890288274056,0.4592865976957335,0.45743817463529074,0.4482301711641578,0.4401925780179381,0.4329996905815453,0.4277567752848751,0.4224667032711285,0.4142176296823565,
0.5269379682589653,0.5237096071408714,0.5187580353224303,0.5134075805286754,0.5062854045751471,0.4962391712530687,0.4800092481735513,0.4654241419627332,0.45308752593066665,0.44155626475510834,0.43740132179506797,
0.3955576754021579,0.3946213276174862,0.39305194595834786,0.3906881633370334,0.3868505431663215,0.382057350559069,0.3760253786538589,0.367740119930754,0.35999738227286543,0.3540199231667489,0.3483231437644348,
0.4859895592530365,0.4867580269398674,0.4858104350558958,0.48319964890930306,0.47878342305228244,0.4722837886462761,0.46145711612993773,0.44932202812019006,0.4436164140988695,0.43725599005112503,0.43300711375675666,
0.45232724700841964,0.44878529333835826,0.4458486329499823,0.44266173162334177,0.43475233639694566,0.4242194589973097,0.410695039957317,0.39637441496658976,0.38222436242823704,0.3715092655163698,0.3634230978518054,
0.6179376959568239,0.6193210322768115,0.6206846524311317,0.6173542932238854,0.6148081315192044,0.6104918012693785,0.5979634008072199,0.5869962587202843,0.5776431871612926,0.5667846874383268,0.5650582723330578,
0.4201078047196926,0.41722841448869014,0.4140812294900413,0.4091537650427923,0.4035039604029481,0.3933678040456956,0.38086720289771087,0.3672706186057005,0.35400130379386946,0.34448617236658446,0.33349473860938306,
0.3345782790905274,0.3345115608166735,0.3337734760271946,0.332698418957832,0.33135522609560136,0.32914490353966785,0.3276403488284671,0.3277398134764952,0.3288227976470455,0.32995570268716296,0.33101450743548916,
0.4445773414623805,0.43966212120523473,0.4354535602449857,0.43102060283817617,0.42313748450479943,0.4123028536153763,0.3994322490003254,0.3862046697381763,0.3742221001660259,0.3639014513489541,0.3574728055854887,
0.5636709052100912,0.5597084133858266,0.5555895305157922,0.5502447643589424,0.5418349561816969,0.5275901385008164,0.5114014370729564,0.49320366934776544,0.47338549463317003,0.45611186921613595,0.43634469795960534,
0.545170782557487,0.5436824949324346,0.5387638077899685,0.5348923920745412,0.5262185911501256,0.5131483192989782,0.49292831899683154,0.47182110241307584,0.45048075372014645,0.42948743565002573,0.4086117779611459,
0.42329753680724763,0.42032419547103267,0.41507963070131926,0.4125302146292561,0.4063194172110054,0.39697324043270515,0.3901496581911202,0.3786890904113968,0.36901542796511067,0.3596891145110673,0.3504766382028047,
0.33449009627971393,0.333982761032028,0.3333883760111863,0.332103927749108,0.32973960443100897,0.3257270233386984,0.32271989347860297,0.32191862665484827,0.32253167824689116,0.3237005509279928,0.3248024723585214,
0.38821471591877166,0.3863935932844927,0.3870150237658491,0.3879146149783012,0.3871841533050527,0.38486312715720167,0.38021593048710833,0.37425644408500275,0.3694365754027297,0.3639044019566556,0.3545985610416472,
0.413913982650027,0.4138628484072127,0.4141622095625192,0.41508669158181943,0.41276474626096343,0.4065026046082039,0.4015168737558339,0.3956175066701497,0.3874102133831073,0.38526015278394177,0.3749276615755518,
0.5321211002367602,0.5302316574793611,0.5299274297498331,0.5266609257778904,0.5244552646374817,0.511360588387183,0.4914134221278614,0.4765542309948659,0.4658060239954914,0.45934457036933274,0.45597705061036115,
0.32581225175688294,0.3256389269666694,0.3245377576672201,0.3246797165762707,0.32355098562002,0.3217036790760995,0.3197644520380662,0.3196095484992948,0.3211727666379468,0.32257416758942475,0.3242009093965863,
0.4801887899335524,0.4759618225794305,0.47484194736875657,0.47267993541957,0.46675919227069607,0.4540206296382528,0.4405716353477208,0.42450014934239566,0.41072976782059756,0.4019169888598063,0.40074625974804107,
0.5107311605200497,0.507403469270694,0.5046566538719846,0.5016117841468793,0.49164570247249795,0.4799044078633392,0.4632394387050027,0.4522119314215609,0.4469181975114352,0.45730745239664505,0.44977230815569064,
0.5459510010820419,0.5437925088139223,0.5399867310794318,0.5360965381394145,0.5312489739592774,0.5175031061690348,0.5044940103969474,0.4917444480889357,0.4844044420795636,0.48086322076840654,0.4772329305180454,
