0.036632902190267345,0.07106002829579318,0.1000762028349005,0.1293126105967845,0.15250484905052766,0.17667038495470921,0.20133761646763534,
0.05203734189831745,0.09213997325528032,0.12439651346243434,0.1533601618671256,0.17735170922630453,0.2000705724946742,0.22298190770247822,
0.04181246373034708,0.0746051731211299,0.09655582554417104,0.11611655582274008,0.13475217965769562,0.15491289110669737,0.17652638513543717,
0.018382386592606777,0.023953827255721854,0.027550135216315653,0.02810807794109788,0.03169205348472348,0.034376441691735586,0.038915431570524996,
0.03756197053259356,0.06865987867323048,0.09320385086217899,0.1147144784289283,0.1335925231951585,0.1574094291261531,0.17000034087581115,
0.046584254740146595,0.08315632456481058,0.10999269977021166,0.13417308617757587,0.15550485669470904,0.17852393343109044,0.19797906755724515,
0.0478633505744784,0.09313524537681767,0.12618137692087747,0.1557909791385708,0.18374547845448197,0.21975330005631966,0.2541469599840885,
0.04120914334869097,0.06930852270563846,0.08812633963567879,0.10454412073600208,0.12176337866040693,0.1401244071304482,0.15638466772021037,
0.0487066344173482,0.08936177979067496,0.11930344259772478,0.1460135903682803,0.16692870208375188,0.18516433165957513,0.1972727318257143,
0.03140909314647141,0.052610836829761455,0.06560134042062853,0.07799290392914872,0.09541090286637492,0.12008012886803113,0.13539635071614287,
0.039662268879169016,0.0717633756656604,0.09455388822975584,0.1154710635580969,0.1331224311927293,0.15222693133515172,0.1710589804664032,
0.04801478731865257,0.08807431894787576,0.1168385797472364,0.1421842318534474,0.16733453580247992,0.1937942283314521,0.22346266976576476,
0.03739124471606238,0.07083670319948636,0.09550947496875238,0.11892911066194682,0.1379375807896754,0.15975847621262332,0.18213566685901095,
0.034350020117231754,0.06841060938476401,0.09896590033269054,0.12909166104452352,0.15466182447506316,0.1810369633299138,0.2059503592112822,
0.04542806458836279,0.08044469761269463,0.10573114218018981,0.1259056417999349,0.14014354213848493,0.15357404221025336,0.16558923241733192,
0.04442907041660293,0.07819996836509087,0.10759794478677644,0.13478165577483545,0.15842274562028894,0.1803394526295621,0.20439352345242093,
0.042362236434246525,0.076770183245628,0.10658183974053216,0.13426447746261203,0.15731015571379273,0.17696479329200307,0.1943850261939947,
0.03218961605442638,0.06240705117941747,0.08760984588403596,0.1112107253971437,0.13028373975370275,0.15121680906401394,0.1706188743951497,
0.043513929541665226,0.07804154000450668,0.10319514554778665,0.13255740740745517,0.16436305249890418,0.20178405510279374,0.23947302729541187,
0.03347826215171065,0.05452955017418402,0.06922554649275535,0.0893746665050414,0.1151543186516661,0.15915732832722318,0.21497701240466074,
0.04180379858341218,0.07663346145252012,0.10635120520461251,0.13266049395273194,0.15358991237048347,0.17419562929407403,0.19306060229907732,
0.047537261160697106,0.08546371681397671,0.11451795935798806,0.14040550808153715,0.16177283261856526,0.18454728468090703,0.20785151063250848,
0.016922995319277257,0.02319046422821389,0.025317967794499862,0.02682019060623061,0.029097189662231817,0.027408590828806336,0.014814350926398495,
0.03158754661584742,0.05660590708259657,0.07368798671936812,0.08851604509837131,0.10126742627651826,0.11596401194648594,0.12973498275511564,
0.047384030690406226,0.0833160360521532,0.10871416535328694,0.129191675359321,0.14550553199674837,0.1621046662082101,0.17768482981013503,
0.04084754450307706,0.07600690963224713,0.10419052635342517,0.13034067228701943,0.1535159334930594,0.1786130074381553,0.20234719276748195,
0.043814242262328267,0.08147572228216511,0.11291347063696837,0.1451781668641736,0.17050480309658603,0.2009960442278593,0.21253000356383434,
0.03468197308946407,0.06777233860470849,0.09590733821680313,0.12215728791908735,0.14450720244828702,0.16609130844456602,0.18487549629936637,
0.048554225178442906,0.09052386628822363,0.12187757470671425,0.14979759010629362,0.1730587641927207,0.19891787045977807,0.22205895130709732,
0.047573752010487226,0.08424676612189502,0.11195062913089639,0.13780376914369755,0.15889046102102578,0.18016991372887348,0.20060233780216882,
0.044323639034778324,0.08100672416240152,0.10759182894375724,0.1298415657661867,0.1469336955526613,0.16613432353755184,0.18563010745247518,
0.04133962461330665,0.07455915463988898,0.09783430402535837,0.1174125768622722,0.13325746038949401,0.1498747183514317,0.16762724519314534,
0.05050872530430589,0.0919326688039492,0.12625528376736042,0.15817765095674108,0.18922055225609094,0.21699280724411804,0.24143006094441324,
0.02519931142452593,0.03563451244314522,0.04202723336675318,0.04867069151319149,0.05315265369372714,0.06453938298459352,0.07468089361694541,
0.039685234461831725,0.07437035320168728,0.10414085167545228,0.1349418029452797,0.15811757252423495,0.18631415269360485,0.21168502203317402,
0.04058997005870867,0.08034627849685455,0.11284571890432152,0.1410460510671335,0.16406792838784778,0.18947815652036198,0.2189849497820725,
0.04932901011641578,0.08717630182426575,0.11447859244109522,0.13983803614270227,0.16218064141358157,0.18651799976845998,0.2059831989643683,
0.04341496498868037,0.08199376147688063,0.11143575801292195,0.13470671032562315,0.1536424614631554,0.17365896520864835,0.1968541874603532,
0.05094845896631738,0.09527057621499087,0.12722277402421375,0.15282413570294484,0.17104704957107628,0.19174005951206996,0.21775874491599695,
0.039313672397124584,0.07231212358363788,0.09920103850509619,0.12228786258394166,0.14023345195652365,0.15712404212972675,0.17592962527387743,
0.053694408953333245,0.10087243748297448,0.1369266984866039,0.16900610764795038,0.19683496757558674,0.22822846236962013,0.2591678841189172,
0.03755192479711277,0.06268213100855119,0.07916364049101095,0.09538502723214996,0.11415825730048774,0.13841846344565123,0.153735589469298,
0.05087516849449433,0.08665366971523548,0.11457112338240923,0.13864925844607384,0.15675960734840935,0.17309278749917334,0.18913769044319184,
0.048000434230593206,0.08476778870735464,0.11141545674718673,0.13728597617037874,0.16234169388717834,0.18990681940385312,0.21656849571890288,
0.04152809982846902,0.07756493776785799,0.10234506263998833,0.12373036175558381,0.14502941492247814,0.17378963222864752,0.20195022038406413,
0.05415086237236746,0.10613952740459902,0.1466998590828653,0.18292509578238056,0.21115180013603763,0.2441245829497403,0.27528189253975655,
0.03996199020750534,0.06623834729394115,0.08310498130393619,0.10160785934543544,0.11657489051883328,0.13056653473089963,0.1482188590358753,
0.05830902190057184,0.10815862169084943,0.14124114491732534,0.16652983212080474,0.1864071757664133,0.2095512796289042,0.23242218792773892,
0.04173250599399029,0.06935698708612949,0.08757654276691024,0.1043647976995174,0.119986007085318,0.13640419867491535,0.1548249982689174,
0.04922178787446684,0.08810914535432346,0.12013523541325469,0.14954774347950872,0.17560708920768026,0.20238662367604368,0.2263293209450087,
0.04619372016747949,0.07740158667592549,0.10046312647270317,0.1190323538078951,0.13553779258887552,0.15080909771912754,0.1639670961356982,
0.04450716472490988,0.08179785924675186,0.10920815079831607,0.13276185029719645,0.1517132020897982,0.1708273837660418,0.18969745824521453,
0.0537605593060401,0.09491284963205457,0.12706298222467133,0.15528236146882624,0.17792945513422023,0.20209828263972304,0.22395048806306528,
0.037173638648799835,0.06994674543228191,0.09809910035454372,0.12439233915280799,0.14644206342081037,0.17072701984378427,0.19200596334569656,
0.05331650764738427,0.09818590758249358,0.13110802541409808,0.1583480949660668,0.17593491275638712,0.19227895867571834,0.20527070800607686,
0.04031331216923651,0.06925293035791386,0.08462634984384662,0.10216067588421993,0.11769354187795336,0.13999754158208016,0.15507050860722768,
0.022196756138623534,0.03216437046842601,0.03987661804936449,0.049553621510228844,0.061051171436852854,0.07819763267598306,0.08736126844361283,
0.027560899537808166,0.039946041517326954,0.048978780069148256,0.05988473919212022,0.07359182837202999,0.08942458376291525,0.10576077088531315,
0.04553386201925839,0.0772694158386109,0.10009619005187939,0.12161349712477644,0.1401127359504014,0.15887945508550225,0.17547626209478284,
0.04856116834690567,0.09541766087994732,0.136827499947541,0.17980656434133013,0.21466759950464825,0.24761771026170362,0.27966587860393666,
0.03720227355930905,0.0713631705384048,0.1004149589279445,0.12894764990302562,0.15283303547965446,0.18367315477263443,0.2156013183559805,
0.04566674072102909,0.09136565880871456,0.13346376092588969,0.17641909128777455,0.2144767727011921,0.2555788783357196,0.2927138296159029,
0.05248405356479866,0.09579256480666952,0.13124450661698056,0.1639910066627691,0.1910241181461739,0.21867743578765786,0.24410260097892336,
0.05240719960260251,0.09781372196070602,0.1300501471941473,0.15350616996667424,0.16888867286856715,0.18233612037040065,0.19444020352622363,
0.043967080552062325,0.08402165851483195,0.1143526050138615,0.1407684803531155,0.15994704731481246,0.18476092924415286,0.2108360667913811,
0.04858160092598666,0.09100988299127108,0.12172249819939639,0.14871587877019682,0.1722054401815265,0.20105706136419982,0.2307500153207516,
0.037404605703514476,0.0683286024643086,0.0928336124233738,0.1121231252924228,0.12731923437623874,0.14247597918588933,0.1552677395625213,
0.046733603448439374,0.08677541057586703,0.117232498506881,0.1469218640777078,0.1731510661188768,0.19745384250894918,0.21426822476856372,
0.05120401811835953,0.08838627514957567,0.11605415218409125,0.13982398786979996,0.15825084123988922,0.17644268115406814,0.19393004939861325,
0.05878250602884003,0.10468283665167456,0.14176128988495232,0.17610060439671257,0.20236349462335934,0.22915221831311197,0.2547933842632553,
0.0709886478770908,0.13769594585798234,0.19286313037303074,0.24262575172585704,0.2805654873309714,0.3121384966802515,0.3384772424753028,
0.04718552538655683,0.0936623774446151,0.1314881581157859,0.1689662931043156,0.2096590732801622,0.26161253613182217,0.3147234563920706,
0.03168230356230906,0.05046939650854866,0.06266099165247672,0.07498974555190861,0.08650972926716605,0.10389194080503773,0.1182354449525467,
0.04939035689684646,0.09994674902138442,0.1393610612655389,0.17323960162881805,0.20635890406563853,0.2452106325553733,0.2787066379644933,
0.04920065606733781,0.09073616813061554,0.12434741051702371,0.1546651133033539,0.1789876258177684,0.20370653044720172,0.22655025374985302,
0.04112668937326923,0.07250503230480908,0.09407063220567836,0.11438507367413443,0.12940646763301433,0.1466544091077871,0.16116078982103235,
0.056656571016174814,0.10133176554107061,0.13593014823625357,0.1673183508852445,0.19496194204175274,0.2205092912929997,0.2431806009163209,
0.04838883549469158,0.0893698833448274,0.11885549834904076,0.14347998544066162,0.160943519103318,0.17681163682407128,0.19065403508275597,
0.03279023092592482,0.06425221761786012,0.09040101805078646,0.11488919171033331,0.13281414268664143,0.15302347417181705,0.16753695768891633,
0.046082083788936044,0.086245350231857,0.12283594955532752,0.15751922940334892,0.1876352423932891,0.21671045735149877,0.24420938116040225,
0.0266020017271149,0.03797828122533398,0.04547170960820106,0.05428079960806307,0.05818268465646963,0.06918578944849704,0.06800068077823868,
0.05273798644252839,0.10581994870541321,0.1518012046977066,0.1939620585882231,0.2285496233195833,0.26125418404700695,0.29465043381185035,
0.048430002301436036,0.08594135007809435,0.11455057367827177,0.13999989773015284,0.16049737204533251,0.18197950316388015,0.20235032632447772,
0.058581994394844024,0.10847413880473239,0.14339694422510452,0.17193581866892568,0.1940788431161178,0.21664869324863764,0.2385651567574589,
0.04171453527988188,0.07252661236806343,0.09262167484432206,0.11087329799474203,0.12748681970742495,0.14660794669355684,0.16414155302646669,
0.05079345765094024,0.09165331007179904,0.12133931729469925,0.1501726645814615,0.17730952409861292,0.2062011663033448,0.2321466909148847,
0.04735782805119756,0.08955321897770559,0.11927770727746412,0.14412789700858264,0.16534534594726977,0.1890932529922104,0.209891440970118,
0.04040092201555935,0.0799344866588021,0.1141419917833873,0.1458295802096342,0.17357091496296956,0.19785740687277914,0.221363821940559,
0.042230844038344574,0.07660283098520454,0.10446823346444152,0.1278121395296026,0.14679457472590007,0.1667737693918849,0.18406864971247888,
0.04408499473758866,0.07914436635069481,0.10393347966728395,0.12665161953394122,0.14894360398768572,0.1752266991357349,0.20054030326750932,
0.05166332587928137,0.09253154924869729,0.1232346881805597,0.1494768422769949,0.16854194810754392,0.18493242331653423,0.19633203386486323,
0.05426742975149423,0.09585971355114145,0.12930712059946195,0.15954151199701802,0.18405255887545238,0.20800499688125607,0.23270995694712845,
0.04570463303751074,0.08921442357601345,0.12250698546012669,0.15403293129705584,0.18668540114171475,0.22460233656655124,0.2637171917741794,
0.04175162801990593,0.07066661309612864,0.0892885823940912,0.10832879382710793,0.12908400279987878,0.1530403971783426,0.1730800659645179,
0.049673823005993725,0.09056668454846027,0.12062748503907925,0.14844139939244996,0.17241292476781564,0.20109730400985737,0.2271778406178332,
0.03810869513616388,0.07148732850430946,0.0978055590355566,0.12522707761244853,0.15366369009425176,0.18967585417560753,0.22826995332991495,
0.045264277885957806,0.08522645903701337,0.11904077319917046,0.15214302193688298,0.18042835702341609,0.2085683400889973,0.2342875301665496,
0.052561959643678956,0.09447928128048672,0.122158492666554,0.14436721815998851,0.16173051724400933,0.18212758137544005,0.20291519705546823,
0.048972656113945946,0.08606440141947662,0.11070044700099753,0.1335952367907773,0.15322045474749615,0.17332829857847024,0.19094388057159295,
0.03922984879628725,0.06752621893946498,0.08627526851931136,0.10502070951926858,0.12039803547243316,0.14063193886197578,0.15787592846712464,
0.05050548147595296,0.09110843562530668,0.12094820117589805,0.14501745639751334,0.16132551260505854,0.17696744542906007,0.19325336267076987,
0.05099805722853616,0.09676057588786985,0.13667631765304644,0.17430680318382488,0.20235817814028292,0.22582804987392147,0.2470257006469235,
0.034543662846083116,0.059680032962924755,0.0764272482219183,0.10244912285930423,0.12138545012768259,0.16374612876406036,0.1684789345197507,
0.04245832543115027,0.0834401362911113,0.11718930929827082,0.14834014832974787,0.1712977615943442,0.1955051656782821,0.2194504473712512,
0.03246829765932344,0.05114909552266226,0.06183766213831515,0.07222461798130643,0.08063025767625674,0.0982783013262331,0.10346074484624719,
0.039411425526346903,0.06621036357727832,0.08444235494207124,0.09921246552870262,0.10825477472106416,0.11694413701725055,0.12631584914363947,
0.07063792171639192,0.12221600795701151,0.16240097322468827,0.19787927561238336,0.22563212123715817,0.24842890307579754,0.2681320612130345,
0.04664225303810657,0.09382352307832281,0.13654740458362816,0.1781789494704373,0.2088660087105529,0.2365983264536732,0.2658110106029471,
0.03208645733645333,0.05345665158456824,0.06860730615514023,0.08804317842755534,0.11331180028886932,0.14213055427679896,0.16295569494957043,
0.050616998775391844,0.09097557597193177,0.12114218534351213,0.14679091503526984,0.16676961221306333,0.18792459935512787,0.20776199495336517,
0.049765231195998544,0.09066658417787009,0.12036818362522082,0.14809999824808348,0.1719403686750476,0.18925439466524838,0.20818719111238368,
0.01915206408157206,0.025769346644433127,0.02994074690149876,0.03553579378326733,0.03866557231087998,0.03332979254429969,0.027049317550021875,
0.05188292106254505,0.09441528383094265,0.12879838866182056,0.16050592791358123,0.18756534437320868,0.2193694328298376,0.24723650001430522,
0.05013207468361589,0.09127273314902769,0.1193780584659994,0.1443510553673041,0.1633825722448762,0.18312699557863457,0.2026979809216378,
0.05901789044849107,0.11015212366226364,0.15098978843603877,0.19009050107992365,0.22249456928399633,0.2586719901192642,0.29201188298167663,
0.04562609181009137,0.09429018632642895,0.13636408563308447,0.17624995341352057,0.2065032547253256,0.24499265149812968,0.28407639765472675,
0.0539853161936881,0.10588366433077571,0.14771143284608532,0.1877971631665258,0.21909999065536592,0.25496854664482854,0.2828488397360187,
0.04504717949213352,0.08389254141018215,0.11300776304475074,0.14032364216985552,0.16125725045239928,0.1840059167357887,0.20156540632982137,
0.0434320931272768,0.07744512953014462,0.10372397806674521,0.13223822506284744,0.16125317042608964,0.19799427647931128,0.23191720028897586,
0.039587662256588246,0.0723872187144374,0.09765099342368962,0.12563628976539395,0.15509778360504536,0.19579190524698234,0.23618981563324837,
0.03437826782977138,0.060723212765906295,0.0810731317699684,0.0990925509380302,0.11410078861956433,0.12759109513201372,0.1423990058285694,
0.035808848676877496,0.05664190525999845,0.06963741179351789,0.08429992677733188,0.09512905999389888,0.11363662559325972,0.12457633084764554,
0.05980911441054635,0.11007460231717286,0.14533157294444457,0.1774130062970636,0.20493037068926515,0.23743557553437364,0.267934601438412,
0.039912659432298686,0.06713388570692147,0.08564044646963363,0.10677277153221514,0.12098719285873699,0.14499656409538503,0.1570978755845779,
0.04670843970540329,0.0895792989124775,0.12619629660956866,0.16112902690556308,0.19298258978383845,0.22664415473151348,0.256855530062141,
0.053324060738865954,0.09527617032420214,0.12768002141753906,0.15666712064028626,0.18299253957686742,0.2132038011324642,0.24092591500206958,
0.04113100257124636,0.07360489784311762,0.10200448603830264,0.12747510755833114,0.1450383428642445,0.1627319603381765,0.17705958671780622,
0.0509237568338241,0.09116680768849621,0.12262713834149372,0.14937033457141344,0.17214558496042326,0.19547051986365666,0.21916857396557773,
0.046813509791626816,0.0880062712440041,0.11769715940933344,0.14305935350621726,0.1648765764068085,0.18893735628814823,0.2087984946998074,
0.047205138596974415,0.08109152914962771,0.10526473419563055,0.13217905124595383,0.15943988261002104,0.19284001676141804,0.2204690125324618,
0.04652649344385416,0.09536342173529694,0.13835295464001096,0.1779490113063269,0.20855368606564187,0.24566415453737186,0.2824114737136096,
0.03914338113676485,0.0686426572759962,0.09120495079485479,0.11167909139113875,0.13015045881655332,0.14841906654547707,0.16672875342589719,
0.043709899354080865,0.07866069871865373,0.10202097696909541,0.12393133008998818,0.14686060300394924,0.171548135865192,0.19662666631233347,
0.0505910903521238,0.0898594674303819,0.12210663347217411,0.15060160443651874,0.17429089400991768,0.20236590517113517,0.22905192185913276,
0.03585773803605007,0.05768692027813463,0.07204343781836872,0.08343701250084944,0.09235217379779413,0.10100193461794345,0.11014312966511786,
0.04314303682751061,0.0748327406529023,0.09618630219678852,0.11649087087355865,0.13368727898996904,0.15200333983652708,0.17037768815026602,
0.05781032119923155,0.10690098805724738,0.1459580973170333,0.18108319782152915,0.20822970991588116,0.23453814896692768,0.2563391968703879,
0.048928002987814176,0.09385030209778047,0.130323834876819,0.16202046764489927,0.18502399356433574,0.2080854722459868,0.23182947692322128,
0.05720679354249145,0.10331484581664979,0.13886645941592185,0.16902030270972768,0.19321715490161753,0.2197005560514024,0.24540141261258344,
0.04220771568146591,0.07689969601577934,0.1022474554395215,0.12793925772607648,0.15215852096799767,0.18066067147318432,0.19802334354340836,
0.044440642433676215,0.07679966081362366,0.09716839962422284,0.11233395885849203,0.12013238887216048,0.12170210707384946,0.11697410093691414,
0.028560739516548292,0.04194588021177501,0.04858528571689522,0.055465543500374935,0.06409449722224642,0.07249427691828259,0.08299206209942574,
0.0395806565566871,0.07420090459038575,0.10275250732692794,0.12940891607980023,0.15115718340418696,0.17402332913637142,0.19694419297791896,
0.03542350614788067,0.06974436660706498,0.09752358094195905,0.1255429307764059,0.15424948614225908,0.18625461616866434,0.2204373242619547,
0.03592627551520356,0.06529573527627416,0.09040372524019168,0.11295760536488925,0.13011279155877087,0.1457771636648123,0.15798678596813112,
0.051443022456798035,0.10841802277903184,0.157276859397355,0.20133462652086592,0.2346964774157858,0.2732760504239024,0.3135943357851268,
0.04274617769977421,0.07768652810464727,0.1049394646797973,0.13332058333410046,0.16077384364585978,0.1925955231598,0.22246857432402936,
0.04585894535920341,0.0829872712028824,0.11162250615682727,0.13716802473072323,0.15996797144703337,0.18470477119424797,0.20776893768701168,
0.05438556146308401,0.11060263865727278,0.1608789067249069,0.21174878660204435,0.25177899705853063,0.2906147449251496,0.3233751583655156,
0.041684324247521325,0.07932143899838008,0.10772120654713695,0.1309279509553766,0.14854950737502434,0.16945858332288172,0.19305729408859068,
0.03262533495624042,0.06171124105222418,0.09542912023257592,0.13838754317192198,0.17740738498043396,0.22459000982278685,0.2493917694167746,
0.05374000721115727,0.09488424471407993,0.12664685639014686,0.15311913519778172,0.1720225753896153,0.18851446533391542,0.20077039725768134,
0.044398606766826276,0.07894087295753678,0.1058788331827712,0.12908847014497662,0.14764289758588955,0.16610156766369852,0.18474949328247053,
0.04382106314062541,0.08318799931944548,0.11417637552615872,0.14004516841544057,0.16117042737747067,0.1827574413110398,0.20549993237191225,
0.04302285044535972,0.07681436056487366,0.09993588950977834,0.12090889482315295,0.1413219552590621,0.16506258776623833,0.18808376505334337,
0.03776779150760801,0.060808524669655896,0.07592158399364023,0.09112910706992745,0.10631124359931994,0.12344452419408782,0.14219905785741677,
0.034196158096661974,0.05973140199643014,0.07931830061327359,0.09589785690674173,0.10954760313565422,0.12122303614242101,0.13253770696275463,
0.04723982527787029,0.08346331224601401,0.11295129903763503,0.1392152774166231,0.16089823343158074,0.18052128499225265,0.19801525448757434,
0.05153606702259686,0.10005863483583806,0.1358165915218144,0.16483133277451312,0.18895414059679547,0.21687813230130945,0.24741918905496868,
0.05609834478646291,0.10382297017236944,0.13927195612908416,0.16979883691285225,0.19528891220222624,0.22392877150053545,0.2547087609486774,
0.046397347137383624,0.09598549951658521,0.13913794056010798,0.1750809851507246,0.19906384943558236,0.2216125143371744,0.24125866865041962,
0.049960616748781016,0.09325759407168632,0.12959778869237282,0.16334816823045992,0.18925310750034183,0.21374183693816218,0.23448399754158564,
0.058392006926,0.10629002674936011,0.13896841680322847,0.16667508686645016,0.19093251063568353,0.2190486792609411,0.2453801168744212,
0.038571362226929494,0.07205387972794958,0.09763203476598116,0.12094395888451402,0.14231754340894084,0.16476070546362337,0.1885156639107827,
0.012287019477368344,0.01604752037099494,0.01906733468081905,0.021175477463025952,0.024228548305038317,0.020884863961022408,0.011363136542420589,
0.052030374862278274,0.09407216147180472,0.12788610355123875,0.15765364971815654,0.18211508001893162,0.20516291620943025,0.22618025122022453,
0.029816999822545966,0.04363687594075118,0.052874746000576074,0.062078704311767714,0.0731433003603346,0.08526876049604293,0.09955948789463887,
0.04268058842505662,0.08283364883608785,0.11245012051688279,0.13623017471993382,0.15576077478608139,0.17921942778238323,0.20520795108996023,
0.05136876852234636,0.09181672677273761,0.11971617472570438,0.14403753944248668,0.1650684672312646,0.18752965752627868,0.20657901219472413,
0.05595312233083322,0.1073313574847314,0.14625156200722111,0.1794748103703191,0.20868299111969568,0.23962232977159587,0.2710835266294599,
0.0602731897426949,0.10893597575154054,0.1487295374179518,0.1855867798442233,0.21488399213673046,0.245139424671251,0.2715056832007621,
0.0524989823085411,0.10111661484358801,0.13757077086039923,0.16907697096359445,0.1943231325003865,0.2184053536191364,0.23568366484991635,
0.043280322725178434,0.07899643587537947,0.10516543850528655,0.12633825672515545,0.14354293127441362,0.1638361773463492,0.18493090098793594,
0.018342977792099813,0.024377665035853372,0.027860390382739908,0.03153932649734015,0.03428234499477111,0.038200426704866314,0.03425927375462254,
0.041039913055215066,0.06791612620587097,0.08537787300284075,0.10599703929695183,0.12808572393467085,0.15259242441133838,0.17586594015051352,
0.05225833450123759,0.09942887463294456,0.13976613657239756,0.17854707286996085,0.2090020978070597,0.23922075849830907,0.2629032537802153,
0.03974321925057022,0.07937701311938124,0.11400168569650629,0.14863030677441066,0.17413599236480307,0.19948445458754227,0.22464198956790232,
0.037845455336467076,0.06451000843607414,0.08288177754252661,0.0990984682011737,0.11415311195687515,0.12777351180440633,0.1401916325464381,
0.046046988961283404,0.08203801327873078,0.11033282833907103,0.13340606107174058,0.15220968434791085,0.16968546662542042,0.18530825589392594,
0.03407437178673724,0.05479791414930623,0.0676528945204822,0.07969794721463513,0.0915363554853676,0.10618133300064174,0.11884175675473639,
0.05283793530710576,0.10262974775987438,0.14394720554086637,0.18797103212043748,0.2222421085179721,0.26192214353016646,0.29661335470484923,
0.03697396560059116,0.06533971489031648,0.0885519568557249,0.10936970668192764,0.1232819844932097,0.13796484774074902,0.15189592873549573,
0.04350809998397046,0.07948575119746,0.10839397608869268,0.13289028890933705,0.15072055202286985,0.16907684422521843,0.18823367007168193,
0.04903065387755275,0.08832405867650907,0.12041043610843612,0.15018161055872392,0.17306328459583792,0.19722704131141588,0.21797621742820175,
0.04776621200719326,0.08566119848788206,0.11258815934155691,0.14108443558444467,0.16646354095495722,0.19567665844120793,0.22346407054827136,
0.02495559226715086,0.037460557443254966,0.045879744377903445,0.056168332592331886,0.06435070933011927,0.07544132932813614,0.08226957036420936,
0.010141916448517745,0.012715905080224544,0.013062454403121471,0.01218578419173343,0.014616679083852033,0.01422747384028211,0.009751014212157964,
0.04988384513776296,0.0924940044206828,0.1293463806412742,0.16412876027256476,0.19304784802492786,0.222555870174747,0.2490640771468029,
0.0448226467097553,0.08160575065243811,0.10804289075047638,0.12992062205485685,0.14908206078579433,0.17066278853885572,0.19256082404388108,
0.04754859737952604,0.08344567995832845,0.10790016391410966,0.13163873931142248,0.15444396482134692,0.1800674240979963,0.20581276200949142,
0.04018895708116084,0.0713851766064688,0.09282774479834045,0.1155857739002819,0.1386596063781764,0.16822510735745386,0.19700825202527722,
0.05203634001095205,0.09547410413403085,0.1327019628674905,0.16756129944788278,0.19521494038512305,0.22397446454212155,0.2483497668245768,
0.043681380977836116,0.08089732752629206,0.11057902110047498,0.13843919747850117,0.16256117089218577,0.18963795155870072,0.21528635095822118,
0.05967073291738408,0.110527683359584,0.14919322119466136,0.18453690754436264,0.21556096877167424,0.24891649954997233,0.2805871305776217,
0.045871675727054036,0.0815862320460994,0.10900445189126977,0.1314923381643007,0.14704940529952995,0.16116211158051724,0.17490883022691406,
0.03721959474617513,0.07436915037214577,0.10484922973742422,0.13343954123512092,0.16052839947532827,0.19708804359851162,0.23590347513264476,
0.03745489702777039,0.05556935427639328,0.06577854970721528,0.07697285243261652,0.08931069457410808,0.10448985330968588,0.11666085821623802,
0.0363889629650141,0.0632073148946439,0.07934859897268783,0.09071478369846749,0.09898290780836982,0.10427823359449592,0.1049426632088384,
0.03723604927585106,0.0696877734957635,0.09415300641187264,0.11804132628006746,0.14192085105581945,0.17247898825140592,0.20320610696972857,
0.04189489741825075,0.08069925705023259,0.11189999421174793,0.13859451060635924,0.15783310103295706,0.1746323746298442,0.19125972781735998,
0.037845270362215196,0.0634998166406683,0.08031240118088465,0.09603135504098508,0.11062180365495092,0.1274544014831671,0.1423664444386513,
0.048055226752755156,0.09044078308567165,0.1212176149675264,0.14898860155501498,0.17266112041545592,0.20098740138113153,0.23066573124565806,
0.056564715898220666,0.10615890139879518,0.14875341000058814,0.19087992667875395,0.22638110338987674,0.26344083849581773,0.29705217582770205,
0.060605112254712434,0.10793965666060273,0.14142709381328775,0.17121854789307894,0.19676945735056975,0.2233475439800491,0.24731410280261867,
0.03720264879724519,0.07047880591632873,0.10056617618639414,0.12899039259251938,0.15199258889518658,0.17583934381201985,0.1950883361205905,
0.04100868004728022,0.07447014540289301,0.09881299614964342,0.1197282336220873,0.13680309465055884,0.15496474351282058,0.17140773409027268,
0.0489135416442446,0.08682871538153085,0.11382993340199468,0.13796769125132619,0.15828587208291453,0.18032356958314388,0.20102691480452037,
0.024218168909732427,0.03413840313815354,0.03936693077014213,0.0463773814552491,0.04971678682677467,0.0567822307299745,0.06297289152890197,
0.045066807802630414,0.08000934506988922,0.103745978257006,0.12646601972663607,0.14882595044820587,0.17406688437768275,0.19980490375811347,
0.06593961730705324,0.11639128115233531,0.15773416314462882,0.19620098389392168,0.228805685672711,0.2601886363806897,0.28815445250012883,
0.04894747912172836,0.08718359400722908,0.11540313904310642,0.14358507073739188,0.17121213334146027,0.20255240779147957,0.2336970445314397,
0.023489782760036073,0.0331733483368299,0.0388147235325142,0.045628916656598385,0.05145102508471306,0.063064507988105,0.07004124713549222,
0.05157841748259545,0.10129671383970293,0.14327092049685342,0.18391443381121783,0.21922733072311978,0.2553669067240493,0.28906397685536167,
0.04310121905493064,0.07282818802760006,0.09278065882288343,0.11137369201930147,0.1294460572641259,0.15039825891944075,0.16877557889247446,
0.03876724860904796,0.07250143316672061,0.09840961563037387,0.12396637608987754,0.14713543687443936,0.17802128318329197,0.20864673145702267,
0.05671870033222604,0.104681071343574,0.1426459190277079,0.17777967281696738,0.2083914333935729,0.2414339209088321,0.272725769849643,
0.051423333198659,0.09411887387009445,0.12758205346406618,0.15686010382207888,0.18150815775253654,0.20701950296908153,0.23199206800206948,
0.054058946779345994,0.09711768440285908,0.12826839581686408,0.15560993210034813,0.17620305473638043,0.19249714920811975,0.2016363288036159,
0.04925112904370116,0.09043825671259345,0.12222239053837806,0.14879007563143984,0.1691709466310812,0.18989626595085693,0.2129545766435656,
0.04455469833662546,0.0782484346880602,0.10315903711436995,0.12711280877486794,0.1479741218757918,0.16972796234771437,0.18784391667413078,
0.044779979713012334,0.08207273554970976,0.10676955409158723,0.12722846812903546,0.14622584179643264,0.1699431955543027,0.19337267264185706,
0.05631835407557114,0.10298058331967365,0.13309039161025177,0.1572040870100117,0.17887060851527944,0.2060592365913765,0.2346182250709514,
0.04578988194764459,0.08255496469335287,0.11208596699135734,0.13812908036706165,0.1599019315552149,0.1807731944862307,0.19954844106943936,
0.050432321997668984,0.09460294692279665,0.12977182648102217,0.16673580147761144,0.19901539438010923,0.2342920292495451,0.268265467516761,
0.04611793817975972,0.08494199981101148,0.113809436362985,0.13916003935222937,0.15897703354103587,0.18151182793710524,0.20311257802433372,
0.04631686574463227,0.08283005469410643,0.10943218116057483,0.13771098971441298,0.16834330391846478,0.20657162043847202,0.24000874995708663,
0.05254957104188839,0.09486943969470822,0.1260886957474732,0.15659707551782565,0.18518465988660465,0.21776225376835598,0.24930761361919465,
0.03802314739198747,0.07247154553483705,0.10379077925411552,0.1339359550644063,0.15900294741778617,0.18366121436774138,0.20587824966805424,
0.03763290412797554,0.07171234500312412,0.10131843248394992,0.1293669918709196,0.15378089532375236,0.17867589016704957,0.20226981234241706,
0.028778852553040284,0.04226350419113184,0.05142859151557618,0.06190561167601774,0.07095025442319743,0.08289785281364324,0.09172086030485013,
0.030419546801234983,0.04700499068679061,0.05518483881476387,0.061827075318899985,0.06792527216873581,0.07656372828844671,0.08196678009565023,
0.05796601958926976,0.10340332839447414,0.13638905641887708,0.16569506948655227,0.19050682845685446,0.21608532969185243,0.23919040190071425,
0.05020542523593527,0.09017183070221794,0.11940659397539151,0.14236556926895097,0.15835920470419326,0.17239451466495204,0.18635049770406495,
0.0568265464221208,0.11186580900668762,0.15456532289674652,0.19332187080603022,0.22490766507329785,0.2598269534754034,0.2961843103447493,
0.04448190593623576,0.07738319488786827,0.1012092057887415,0.12585616816958115,0.14693111296230663,0.17108725557377816,0.20049340852663208,
0.050279997933608565,0.09320083915717145,0.12647789946095137,0.15539251348265015,0.1761815191836858,0.19818568961577585,0.22172931475939806,
0.043739745933661874,0.07482009753681813,0.09589386077158721,0.11760859743226337,0.1363130104624916,0.15972633494359184,0.18122413060345346,
0.035234046004423314,0.06287651885478729,0.08152274739490994,0.09857307459358573,0.1138431250292662,0.13206520090344123,0.14996550834209546,
0.05038625343612324,0.0942059085308905,0.12588331023986316,0.15398693969262214,0.18078773443225366,0.2138957323188677,0.24746711063417773,
0.047625290380816955,0.09162104607065692,0.12436373656759607,0.1530412964909732,0.17963727392871218,0.21212429019206597,0.24660001890465064,
0.05104682357308125,0.1001114151841701,0.13936203705936376,0.17358349577763482,0.19971547796694653,0.2286082477895164,0.25921136831411057,
0.03634062716753126,0.06913124295349998,0.09583538177608511,0.1205692834535281,0.1410414619976346,0.1619605570224892,0.18354728708923068,
0.04260978255993031,0.07996079841649907,0.10976831454828322,0.13484250599497852,0.15356333208821568,0.17126979702713235,0.18729940628453087,
0.057418122533900134,0.10633523934272411,0.14284663056061475,0.17709160705767846,0.2073459163371914,0.23997160912348645,0.26872088670643973,
0.061554181515154134,0.10872062538402485,0.14376078414400437,0.17232674638283704,0.1927642641111732,0.21148670984128873,0.22895589232574065,
0.045923750646673284,0.07893268418113807,0.10109340932715825,0.12158398983949789,0.13993911121618927,0.15889160711319494,0.17618406950870744,
0.05581559594235778,0.1019707541504989,0.13448100174431563,0.16362929644183302,0.187378164523198,0.2121259621704469,0.2314757819726458,
0.05619825776546475,0.10602344920153098,0.14452843682862596,0.1793242022380451,0.2082775815404929,0.23795428017566203,0.2663484033117406,
0.03246077060053399,0.0486224718682617,0.05734988957790558,0.06347531452494103,0.07242037557226196,0.08067365823843706,0.09250191287006759,
0.06280442870958812,0.11251859355278553,0.14935649958849576,0.18215590225250783,0.20879723790118226,0.23650449923703762,0.2625689070219599,
0.04317758929758158,0.08139548980167537,0.11157646647141466,0.13761533994090794,0.1585253142986246,0.1800262571650227,0.20040405747308215,
0.04793046835651892,0.09017046042175285,0.12019870043561315,0.145261369716259,0.16749538694868962,0.19262626704262412,0.21994880542931125,
0.0438340989941687,0.08121408895297089,0.10801633123923893,0.1328282040327399,0.15685517551807143,0.18653402809548253,0.21754568820453307,
0.04607638541434572,0.08615074974204037,0.11836133134076388,0.14873304187439637,0.17440834733436816,0.19917304198990135,0.2224527686401677,
0.03397234597180375,0.052506826883606326,0.06310880106867611,0.07285127712675568,0.07986252631149793,0.08564812992638692,0.08893544278155158,
0.04294535424232413,0.07406345582762555,0.09647284032102492,0.11769895288751431,0.13563795490333394,0.15309905103211116,0.16830740499781627,
0.05671817026385412,0.10797818137654043,0.14957631731680457,0.18943159068691962,0.22347272435934176,0.2604465884186596,0.2955488788547613,
0.05900645639737738,0.10948829146680106,0.1472400337434581,0.18085082326799148,0.20941280228705714,0.24215562700572726,0.2745018683102048,
0.04668531748341859,0.09142900227025309,0.12694751569776488,0.15586317086494433,0.1755632997983981,0.19469499336236837,0.21633376259873868,
0.026256065704049102,0.036859391906790516,0.04340247915368438,0.05050401519921782,0.05614209494665739,0.06202576826952424,0.06823395308644122,
0.05156515890771565,0.09382160583327459,0.12474276000856938,0.15415770800110828,0.17993681855960353,0.20699362161866477,0.23313957431288843,
0.054457105997746925,0.103493303228306,0.14129228370651506,0.17455913694980305,0.19890185522298442,0.2243264175296441,0.24608649425559823,
0.04075728636474004,0.07306792878286608,0.0973106066120799,0.1250628427016725,0.15496835747783688,0.19584153218653894,0.24067446785111632,
0.04937674209325302,0.09511080505280498,0.13186384382733876,0.16610717362491825,0.19313262791582983,0.21796612529182177,0.24625081647868544,
0.046769981321659736,0.08767069250952947,0.11821491424867496,0.14935948266143123,0.18113518092713277,0.22239949041406898,0.26311961689803814,
0.03742399833229792,0.05994966990983034,0.07399621493435939,0.08949270727480604,0.10495672521998982,0.1249217184372131,0.14261090119212766,
0.018454036997039375,0.02458120391221614,0.027800629300148035,0.03230232155185047,0.03414463891218127,0.034912227206339165,0.03665740248119606,
0.035272771467583175,0.054732510729108216,0.06554813882761892,0.07742789896373778,0.08884313647865362,0.10193117499447397,0.11876006054270859,
0.03418975147785728,0.053279783597631074,0.06399004024621938,0.07397272209822257,0.08429067851932726,0.09370161135018615,0.10518906984472638,
0.04943648119716161,0.08886148636208216,0.11804187451072212,0.14303850524735398,0.1639124522387696,0.1860583488290294,0.20740868945049576,
0.05892621624994854,0.10081523759091231,0.13208441026781137,0.15889049162732177,0.18036934316209843,0.20054512720222553,0.2195177619905244,
0.026352350579167544,0.036993974840483015,0.04321359037327549,0.05031553892281528,0.05866448866744752,0.06948061382764865,0.07902404280545526,
0.04208992079707109,0.07387105496081643,0.09610680099108994,0.11701098220814289,0.1342028243304946,0.1522395546687248,0.16909582674928442,
0.021573407960456672,0.03525007498656402,0.04913199751094304,0.05980397482877641,0.056275529436305885,0.053069940328478886,0.053790331979965286,
0.05193222703727276,0.09669855628595422,0.13068726962333074,0.16183862657531042,0.18920240160178997,0.2188549217201305,0.24793093529424765,
0.05112728567337288,0.09503570782683579,0.1260242628280714,0.15114197057217563,0.17078223654620908,0.19256188080550557,0.21597551822685532,
0.04505349475808731,0.08693140312344394,0.12170029280406781,0.15485903396080064,0.18045653406915801,0.20487530129226827,0.22362151251516074,
0.038092106428682763,0.07183151424825408,0.09991403106293939,0.1262025090656414,0.14710616940496032,0.16858201382572638,0.1904396050308157,
0.043151457359281664,0.07443158747305571,0.09563559308922583,0.11565708046752483,0.13246493983563543,0.15147451049154267,0.16922802652208382,
0.04093819765246389,0.07477198325655222,0.09766103017973295,0.11808709662135188,0.13720633996047507,0.16022692903742441,0.17904459886427543,
0.04107189599270629,0.07787638779603902,0.10670417770159472,0.13582354603893954,0.1657974401663998,0.2027778516412304,0.23764615573704084,
0.04655889361948532,0.07878178035185712,0.09975749319028406,0.11950362187682619,0.1369776032875871,0.15607435975748202,0.17325394982663847,
0.0524250358161263,0.09733667221178025,0.13099735061148368,0.1631826199580752,0.19146793807518914,0.22448803336031398,0.2569050646504908,
0.046217328176467586,0.08325012583646274,0.11068744919597624,0.13574249187172685,0.1567103984304792,0.1787195914499555,0.19579263971093752,
0.05084492237581754,0.0927811926249926,0.12548071146541148,0.15593106178353452,0.18219309250663623,0.21039973207321125,0.2348434549940871,
0.05880075103137505,0.10691731687594795,0.14377404943635602,0.17653847957408134,0.20087337789186951,0.22421887728365467,0.24446046962984755,
0.060543706446980185,0.10912541790073384,0.14528005036498828,0.1778530998223646,0.2066105375311245,0.236761285764428,0.2660387047886768,
0.049884884884491505,0.09216819536814926,0.12327945798791999,0.15164899378217098,0.1784444848994438,0.20785814011833928,0.238635557645646,
0.05013085783389501,0.09134245953733681,0.1211785979150466,0.15076425609956337,0.17975787249728667,0.21546902332714013,0.2514311806503232,
0.047488758072597996,0.09165055226158236,0.1270573012003179,0.15952305516709872,0.1863971656504731,0.2172869605141655,0.24741417316197276,
0.037088930778486025,0.06569355058220692,0.08604869122411751,0.10478603649351932,0.12013368713448741,0.13782571517497194,0.15235368695815746,
0.05752216595641727,0.10278554455890544,0.13895240657613428,0.17349576107334108,0.2017787842833841,0.22990618521241352,0.2562611164634069,
0.051621680047091424,0.09419474494791769,0.13021353377058634,0.16350209116112407,0.19207237595262686,0.21951078503033986,0.24811406035064468,
0.04415784635345136,0.08962694016661396,0.12963236202869327,0.1677748582752327,0.1949988084273791,0.22120848809775848,0.2422177101148157,
0.0350418512674506,0.05458126187409334,0.0661269400649486,0.07718010660858166,0.08827459277040595,0.10202813256702108,0.11587384080689851,
0.046416367212423086,0.0860378986987576,0.11838285829357059,0.1476134210399005,0.17063315965129555,0.1940847185399363,0.2172718673549358,
0.04892437667437406,0.0857777627524396,0.11605069389696854,0.14372561314703083,0.1657128195502724,0.18755833731344468,0.2078370454208926,
0.041936181170086476,0.07207224019160786,0.0916721629155349,0.10988500093755836,0.1270355346098456,0.14599956585279728,0.16339387228154645,
0.051164238362218846,0.09787289884809745,0.13170195894127176,0.15976358838556676,0.18107259304278212,0.20490722569427025,0.2310676061356391,
0.027015977681655118,0.042390485698797574,0.056770487617574965,0.07728552468851513,0.10671923853535537,0.15334925003989164,0.1974565830232963,
0.057282101791482166,0.1062622770640189,0.14221876448950604,0.17253555741584456,0.1955831424427934,0.22049955419684136,0.2473011560581804,
0.03760877873931706,0.061558575709161935,0.07748003525761903,0.09290084109842106,0.10702938391492474,0.1233822209151942,0.14037277522504163,
0.0606290829838693,0.11425880625112945,0.1558803096266068,0.1960533185712141,0.23281814978194654,0.2747469257898081,0.3139725710149791,
0.04529893197229566,0.08271515683828626,0.11324311599234582,0.14126917072796727,0.16415304238699674,0.18566510895479624,0.2058671001774829,
0.04836110882622327,0.09407529896133196,0.12792128188797489,0.15649077971965775,0.18063597745782548,0.21095278804759016,0.2465213383151003,
0.05172136072716849,0.09423472874782854,0.12654491152011116,0.1569507284438288,0.18385531882267547,0.21206688253208417,0.23799447128214976,
0.05357467053423321,0.09668679056840764,0.1260196677550232,0.15061920026215886,0.17117202843323603,0.193104226315662,0.2147171062746007,
0.04648172579052105,0.0822381824798168,0.1082977284362569,0.1309671303855274,0.14901836603225838,0.1687765041443856,0.1870096718769243,
0.03043406834897945,0.04474731566090563,0.05296733675703131,0.06154393184734318,0.07128331285084857,0.08277029108624649,0.09613212749430178,
0.022112466091071526,0.030965685465452475,0.037008087555167005,0.045803491389073824,0.060593259726145515,0.0935746248386223,0.13027878428168574,
0.04745296528043249,0.09430096383312786,0.13607236244569146,0.17804789218476536,0.2134575637167023,0.2509752974352587,0.28218704473198936,
0.04031890175612048,0.06892719470719312,0.08748665816766829,0.10435061560400985,0.11996111397425825,0.13871881810964123,0.15498888628804952,
0.042969986282319204,0.08035973013443112,0.10980469688226081,0.13596435899142298,0.15704101319614505,0.1804634160561308,0.2042621409049702,
0.05380158892341844,0.09851415175643305,0.13481018450186233,0.1683691426459648,0.19521347261018404,0.22173701024449846,0.24664485224598579,
0.040524655895474326,0.07598380748004498,0.10318146039441733,0.12782299442562484,0.14764210946141157,0.17157972392945758,0.19434335860296145,
0.04990224227313723,0.10186598940264831,0.14808886283284578,0.19266286106958355,0.2254066558251894,0.2585572481914281,0.2858159306135822,
0.05115310998473516,0.09421458851972414,0.1271495532914503,0.16111376141051895,0.19207453074122055,0.22921880269964148,0.2638186056422731,
0.04685655997594884,0.09505804950397242,0.13406564729881534,0.1681620464567508,0.19312843921696737,0.22010491951543534,0.24912148302175294,
0.03981261229948966,0.06719613107439809,0.08462750256785713,0.10154771158130875,0.11716877345531411,0.13614904853307663,0.1518131855680549,
0.04672183614433149,0.08280084762598645,0.10768722411549221,0.1309300226307568,0.15230006596012727,0.17545470644974873,0.1970541465079307,
0.04904976722995244,0.08932445857736553,0.12350946773886572,0.15492477309003494,0.18066589220369417,0.20672221935389737,0.22979289521350013,
0.0363994816156561,0.06106932931569154,0.076404030966017,0.09142861848615842,0.10775503837884068,0.12669594922629804,0.1449427158713623,
0.038742125557563456,0.0713610295724686,0.09709843879235433,0.1233696536067217,0.14924226269254173,0.18034359777192305,0.2127110620503794,
0.04346917973319818,0.07924588255217903,0.10847554859756312,0.1356840380578708,0.15665906948750655,0.17801088484688404,0.1948948441455089,
0.042296978528778506,0.07574778581678399,0.0987616360628146,0.11915792282987159,0.13307429967541753,0.1439325288690201,0.1460397520215511,
0.04390949834660953,0.07935258704599234,0.10683715717523513,0.13176365847264188,0.15303526567689027,0.17466992541377457,0.197743337912754,
0.043581218621783636,0.0800128005772258,0.10770525314781189,0.13118029069511564,0.14962791085267838,0.16964618083484675,0.19010693620629854,
0.049029518621295023,0.08688477745317638,0.11372562042069721,0.1374947483401421,0.15718021447894248,0.1787838655954606,0.19854269894388654,
0.05922958883987425,0.10124767759918751,0.1323254340393528,0.15794355790858533,0.17806811081585758,0.19815186755390354,0.2183512150311698,
0.04810276283370222,0.09042386371994834,0.12025839452063526,0.14707096486145568,0.17315228950235154,0.20454070742128969,0.23453057914962963,
0.03954701573304397,0.07691697107338588,0.10963800464863617,0.14078713249331976,0.16601053106881308,0.19204642869492186,0.21385069104587465,
0.04401563587860228,0.0781315064586661,0.10196012238775518,0.12786922554259664,0.1555856573718979,0.19068107022413783,0.22394624231185578,
0.0447756594597967,0.07785152809570883,0.09670377366469768,0.11022493698443016,0.11834236721205825,0.12431946391308447,0.12315680693466757,
0.031206704371241397,0.05829766200868972,0.08113678480214952,0.10141090821524057,0.11792783401795393,0.1329289457944895,0.14635266889377951,
0.051167055608225064,0.0946186795742015,0.12400605217094814,0.1509511754728365,0.17706010212339934,0.2099287447914854,0.2445223085648486,
0.04292078908614012,0.07819321750057814,0.10569225089167592,0.1312929462432788,0.15163952697463737,0.17542262808660802,0.19728224958935942,
0.05008418089911193,0.09824897392845956,0.13578569915776464,0.17235360562985783,0.20698788317710362,0.25117582584056036,0.29710756870191135,
0.053418642817135105,0.09988088505318622,0.13582205674649853,0.16613691549097012,0.18811203756242922,0.21015191117096518,0.23207479323174646,
0.041718203551179625,0.07333261759777616,0.09522734852144048,0.11625638506011624,0.13598462766737307,0.15888456423610386,0.18193169211396237,
0.04099413841422071,0.07677152367273839,0.10378683811953712,0.12734818334189293,0.14766697474838586,0.17138960295937905,0.19556118955861407,
0.04781226957503649,0.0845721215144196,0.11240304836088438,0.1354021599225074,0.15186863102463022,0.16424228274061653,0.17233425066361652,
0.049077383851116506,0.09179954811371303,0.12343625218324915,0.15285527616405678,0.1786247102492835,0.20739349916652114,0.236847763996011,
0.047927855015679345,0.08704863380798022,0.11718866440049396,0.1434987463854326,0.16481362039596176,0.18684348334864845,0.20836432113677514,
0.045762609795168135,0.0814974239507652,0.11027993609374347,0.13476938155241644,0.15386032254019708,0.17206994795309377,0.18828431183075897,
0.03814971041045223,0.07004611385836551,0.09414800040079857,0.1165641155705588,0.13620183638976535,0.15887610650738468,0.18224735963787939,
0.033558374806051304,0.06514070892173277,0.09197822676965477,0.11926232017373552,0.1410338198938285,0.16804456822835617,0.1965302884703631,
0.028102632576713363,0.04193841878648563,0.05086898690315421,0.06092242505036215,0.06968476957367106,0.07933484150743941,0.0881129065125279,
0.04052441141416876,0.06964232825339473,0.0915821322320186,0.11409888023622278,0.13435783440702995,0.15887087963835347,0.18250563129865038,
0.049139030287579696,0.09580510927403584,0.1350155480102398,0.17093962239615196,0.1985524584683944,0.2260145733594279,0.2538218441721229,
0.05099586669625878,0.08972544144177558,0.11729238165752058,0.13970335521994753,0.15456548780422086,0.16575536508102204,0.17310943207303417,
0.0446627348531098,0.08386306192415559,0.11441678199692142,0.14265642853650104,0.16674370643933006,0.1928915075045417,0.21718628338372734,
0.03694800520735057,0.06712026640894435,0.08902524051230166,0.10700641498054124,0.12180490453774602,0.1374944264286278,0.15254257905861146,
0.045259914008135727,0.07812449009867128,0.10119491422943355,0.12149497153454575,0.14016232793485292,0.15874862052114924,0.1791534288005354,
0.04725296300141938,0.08310801575072445,0.10828985890789478,0.13348588008188578,0.1565701790181633,0.18491865758453932,0.21334321540918855,
0.0427706977754359,0.07494435739047096,0.09748678724603693,0.11818357356866567,0.13657601188423055,0.15525224553305164,0.1710254226403239,
0.040174866611199386,0.07350731340338752,0.09942100689040602,0.12198832284338317,0.14015190013180526,0.1591555574883714,0.17627322476763319,
0.03142360673205618,0.05101715086289782,0.06576107123075438,0.08573818400443199,0.10403246318837141,0.1279171722762056,0.14708742876321756,
0.05090215413697295,0.09446143379582841,0.13028708937476804,0.16366553070449266,0.192745287733714,0.22315964451080814,0.25254872338440093,
0.03652924391414464,0.05725452709485712,0.0697140907744007,0.08346468520650545,0.09772509295790606,0.1153723059919969,0.13089123719658938,
0.04450795185868358,0.07812224793944936,0.10094702613948094,0.12364785474456741,0.1460203711013863,0.17538956146067694,0.20066944925947236,
0.03783685130135611,0.07480394185131137,0.10928440098530852,0.14372720534924985,0.17115702350548892,0.19816834684774842,0.22189063845034,
0.03557386201648272,0.07054727317190983,0.09899520758901338,0.12487162111302895,0.14714063560168025,0.17228991371453367,0.19735938452298551,
0.03573948027813169,0.06342846570562165,0.08228906194785596,0.10538387192856401,0.13085802753113912,0.16073730413224024,0.18408677782679223,
0.05105156265981547,0.09081147759381034,0.11968806377988984,0.14595072233694847,0.16829877722847914,0.1922285130945127,0.21358123776823137,
0.05041430758991741,0.09019878639484384,0.11859090946197437,0.14434581617867434,0.1655142761053627,0.1890950197398781,0.21144431030717198,
0.04839172725952314,0.09234664290044167,0.1278190010284605,0.16424322042942685,0.19496964289575588,0.22768658324365745,0.2552346837680709,
0.049809603167729956,0.09487596417569223,0.1320772510631227,0.1708624939750158,0.20408896934741438,0.2404651605191877,0.27267855445749245,
0.05419736314224492,0.09551950533120389,0.12660263579752243,0.1531003722670485,0.17351878411575664,0.19367780261665235,0.212555895036651,
0.05531203525669132,0.1015961069929218,0.1348052978614503,0.1645997052380678,0.19157909270363693,0.22210225078926932,0.2535148346066528,
0.031631812112408654,0.048926487595986536,0.06082320039519474,0.07505687568679739,0.08822036773822924,0.10375489533348661,0.11431283820645886,
0.038607830727610266,0.07024350573697684,0.0971073338397482,0.12268818334090548,0.14318979153812686,0.16458512719172885,0.18325211204386238,
0.04623347708673663,0.0863069266144714,0.1149202330190062,0.139201935523812,0.15608048678738556,0.1669087103377728,0.1678549597012095,
0.050796718155228474,0.09333745343813185,0.1215815535100144,0.14597608957643973,0.1684817121425401,0.19517912062368264,0.22189384573014287,
0.04753093665534002,0.08847588819919137,0.12348256444031125,0.15670101854577465,0.18484836413941946,0.2139237973824422,0.2433290303825325,
0.06231586456927871,0.11254709135845074,0.14997552072032144,0.18126559114309457,0.20560160377436396,0.23059433796963497,0.25388586889147957,
0.051539569848456465,0.09652618495480789,0.13423062759070722,0.17110819974230262,0.20301440966358814,0.2377037082432595,0.2703465126320238,
0.04708235655844162,0.08378969210685971,0.11079040427846369,0.13231842262021684,0.14819658511284498,0.16350216713828694,0.17730579256015724,
0.037942908745002064,0.0702257752858202,0.09438771290050232,0.12180137476352224,0.15206488265907317,0.18900659573572232,0.22448641254677662,
0.05871282727314634,0.1060844390723545,0.14227556290066082,0.1739705782083435,0.19791803235329028,0.2216889464646574,0.24492279158497074,
0.04208592603908539,0.07607341338571806,0.10242180529969373,0.12599894540316559,0.14511316944473432,0.16498042269488175,0.18109976621712953,
0.03601942546004366,0.05903265841566837,0.07353796284062274,0.08877299791553973,0.1053183894106201,0.12501985100675023,0.14407145226108473,
0.05293328860272985,0.09874558929296526,0.13393072243630036,0.16937204754995527,0.19875138203453208,0.23035241530708758,0.25977797023998045,
0.04040751868972123,0.07807393321814073,0.10563191033172357,0.12973144473935708,0.15123110209569574,0.179075599747101,0.20622791332451385,
0.05043989785545491,0.08991356854448385,0.1190422818729384,0.1447954677241761,0.1645334565062521,0.1851715654034017,0.2017255221353383,
0.041568332293882855,0.07160273322377185,0.09297733947864588,0.11728334799909734,0.14258960287991151,0.1735194738784848,0.20260315166662726,
0.04756562411017101,0.09018578095356285,0.12159467547890303,0.14849133441130674,0.17210301565935585,0.20099713782116896,0.23259196816297828,
0.04797269188249583,0.0829780261614821,0.10712760823858761,0.12918928010076877,0.14958126085400614,0.17137141890200602,0.19086137274553677,
0.037244745177975616,0.061098116879650714,0.0754755320177636,0.08971432934764084,0.10202090129661548,0.11531027256676056,0.12964863843151866,
0.05002842073444993,0.0934446139811982,0.12496483065403735,0.15158419660852135,0.17392702371824165,0.19864414032273012,0.2224856081186861,
0.034076439866633536,0.05337668245904807,0.06720634702986128,0.08365243053586732,0.10080538559810612,0.11978424942155293,0.13672600975527852,
0.05581780919719084,0.10327981532425184,0.1372022106390209,0.16678617951481936,0.1920058375683005,0.2211125820214954,0.25058481569488356,
0.0595178203350506,0.10918575481309005,0.14883019831851382,0.18561121727335533,0.21630105201890373,0.2483204096231978,0.27845907518115304,
0.041514837308021246,0.07352193796188497,0.09659360343234304,0.11893351473182778,0.1405471556917775,0.1674913784093093,0.19257210956299534,
0.037078835799448304,0.0675215322129135,0.09253264975527982,0.1151225094276676,0.13458528559670338,0.15371625444478365,0.17244797386304617,
0.05318356873373804,0.09423045667978194,0.12703496920828278,0.1565810733065627,0.17982527285459318,0.20106772828616923,0.22016092064582488,
0.033783170651728235,0.05430209198187037,0.06431670422242408,0.07353576423089905,0.08808637665793896,0.10643305746259175,0.12595704333222923,
0.05463989022596333,0.10232144559887858,0.13879709526053297,0.17360167401347662,0.20385971035502093,0.23640489510729892,0.26724467256705264,
0.048990537302699984,0.09210018612056697,0.12932474507048425,0.16490126938600277,0.1950915833435622,0.22447335626052936,0.2515964774722482,
0.04870189607140127,0.09090610343770003,0.12371704500438313,0.15716323695045648,0.18719750236504984,0.22106405602568216,0.25460712239390665,
0.0405400358246855,0.07007052579885807,0.08981915173544888,0.10742621170895114,0.12341030952708848,0.14210757712082958,0.16006072915120154,
0.06208772758212597,0.11515324758872929,0.15302035417030857,0.18369627949460043,0.20655836610840556,0.228812752861046,0.24852539419580702,
0.035927913016532594,0.05623588591481505,0.0671914503954819,0.07889043745498373,0.09138380634633601,0.10581435415018223,0.12093215835825184,
0.04755643056562847,0.08492988044054742,0.11265361582431412,0.1372529136243941,0.15811791171434206,0.18045369694939475,0.20033177594696436,
0.04828436107956509,0.09305225794492125,0.1261665383607662,0.15477042399578808,0.17958159243145683,0.2096733443855854,0.24143912045027335,
0.05769733184751533,0.10236193883372352,0.13547034428971125,0.1627614052401542,0.182389196638629,0.19922715872612695,0.211904058179939,
0.03851362574669355,0.07701033982974481,0.1094248655991735,0.140005595041327,0.16489536475213828,0.19437609812454382,0.22815744870451243,
0.02517836730472744,0.03567757951292958,0.03982011682709798,0.04399954513474233,0.046831614899350164,0.06680360041653788,0.16350352253380135,
0.04524419408755418,0.08631516979928326,0.11578035047681565,0.1416333702773296,0.1660144773154997,0.19638902078701578,0.2288699989942349,
0.050304551350738635,0.09208893871875616,0.12313165125591662,0.14895836234915216,0.17010522959276136,0.19228220891721948,0.21473109260988163,
0.05959449926253993,0.1103644569097509,0.151264830400901,0.18791475648723904,0.21696868796432042,0.24672701069558434,0.27455162924572657,
0.04229184794584207,0.08232168631318133,0.11329380306551563,0.1437110887523365,0.17053456881259485,0.2059943750812755,0.24115527513246876,
0.02688382470424822,0.039571081670430976,0.04545490095904541,0.057839977860172635,0.06589266334529142,0.079435565844669,0.08646254386722786,
0.04551942666244424,0.07966737785889676,0.10514816037157843,0.1283562615810007,0.14623229434407914,0.16560411756858104,0.1762435378262865,
0.04291629077154761,0.07136404429904791,0.08989133763665082,0.10349213999248205,0.11889023631030902,0.1330258979258012,0.13972272924562998,
0.057762660686398515,0.1038902852308534,0.1379411456560075,0.16838961396366842,0.19554446347182983,0.22471090808320715,0.25033013563744383,
0.0289439673605294,0.04558023631128348,0.05682397730819965,0.06874514541514075,0.08528826104929717,0.09687292679976084,0.10942798744363552,
0.05035226871921956,0.09431984685564036,0.12817473596247797,0.1605627734756502,0.18706440760780674,0.2169795274234945,0.24157201094787764,
0.05212548669126148,0.09629143607829056,0.12829401309609698,0.1545037845589582,0.1731853937074558,0.19049464442638603,0.20207427470909523,
0.05314773379697147,0.09488165050377392,0.12636125993388578,0.1532141662331709,0.17503987578099717,0.19777882609413763,0.21667860854524432,
