0.02227147689248877,0.03748386701548007,0.04996586354860997,0.060474619863270185,0.06682900372733705,0.07307303320903659,0.07094412263480596,0.05785222242017459,0.047528666994630195,
0.03129437052064859,0.04929251641395364,0.06514045327028473,0.08204222382910521,0.09743164881079287,0.10601457098281951,0.09941132400308196,0.10340252977681966,0.09739048482327606,
0.02259649985423171,0.028414806446789193,0.03961317919531535,0.050125436671904895,0.06163805572490292,0.06277590711860274,0.06023421815609965,0.0640228708414347,0.05344508397690582,
0.009673806707791254,0.013293694597779045,0.014940518620041057,0.017487148631070724,0.017934523514876802,0.017189612057878962,0.014288293447177374,0.012606438754260423,0.01273370977351369,
0.01974268758565477,0.02832371212216625,0.039736954754578016,0.0467244470600565,0.05161578480192031,0.056436226680101724,0.05398442615385641,0.05022974308758053,0.03704866772307841,
0.0235841638429983,0.035561988373090415,0.05044333034570964,0.06215601904853589,0.07126797979411773,0.0744984076107001,0.06653793248686858,0.06538867934111134,0.04975960696949908,
0.02505069094794281,0.03764882706897349,0.05445133521941896,0.065148296386756,0.06827375268880591,0.07330222108646194,0.07185432176748313,0.06100916038489989,0.049821931113544125,
0.020777550715503117,0.030330814907651747,0.038595109386886435,0.04951665333766247,0.05449126524934538,0.056668502220570655,0.052752739518197825,0.04783886448022602,0.036846894759023675,
0.025359821099845442,0.036343021049486446,0.05185327806630309,0.06981714265205466,0.07434643239796197,0.0732493575516511,0.0749015422735022,0.070583354596041,0.060651900158456125,
0.01603834440412773,0.018950140807723132,0.026338108854395005,0.035235228176082,0.03851036107146297,0.04006812007013348,0.03538627407910384,0.03161403372279259,0.024108311077952478,
0.021042161469837013,0.038865078879676856,0.04881927139976138,0.05633298587499299,0.06131915411819537,0.062612265324822,0.05601139057163056,0.05384994190585794,0.041727225321061476,
0.02152176524525347,0.03523793342772798,0.04955858816473837,0.06327577916808948,0.06873973398268937,0.07131699507758314,0.06210039592975056,0.055365774283066244,0.04457950056318993,
0.018362088134623474,0.03130541970698108,0.041937488474864934,0.054628711007081984,0.05970503790550374,0.05740344216514208,0.05954526421350394,0.05550176395473281,0.045566737304615426,
0.020796522414886717,0.0328928367863143,0.044119321552012515,0.05462922632402828,0.06256891256587446,0.0653374800120861,0.058919473037925094,0.06137433103527238,0.05169756797797631,
0.02428083034458231,0.03284060135627783,0.05260299963261417,0.06275052166609964,0.07537066545965225,0.0742200402698295,0.07488321512300597,0.07172908027095884,0.07039304046356548,
0.026820294653418827,0.03406462098358295,0.05815382907485452,0.07096771725461325,0.08005944456253448,0.08398451021844784,0.09108330594350025,0.08814828288800282,0.08199504677433443,
0.02951223189350442,0.03802243839668866,0.05560780701159329,0.07156610255942898,0.08175995083824658,0.09164943555086025,0.08782684613900772,0.08919916518328308,0.07841236964286069,
0.02348408601531485,0.035626508087069075,0.04737030644872928,0.05251016063746361,0.05319360618838833,0.05375682047880177,0.04764673807319432,0.04211908978411587,0.03112527781217191,
0.01806731722207502,0.027509478554621124,0.04092165816966882,0.04562401709816994,0.04889403482335594,0.04747231796464105,0.03967464883396772,0.033523719679118644,0.023996940447485404,
0.020783201446220863,0.021089779727258895,0.03068762288391752,0.032736840183761134,0.03495496199977994,0.030673293747967123,0.035657678654070595,0.028544578260123844,0.023540179267880674,
0.024645101567024964,0.03585795220417671,0.050216715510998315,0.06399245249275112,0.07411061024640493,0.07443838961259844,0.07808454822723368,0.07257135715702319,0.06076525241081054,
0.02655542733420753,0.042842008757908064,0.05387406540192606,0.07581839262096124,0.07937930501830992,0.08942541554079542,0.09486380621412543,0.08338137498105293,0.07630308269060909,
0.009951821217322125,0.009934251511713796,0.013853706959626271,0.016560958369480527,0.015457794454022412,0.014071329987149977,0.009783328540534098,0.00670315689447573,0.00421599712939337,
0.02019768297695409,0.02720261275852498,0.037340795919549356,0.04793885071031435,0.04835004126621707,0.05473463979992282,0.052165750218400204,0.04503226670023861,0.038379570504736345,
0.02558446918147615,0.036985979854113955,0.05446514774618958,0.06825352281997282,0.07447850653537676,0.07598055853516222,0.07537129067266214,0.06651399320322605,0.055975166419449815,
0.0232517663469261,0.03262864668766662,0.04402737729237429,0.0567248231739213,0.06556554449149209,0.06707470400494982,0.06232116816123791,0.05914774153296736,0.052092646239483856,
0.016709230377156017,0.029881862913311595,0.03968962574947632,0.04847137766707509,0.04977333514458109,0.046738393316295396,0.04202588823432964,0.03201250126879357,0.025833178643056252,
0.022443824261320036,0.03206524120474909,0.044769689454531345,0.05517090468427219,0.06492395981271608,0.06929114252945648,0.06689856793513949,0.06263048877654954,0.05592961382609873,
0.029773958289849575,0.036294591492645724,0.0547915128209566,0.06753214634051485,0.07526466273496443,0.07547270780442689,0.07311756686609214,0.06982003510291696,0.05445814087137688,
0.028515173384944213,0.03355184833812431,0.04856201749194705,0.06441262700383658,0.0730014112904083,0.07912668286291054,0.07704946322180564,0.06943218235683353,0.05218415791191996,
0.026120766586989815,0.03380349066174695,0.05540482727557915,0.06998768598959948,0.07181932268791556,0.07864196259278179,0.07388228316685311,0.07444590472198136,0.062337034690095355,
0.02271606655346277,0.03356858385309727,0.045460966523711725,0.05551181482706062,0.06615606820090843,0.0674997978034674,0.06127702809038962,0.06031388221627611,0.05294470639818518,
0.0240881488703872,0.03243289356070285,0.04408321759727811,0.05730039522008397,0.06767851513082485,0.06458836725407077,0.05799125561257098,0.06096861673189971,0.05296495446890395,
0.01260120664667515,0.018033143002199863,0.024324804903041147,0.02691653325361036,0.027512671817192025,0.02460675829780683,0.020046421331676702,0.014353639925179908,0.009706763180161131,
0.02393758753830752,0.03587834596868062,0.05144725354079458,0.06317302121811348,0.06927977209638475,0.07418141381998238,0.07194894984771422,0.06768797252536626,0.05793650818708221,
0.02325697943903478,0.0319914491623334,0.046929583475967034,0.05958777152078808,0.06481550860907963,0.07405129796746705,0.07170711111244439,0.0678288237653066,0.05872263262220452,
0.02372935331788025,0.029001200835930635,0.04055419527691391,0.05725935359803583,0.06483334927444517,0.06875018183876774,0.06586514394312935,0.06768144392775645,0.04883190136246966,
0.028441433070277362,0.04146784312711261,0.05879795329775536,0.06794819704642897,0.07496370751921895,0.07300394378460172,0.06992770178724167,0.07207414957415648,0.06076647325910967,
0.025238620923108145,0.03344919138073303,0.05642676639608774,0.07149808389968261,0.07987685584896563,0.08253682721166951,0.07682154286230755,0.06789931833769765,0.057516347853446566,
0.023245537457659716,0.0348445120814829,0.0505974130821609,0.06484749168600128,0.07278026764827222,0.07258116797031623,0.06925112563151577,0.06535822459104676,0.05573537406868965,
0.026335754597610714,0.0400496417462537,0.06755801207646561,0.07984153672292005,0.0857240942905833,0.09298882031817106,0.09069333283095975,0.08367068572764866,0.07786941856302886,
0.01846248417794771,0.025805766400958958,0.034538853446676614,0.04111922966661184,0.04370622566897905,0.04594324804634276,0.04160418178015805,0.04127827371095242,0.03258399833797777,
0.028464219079083527,0.04400639205472829,0.06401359283002421,0.08440313523453065,0.0969042661901827,0.10562871792110123,0.10360303416995739,0.10082226483704093,0.09583321485538919,
0.020599454295717082,0.03471037784279416,0.04199779760974415,0.05684238664242455,0.06751265304164544,0.07137298182389447,0.06774648754771599,0.06585135514018516,0.050989611374480666,
0.020429774737607907,0.02711731286310232,0.03984035462932679,0.05316475572374584,0.061896046408133155,0.0669080597176914,0.06689630620071281,0.06313705572564061,0.052683960980059924,
0.02472578648354464,0.04648721721256494,0.05935122980100609,0.07397039406738791,0.07945169168989405,0.08872739564288855,0.08439456728609128,0.08324037213704293,0.07208384042991962,
0.021414938585736266,0.02417262318245078,0.036699328407619386,0.04246993583487352,0.049128125141780526,0.05175721256683629,0.04538901688930471,0.03762243787288696,0.027407977628786537,
0.032026533683810664,0.04786467062980623,0.06521880416856403,0.07995978741925898,0.0866818730777123,0.09001460475710411,0.08478527808250866,0.07538876913264393,0.0668636952799701,
0.018826672888145816,0.02375503380131713,0.033869194773897805,0.04441264668948334,0.05000689806340071,0.046525493784357795,0.04877569483130566,0.04355486598590368,0.03127824588065213,
0.032490437899396984,0.04003713751257458,0.055966829764419,0.07688341590061314,0.08304188753948373,0.08992881467575786,0.08364830048066069,0.08653962949868851,0.0734096051947166,
0.0242146037275531,0.03307350133312925,0.045744581589752024,0.05643166589283565,0.06057609963116889,0.05937204226841141,0.05715089497380151,0.047511862301081544,0.04078013275490512,
0.02226627965821755,0.034162728918781034,0.044388611998386236,0.05791714653020083,0.07088619869217372,0.07091044636710356,0.07357507641105124,0.06611924081259232,0.05647158921119512,
0.030319739085337815,0.04389360038405696,0.06206789171332667,0.079328858325004,0.09274529956175213,0.10028125927660675,0.10074510454547675,0.09961337186169421,0.09044257597079843,
0.02255058766347534,0.035289998415301546,0.05025840742940457,0.06131659852784998,0.06623437662657779,0.07246988700760566,0.07054401254954829,0.06163032389148155,0.055704452706244724,
0.025880382732947023,0.03942261176029974,0.06499878679418604,0.08345803004086584,0.0883587619003249,0.09289251540079477,0.09364501628781818,0.0897886623053418,0.08442800158038985,
0.016232683467320663,0.020716653912188257,0.032763247742071344,0.041622784581262784,0.04385588216691534,0.04138640704716479,0.03379770039270531,0.029509143384144038,0.02421051199952933,
0.011224658502453312,0.018502959743551622,0.02122481887976877,0.023897044689346298,0.02419380936300994,0.021932921426877493,0.018153224340208784,0.0118109445935246,0.0067413227019430715,
0.013905138330747274,0.014284154217086611,0.020441542451113005,0.028045358006246635,0.031699988475476615,0.028909028743558836,0.02753884591724761,0.023025677921089463,0.015458275678269637,
0.022222294985036296,0.027744511559228698,0.04339972296412639,0.05282717263620103,0.0654988944993509,0.066859960303909,0.058986713472949294,0.056830817898419324,0.04715547825579739,
0.024433978868977545,0.0349054810869328,0.04751357354733879,0.064881762151641,0.07390354801366304,0.08240041452987978,0.07734039583069884,0.07398981179520457,0.07261906441551774,
0.019330187282882296,0.02672735360084798,0.035563422315622324,0.04567495321089094,0.05176926383492736,0.057221721230987455,0.051504660759628444,0.04579835186980176,0.037646265789346156,
0.021938195754706017,0.039771881732247744,0.056109188926790336,0.07528535661914755,0.08406924562616173,0.08875119223470102,0.08582985202456558,0.08682496845105334,0.07847372862029103,
0.024472845852769317,0.04484359247805651,0.05842260153126103,0.08508112274364195,0.08781326300793774,0.09970488295373305,0.08833642275859772,0.08366864877193646,0.07315438309991125,
0.02622959958921298,0.03809481781322214,0.05792985063715365,0.07259027694295402,0.08323163504441089,0.08131648849061658,0.08312787226908144,0.07859258924726382,0.07332673059419231,
0.027114887641089765,0.03860053863389763,0.0540828975045223,0.06564558654185548,0.07285240857332421,0.08007987664661718,0.07421597307895661,0.07417768528604061,0.06381346888080339,
0.023354018296868412,0.035534594803989544,0.04790847902197951,0.06167013362655352,0.07084628626916793,0.072572658861933,0.07142553919923271,0.07193661115218615,0.05809824771020638,
0.023408211149544743,0.03246758316546228,0.045494540702897435,0.056094104614685454,0.06311882530227227,0.06742400245907249,0.06403559043909475,0.06584149840878348,0.0574231969180444,
0.02060675569091657,0.02993682480495086,0.03993278317282246,0.05231247782765321,0.06047262303405965,0.06027619600343997,0.05361872968505448,0.04789491628515231,0.03968416398659651,
0.02750267268925942,0.035927504091222875,0.041713253620860424,0.06214088226803983,0.07504760241172087,0.08168082456112306,0.07761519644135972,0.07127017096733583,0.05910153315144088,
0.035185966593510615,0.05030375000988877,0.07817367221807829,0.08949465458652475,0.10399092356475635,0.11204593395014877,0.11405997948914044,0.10105790569581599,0.10135480065046262,
0.048738781497548005,0.08019100440812556,0.10441879602620087,0.11555521362545272,0.13057714875685208,0.11737717645097052,0.12115944186686368,0.11857055787539074,0.09491397221368762,
0.022062470035588404,0.03409807658134647,0.04675141940866842,0.06096484803092915,0.06332357921221686,0.06236915840425009,0.05596783444666441,0.044922801482433196,0.035107835486654485,
0.01596628271542819,0.020308536708872862,0.025841236743838737,0.034979491864134946,0.03829302244971699,0.042226418146709764,0.03945672311421566,0.0336939468506767,0.025949997005932857,
0.028635600643170545,0.031534972234064165,0.049060928941807115,0.06368626746339966,0.0716812882226259,0.07631546931197228,0.07057872073874981,0.06876344417783471,0.05261536841057213,
0.03086355888073537,0.03651966437664677,0.06028209741497381,0.07946603381227003,0.0914466018947267,0.09483955382031242,0.0950584309956884,0.09042877022015157,0.07532898386714816,
0.025243988967154695,0.036346472696153105,0.04561349181959368,0.061070651100762034,0.064580096876829,0.06371980068012448,0.06330133172143677,0.06084267750355055,0.04358228898978287,
0.02508891356353561,0.04532324802145185,0.06312062275844421,0.09000188134432581,0.09409483985022189,0.09862424989511666,0.11305393270021596,0.10210492965013343,0.09020058410124235,
0.02709693915411281,0.04600224300759086,0.057745034510793075,0.06647418533966556,0.07992182418161652,0.08474444925389188,0.08159723819955378,0.07972033758167586,0.06469214551773743,
0.021361466067380083,0.034256873478087056,0.048976491826780474,0.058618736214784285,0.05886482566630104,0.06305386967598095,0.05799018952339637,0.05690009337863574,0.04639441178353844,
0.028330491428994638,0.042986240811785155,0.0649208922605316,0.08166653987966,0.09150374839599759,0.09531161061947345,0.10145071819920463,0.10269736701798536,0.0946721563885484,
0.012235681250142355,0.014401577934605836,0.020005381165996396,0.02546145279399221,0.026339827452913044,0.02526692661731804,0.02119942677892148,0.01719813516676286,0.01182544871895182,
0.028291363514587047,0.03877780319259605,0.054604063647550945,0.06698847706987432,0.08374219307439137,0.09666741001858241,0.09811115877939068,0.09741990423133043,0.07979310775346939,
0.026428868594751347,0.043976632317028544,0.059522439925057805,0.07386883985171543,0.0840545093102265,0.09010138712212487,0.08870610323277353,0.08724700880223403,0.07418981577451401,
0.02912433631945733,0.045879110844769345,0.06402598739015843,0.08587776563335305,0.0956871532848391,0.09782207969821263,0.09437853587891779,0.0982997604043567,0.08320559202535313,
0.02307828075439518,0.03235619035042843,0.04410332206072865,0.05413790101236336,0.05737289087486275,0.06473915409875383,0.060972974793950814,0.04996998538030764,0.03820072747079048,
0.02345429488861767,0.034406671242146136,0.049475216761173064,0.06218194044933755,0.06925972032906956,0.07547663792244383,0.06826654418538612,0.058295502250087186,0.04676508837616502,
0.025024780390868993,0.03622435025975043,0.05174935268263248,0.06647738849961342,0.07334271618468531,0.0713362433620186,0.06949643664973579,0.06756693782953553,0.05619067515470678,
0.029032295531403966,0.0385941050238256,0.05360032694610603,0.06387239812720576,0.06958540884410946,0.07460391657091807,0.07099335463184969,0.06268360039206149,0.057196239869718106,
0.025730474273364775,0.04042991136538468,0.054424943025525634,0.0685677651153417,0.07766343212980166,0.08114689721720696,0.08126292252706838,0.07291044312110337,0.0593031544205744,
0.024513092567691835,0.03032378731504833,0.044591176797582066,0.05534869861148859,0.06116054422875574,0.06227362813332297,0.06042481738843799,0.05247374978328597,0.04360736474865947,
0.03699165977084481,0.04923616826153565,0.07007060791714272,0.08478008257293979,0.08896423507235747,0.09982880251967641,0.09932141491332476,0.10166879042807028,0.08803914189045198,
0.030254532745831203,0.04594106182452085,0.06565882868494888,0.08807641462091924,0.09272673555387376,0.10544839024442422,0.10846028744577306,0.10445800409540851,0.10444666913255025,
0.02152795180565943,0.03249967086303736,0.0418000721361111,0.053387840727845665,0.0634389652940023,0.060264678545280496,0.05300447480783442,0.05994103689973927,0.04541592093431158,
0.019084556999894052,0.0239974318535938,0.03403125842602538,0.046804472068795316,0.04961027808446822,0.05055271459130864,0.04444406160034306,0.04058618642953715,0.03043033777277287,
0.025506368968340968,0.039082485426735245,0.0538970287866123,0.06542905904930635,0.07261137318902196,0.07620258088988292,0.07571729068984237,0.061734301864453923,0.0561340517532863,
0.024193206203773215,0.027592890879379443,0.04029902034758761,0.04717979402594319,0.052315302726186154,0.051437819645276994,0.04855345939489112,0.04294190090761498,0.031107298850387197,
0.02403073857663696,0.03951130066258476,0.054569135160227364,0.06492976297224208,0.07580693899539663,0.07724337743019707,0.0742504178555932,0.06996245755494043,0.06275198190547372,
0.02403292029484837,0.041331693065172405,0.05842523196910308,0.07242226859915975,0.08072730491239125,0.08743698503986036,0.08495173203912526,0.08455904564389466,0.07064586421996202,
0.024404745345767035,0.03352546464273426,0.04810511831156242,0.06076376158115878,0.07191408297372467,0.08159339387393405,0.0765496303779605,0.076958321367878,0.06564545368315934,
0.02232212484898018,0.030396686665170976,0.03646792352179699,0.04744219493423423,0.051448114607368,0.05683841185451287,0.05081611880525411,0.04185157606397015,0.03320000859270398,
0.026959079369109303,0.04507860010588773,0.05853074483325405,0.07753562821594256,0.08713314364916894,0.08968739630820452,0.09157969189018113,0.08266753104516344,0.08347495554394174,
0.026964965228002655,0.037349773995599106,0.058641074251440294,0.07005350746054231,0.08853366499756173,0.08926549133634201,0.08769080915800678,0.08773242072781062,0.08157516246106099,
0.014563213885997186,0.019562028555965148,0.026881532564627237,0.03860253852901835,0.03690112379271236,0.03731073091233739,0.03143828713206057,0.025069754591688063,0.021502666217269296,
0.02654889098463256,0.04147851184860578,0.05140515037799522,0.06975925753242522,0.07096986011954796,0.07970514730764706,0.07740405758648883,0.07256715307382314,0.056962167749371226,
0.01490536745210293,0.018461165266022674,0.025011664320207495,0.03328502107232517,0.03498672004117035,0.035125008087932556,0.03161096765805276,0.024815721208578466,0.018073240469433288,
0.016561640470869683,0.027279355515024938,0.03840133867548826,0.04725765045826949,0.05234882182822205,0.051281143478104765,0.04835739409526303,0.0399102581245698,0.031792857495051646,
0.035770458317766936,0.06274746387832014,0.08347268352287728,0.10920266880237803,0.12378941415811914,0.12741532117803597,0.12786409770027668,0.12894690730096292,0.12396381007854196,
0.038359443798730665,0.07393219750952179,0.08083850344476023,0.08389868742939956,0.08474740055786546,0.07416440087140555,0.07023205337095535,0.06412012885722479,0.04825737571296034,
0.013482534582600637,0.01821812509816654,0.026330528860776713,0.03025931428036777,0.036191200507342536,0.03608955964903791,0.030565285156881,0.028005874277107486,0.019771696426444607,
0.03886324272155876,0.051009718901949566,0.06571266713451093,0.07892500526076301,0.08307034677647214,0.08962584533624925,0.09245570058541852,0.0809328094231899,0.07366308623935222,
0.021625254078925557,0.03353184306077959,0.046595498716057795,0.06208071963862492,0.06570676475693658,0.07354685208902842,0.07419332972210603,0.06638434057975269,0.0549722587403263,
0.010329841701689175,0.014220608845345126,0.017010686630850685,0.018857141331045813,0.01844743004571087,0.019040392035402257,0.014398132743036555,0.01175891065200732,0.006601248663410761,
0.023395189875083017,0.03541788093378374,0.05646052779603949,0.07073609955339338,0.08356646601624804,0.09370722133194617,0.0931205440246117,0.09554005648699694,0.07973755164755203,
0.026645568701624815,0.03849189079641606,0.05342229035117367,0.06366259384328231,0.07592649807239868,0.07849710503224133,0.08169402346319182,0.07245556211814175,0.059965161888662154,
0.03157745301304509,0.04100832250510199,0.06489912113691587,0.07993187869355702,0.09436466395508686,0.09937100310307714,0.09769525016695925,0.08924165624712249,0.08217186048440672,
0.02759155609912936,0.03729394394477425,0.04974930700432284,0.05972284329144388,0.06811897783633786,0.07428624386188949,0.07354056347911113,0.06323895832155212,0.05509566674425973,
0.02937960848829436,0.04294005046434544,0.05620244029013831,0.07092249448487313,0.07971190420045071,0.08541461464340949,0.08388570407861581,0.07768875176218745,0.06633681229877426,
0.022330026681560013,0.029693790864121543,0.04262364365498689,0.06084707985774337,0.07205095461678743,0.06725933475092317,0.07259318753243978,0.06561407767587835,0.05872508549492375,
0.026437247615618085,0.032917593001086855,0.04202692847150767,0.05125676949039215,0.05590132241830989,0.052886145836964625,0.05161901689648639,0.04653990918085955,0.034926224751880015,
0.017935771555451403,0.026543631034406028,0.03671484933767846,0.043369255749109444,0.04546159563199242,0.04659597815750117,0.0423422931020577,0.03519557043204262,0.02297736981205862,
0.018739413289141808,0.024492168830135812,0.03723141323885008,0.05103790437852111,0.052882265061721445,0.05542440593617312,0.056214357614918095,0.04869056236846338,0.04006423658342247,
0.01819208638343601,0.021852551081512347,0.03349745971492346,0.042337956678916655,0.042356179584762614,0.04308456507027002,0.04171094929132661,0.03501480049287328,0.028850589486836355,
0.03053882457116434,0.04545938634813533,0.05910711203767713,0.08050874196557717,0.08393270027818378,0.09160168412623367,0.08615056042370589,0.07704833578997942,0.06328619316656067,
0.016308871157717734,0.024719245746469574,0.036120768883053864,0.043872956330685595,0.0488214653217431,0.05007002114013402,0.04408105693833071,0.037359565262527906,0.028589166308088557,
0.030089106526810825,0.04253226335185099,0.058273802898981805,0.07438838474718983,0.08159436181503338,0.08462949033542709,0.0820306743885731,0.08011045100434132,0.07027876555371268,
0.0319562568889268,0.04319212278570965,0.05769924583670437,0.07201160753333442,0.08817741059738643,0.09497128674556024,0.09595903972622952,0.09070943419383228,0.08003514902290218,
0.02580121297238347,0.03791985726838024,0.05315077440127952,0.06738857129652823,0.07517658927989966,0.07929087742352367,0.078179845540124,0.0762020805062141,0.06580825481259052,
0.03148317781492293,0.04966950921224955,0.06382039838776095,0.07731991857335767,0.09097106016500787,0.09338245873532831,0.08423669489813793,0.08722942641107109,0.07466850032912452,
0.023662093931657177,0.03818812604148621,0.05177349732726374,0.0603726850757511,0.07292793690288024,0.07839379544064544,0.06234441445655568,0.061955748717943286,0.05635945649669278,
0.021644028462531745,0.02809103565704567,0.0413444376936329,0.05087861973454042,0.05453179293496793,0.05189026159033027,0.04849605991513914,0.04213028915150675,0.03359675046758936,
0.023783951373826676,0.03661030963694221,0.046893154463625984,0.06049832759969672,0.07342525709314886,0.06753676208460258,0.07022876772443688,0.06060932717401378,0.04275883750091777,
0.021499512713138536,0.02873807785216125,0.0381968108404005,0.047570828451862855,0.05333228458378204,0.05228099636094294,0.053676991307345184,0.053197793417234795,0.040187062073738664,
0.020400912587692218,0.02976614943060946,0.04304445543728252,0.05078647204208174,0.06006645202181048,0.059702651756052855,0.057691032492678686,0.05155770063298549,0.04493789752397342,
0.023065116359003695,0.03543902260298748,0.04476014540791479,0.062355061734109526,0.07632637148859638,0.08041847780759563,0.07480694796422475,0.07349384631015786,0.06066573982565652,
0.016388260572459658,0.023877064114601453,0.03617751455378355,0.04344800500154476,0.048057471233660456,0.053563599774943814,0.04666202568054842,0.04799053579435363,0.038687146801788815,
0.02555753830463721,0.033527277772639225,0.046430202569803444,0.056784626813839,0.06369575503034763,0.06354614016808735,0.06009813978053143,0.059130016215718624,0.04736362480885057,
0.03641192027193303,0.04804212139089562,0.07070042011091489,0.09197994140024982,0.09595980917501899,0.10733414692407639,0.11238125167283854,0.10264258335307104,0.08659426457769652,
0.024299158478695276,0.039210178698264486,0.06090755900758641,0.07657256195019842,0.08143318344015661,0.08884155179351166,0.0859246938222501,0.08405680002354123,0.06597190706635772,
0.03233209192138842,0.05044721831432743,0.072136780441507,0.08613240995539603,0.09622914249128077,0.1023619821786523,0.10101792230003763,0.10175007549034823,0.09295431325033576,
0.022656767408749758,0.025536148111949316,0.03710534606225189,0.04669091868033463,0.05143426760821189,0.05167668423860701,0.04588287731000028,0.036267398337280723,0.028085713920084562,
0.022957658149047055,0.03258425708686666,0.046688582255161884,0.053832325189596936,0.05810542987899357,0.05994110335414323,0.055164003088331706,0.05285447355860692,0.04019595762214384,
0.012438726575665122,0.01764959290439905,0.02142767317714339,0.028236571783098175,0.029329994282833765,0.02784578972173861,0.025537839679496372,0.020353689554107362,0.015326452593888247,
0.0276356600647677,0.038970323076570265,0.04565916579719676,0.06345270591927477,0.06899421884526222,0.07121525262601582,0.07364301330650831,0.06489603207112639,0.055819691153746916,
0.01481829593739892,0.021307510478058966,0.029884845357452713,0.041490890073224915,0.04492793257463407,0.04968391071574658,0.044630124696085745,0.038538544858819516,0.029119596662656864,
0.022253386241547,0.035471702357205946,0.04762107427790994,0.061808164440813905,0.06650368896603455,0.06971627091456124,0.07291256701992078,0.0707050577076699,0.06260428791202706,
0.025585850517225086,0.0383995285103363,0.05136892542768367,0.06748796929214208,0.0786526252914596,0.07637835040634915,0.07619774005283023,0.0641622737076768,0.0508478263037305,
0.01708363348462784,0.024853159169922673,0.035710215196897786,0.04367846061052279,0.051528833980459786,0.0507137521661167,0.04477426249351354,0.041095853998064466,0.029726733166843818,
0.02683925028422944,0.04034963248351074,0.05784091307757987,0.06913072426328741,0.07124819477665423,0.08386904523537914,0.07914122962295475,0.07639312487139194,0.05808541245131266,
0.027620418862935578,0.04467437297015841,0.06312280654787804,0.0848297626171152,0.09750017507821672,0.10496389972818648,0.10242368020357623,0.09928950327261468,0.08119553753490864,
0.02391689152564759,0.037332109065469195,0.05085562504876715,0.062003944833318954,0.06914946492892744,0.07377424808313364,0.07716074338004561,0.07367776192667747,0.06391734738239682,
0.04992503534661361,0.036597916404636985,0.028657326151194103,0.02103751519587039,0.024738294655045796,0.021350938801836233,0.021291671000658298,0.015871394446408834,0.011197579719916702,
0.03224008595948349,0.04858484236596336,0.06823065592058254,0.08400043068113251,0.09378628374342937,0.10469500566041444,0.11317838861284528,0.10798210398478811,0.10015811048206645,
0.028649249855427866,0.042106588587116384,0.05948751817794425,0.0715411000286072,0.0772637885065927,0.0823097048096708,0.08272102457549162,0.0818339569867514,0.07656812571014414,
0.022236327639332646,0.03891467627515811,0.04850440664510268,0.0640690178501846,0.07489675227241026,0.08291313493158149,0.08104496753493652,0.07726610877430813,0.07431877607957302,
0.022980513666469315,0.034927008088274654,0.044036229116750716,0.05358742670963028,0.059769525515020364,0.06385118162157707,0.06124993796317435,0.05591386471784223,0.04523099365997701,
0.017292947523459997,0.023511662342324175,0.03190919912994554,0.04052896400706013,0.04406766419201382,0.03969944999669172,0.03621462505498759,0.032347823879571296,0.021477866931376783,
0.024693444890234062,0.03100056067534497,0.039649901156155944,0.04828482737021457,0.04862069184310972,0.052453988153626736,0.050101232267681275,0.04159128241086737,0.03176657878157387,
0.02632817005061014,0.04524351181988868,0.06258997464335486,0.07226647018940385,0.0792279590447193,0.08028328610095445,0.09276207845251473,0.07928031057909594,0.06209205205311989,
0.03414193086618986,0.047263576850883914,0.057192913048183316,0.07544727187204123,0.08203339646203503,0.08323023788009067,0.08075744560087358,0.07325053375394734,0.06675330843648984,
0.033346422121530904,0.0442168272242079,0.06569030949023401,0.07865864509086663,0.09223911008988045,0.09242515380376173,0.08400726200363785,0.08439419301917536,0.07315875842211822,
0.02879488100201819,0.04086973714995362,0.05077386133207616,0.06446792395108163,0.06900038153995183,0.0703748511320173,0.07014621051101876,0.05793441334771826,0.04961454506081473,
0.030799436370702947,0.04482112474758423,0.06555840774690007,0.08007731909777892,0.09022104639843599,0.08690472731349869,0.08810512250631512,0.08973985406126303,0.08135274730550476,
0.028465528135816896,0.03892908766903232,0.05727713735966288,0.07074295310464501,0.0856593380634403,0.08365597469212303,0.08843107911593144,0.0718877383731287,0.06943112175347785,
0.02065351159253171,0.031101214321926158,0.04530750514989569,0.053151595229498236,0.06100087564681191,0.06195635144118815,0.06064720805319588,0.05969336366722156,0.04949525799823732,
0.00828338931172809,0.008892751278798235,0.011182766334727869,0.011730007980232842,0.012125088148671883,0.009814500501087767,0.008389203023934094,0.005812425157800041,0.004006079790771746,
0.03099039789006797,0.04146343034921139,0.05785193921482189,0.07106549677267829,0.0829008328075855,0.08515778575943152,0.0905921209602303,0.08488876058152355,0.06935143601637918,
0.013952835126278063,0.01853800422081317,0.023897008306292475,0.03153505865360885,0.03300235370946015,0.03334080865577814,0.02720007790073813,0.021285029125217046,0.018233940266560205,
0.024163800344909774,0.03612350931684083,0.04906548748429628,0.060416092791288206,0.06784555732573082,0.0747362085157375,0.07243233415448805,0.0681080921826299,0.0598965967057005,
0.024079594422951524,0.04409500302314448,0.05338102095027622,0.07034423571653406,0.08105323459650764,0.08202154940942216,0.07781858547276484,0.0684303143750653,0.05634129679471605,
0.025904080459826832,0.04318670866555635,0.05898604893661591,0.0794319951725396,0.08851998355357753,0.0932024383183413,0.08839846320970123,0.0831449155083435,0.06862032321449783,
0.03693243204521418,0.05600120433076921,0.0762635002589604,0.0979916411131827,0.11403563834181013,0.11858923073463097,0.12530686431833143,0.12241173782042512,0.1188770035512189,
0.028588462986287377,0.04260189293752997,0.053822004303416,0.07376543227015694,0.08001049234664943,0.0800214186389188,0.07662529712256765,0.06955746226972044,0.05441938717571941,
0.024626689953730227,0.03385334824892955,0.051581116962724806,0.06410351159299653,0.06996562159616583,0.07502928576204992,0.07338575338057093,0.0745460857203772,0.06153545593884215,
0.00895981874226824,0.012299337640494276,0.014705018178445448,0.018664481811553064,0.018253210885875046,0.017685695517024945,0.015496413381889632,0.012576407488635089,0.008748362569275085,
0.013901924259812253,0.022808761025006823,0.03397494033314403,0.04244850181084622,0.046332419514751914,0.04535769393490247,0.04489452429484159,0.03242690215090087,0.025229629578578466,
0.028895076783163925,0.037475961857443695,0.05467687558877224,0.06672638522529144,0.08053298338913391,0.09000132460446392,0.08725549632225549,0.08281802973827754,0.0644621493697808,
0.02680021407510559,0.03523933135116769,0.04941726267157333,0.05915777768464141,0.06209842549161081,0.06828235066751771,0.057999629246863034,0.052156986556822243,0.038530388926110014,
0.022374135726791745,0.030476612731976417,0.04151604463802214,0.04674652431222694,0.05342565946564452,0.05562818130764628,0.05598154189491762,0.04645470873088812,0.03280413953464028,
0.02677809788398194,0.03921484685790697,0.05812552304753526,0.07405452837280081,0.077004161593602,0.08601333131730164,0.08213321274238354,0.07760695651307446,0.06498463827912421,
0.018490638860620006,0.02251924055440337,0.03595611610970142,0.03983668780196632,0.04379081010431035,0.04288599382038346,0.03892661753588596,0.033575371453750794,0.022939207272980083,
0.03045434281629985,0.03810518394830137,0.0504289498863883,0.0675535195226037,0.07462466131005153,0.08158482491887627,0.07770635878635193,0.07025330062913486,0.056188560676520734,
0.021216001612475936,0.029860986177085373,0.04639307889700274,0.05791541332754618,0.05759534234137662,0.06381148739759131,0.0663684063404232,0.05484304857920403,0.04579437380846348,
0.024101892202602,0.03542345181508249,0.0525574967565417,0.06676142963660253,0.07571314552782486,0.0785378695818107,0.0785889532512179,0.07533936214581478,0.0730126327359713,
0.028917404211065017,0.041191743339190255,0.057461322821972,0.07386560588283547,0.08921884706929249,0.09787968677219473,0.09555730461256043,0.09612847004537356,0.08261817098087726,
0.02653080711870224,0.03206216958280455,0.04347660406925739,0.0534816760804212,0.06580388845863397,0.06505487046685667,0.05890190297358857,0.06317125760171312,0.04501594965555176,
0.011939506308198232,0.015969411405469196,0.02176194120219078,0.02486333899005825,0.026933827537520615,0.02642525869287951,0.022984850021710884,0.02089310426927915,0.01348287399542328,
0.007069891517441326,0.0072800501740220855,0.008748672797922586,0.009922773200689064,0.009842901284655437,0.008653047930471424,0.006946040305087752,0.004359953474987073,0.0034940068148322013,
0.029064636198391124,0.045681891750069765,0.06560638711951164,0.08426774990461725,0.09357773679035222,0.10208108008355649,0.10074461514206746,0.09362800547457394,0.09035344273080301,
0.023661688834854148,0.0372607011977578,0.050368102640100484,0.06325583266560822,0.0703034355773407,0.06969650206550036,0.07010852532716898,0.06487777597218809,0.057854868364010915,
0.027113487706258488,0.03527044111526144,0.04554992358011883,0.051437691388375464,0.061997904444548606,0.05932560653944373,0.06234567514985897,0.0504256173793127,0.040616638935335646,
0.021672505719409835,0.02773680295018012,0.037705132790074807,0.04725160021935104,0.05270399602785201,0.05641005651803315,0.05203648154994306,0.046534411557844796,0.03805669009728551,
0.0293385052955779,0.04691878459012848,0.06574397722779433,0.08295624747414282,0.09580028694146281,0.10105000481625973,0.10869895448611387,0.10601872674037188,0.09274319665326541,
0.02591224152858842,0.03762021056063285,0.050781409503512086,0.06674172008866865,0.07227502753320222,0.07500562300479537,0.07309568936642134,0.07023650535691123,0.060034377486416095,
0.028151849155925692,0.04604999872532026,0.06340636035235236,0.08107084533856543,0.09275706495714259,0.09985493960600993,0.09464146107912715,0.09272648594405891,0.08137282120153588,
0.027756330564115122,0.041692749530771296,0.05893807122801608,0.07270359912752594,0.07931503670329348,0.0827240916688391,0.07936557403510298,0.07738200859218596,0.07101973436915304,
0.02234924152148607,0.028971968389438277,0.03896599722761815,0.049207964943865604,0.052860243518689724,0.05253812172152042,0.0459407541052243,0.03873149494154452,0.02511993817767291,
0.016691167889496355,0.02127837951379044,0.0340471181857319,0.041581902670393994,0.043341471698344375,0.04267398037013014,0.04105804305573327,0.0334832639994679,0.02389479411954255,
0.021185603893748895,0.029293877968483217,0.03968724002605715,0.04469807568248588,0.04832203220838511,0.046620914569956026,0.04593047838468213,0.04051656084962053,0.03628520581630702,
0.019878486280346757,0.029040733231742208,0.037905254193022125,0.046937979804562754,0.05262712680333179,0.05267632108997865,0.04981987701784204,0.046286863639330184,0.03453201356885123,
0.027903538574598964,0.041554085275658625,0.05421638630073876,0.06941093271190268,0.07410894247594092,0.07585856643901362,0.0723095942573059,0.06720922188186094,0.05718588482214901,
0.020139970561913113,0.02786656530884493,0.03681011143673981,0.04509014059739326,0.05014365572096454,0.050720327661287166,0.04917544855414154,0.044776833873150665,0.036692617742723845,
0.027308437602144,0.03758067932010041,0.04877482067775619,0.06242905516933287,0.06950200129118245,0.06917653266205301,0.07033330428204633,0.0646616369670449,0.0556022229541381,
0.03064486685239671,0.042489659093418466,0.06417670135291301,0.07983385841389744,0.0941659441155379,0.1023581494421217,0.10450124083507271,0.10503549741682032,0.09464562195689565,
0.026340170596437486,0.03996903798530079,0.0580030699454045,0.07819875546884014,0.08814838611689386,0.09344497531459624,0.09439794689565273,0.09518773839183789,0.08391861146008806,
0.02911843779016759,0.037741712725815085,0.05390791919934949,0.06957853614394542,0.07660395505603435,0.08670620467558132,0.08226654723795797,0.0848524172760272,0.07632732100340542,
0.02467588181976861,0.038675409042449094,0.05329759711120785,0.06430631782775488,0.06796148181712264,0.07323776117079436,0.06984258435277044,0.06477222877468486,0.0509493955976456,
0.026790749840150202,0.03917981196610293,0.05475909733377363,0.06846426609688457,0.07606197531237137,0.07775188018700203,0.07932994386640188,0.07465204340707193,0.06232303621479188,
0.010403062304421371,0.013685063974837318,0.019446379348075988,0.02197229552926852,0.02429063737720308,0.02266881847321558,0.019923354012382207,0.015239652919537201,0.0114920564913646,
0.019136643680149456,0.029259643462838388,0.04252414297426056,0.05169477349987241,0.06143857912097361,0.06552835262043755,0.05969171896051252,0.060574598163474394,0.04686463139073777,
0.03980455065769707,0.062199217916627685,0.08121706410399417,0.10278824243298593,0.11692848917900779,0.12491002764773439,0.13129004145324716,0.13608805939870336,0.12377343402003663,
0.022305323526876194,0.03150023360749526,0.045353960400858,0.055245086515476056,0.0650074749772255,0.06829511456355762,0.062748908139682,0.05769895918102609,0.04693279049097677,
0.03366730648775548,0.022494178059551756,0.02126025167507774,0.024995335008799354,0.028049543828546634,0.02685819709263448,0.02377051511381583,0.019642061192001774,0.014932082675991701,
0.028245838106847734,0.043211137096949806,0.0638000672124906,0.07592850756839832,0.08324431791054783,0.09443513981567386,0.08944844355073962,0.0759848434895366,0.06880395130542796,
0.021513482646929753,0.03086301032658494,0.04373860627730933,0.054755664509198915,0.058118958784889915,0.05669722025618666,0.05640442179981873,0.048979944618633975,0.03906652210665659,
0.01840962717307635,0.027598275773006303,0.037158945074008604,0.047311681397759826,0.05379318031820001,0.056447251205145876,0.05376696416339853,0.047283407859508915,0.038853178476380305,
0.030246943123539653,0.04445657079995608,0.06298918199719351,0.08177344152338864,0.09498005381128925,0.09476487357523748,0.09760829605386091,0.09727407179608985,0.09176966833095132,
0.025996463602331543,0.038589065432369854,0.05858060131244578,0.07393979117502555,0.08731262023391935,0.08844468492926949,0.0825336096021653,0.0814034913057329,0.0714627600300842,
0.026825309024562042,0.03399855815705118,0.052689520729301775,0.06721394457010635,0.07801942495220737,0.08384456110099844,0.08836648859688867,0.08912956978565542,0.08623144454194094,
0.028168528099955892,0.04064279133997647,0.0574444332713063,0.07463061628035943,0.07864547868932574,0.08651779994556674,0.08361356038919782,0.0812161393172461,0.07103548578093781,
0.024422471871457806,0.025610032288923626,0.040542996598290894,0.05401234134501924,0.06071051516963706,0.06318118063968246,0.0598486091511352,0.0523468435988241,0.03982911323852546,
0.02711608151321987,0.036692988622452245,0.048665282526912025,0.06004088945705736,0.06538667354082872,0.07058636005768879,0.06888476987165938,0.06371560415883822,0.05126678371801701,
0.027752892888445055,0.043888322209455155,0.060524925294508224,0.07443322594815745,0.0809322953630662,0.08217839384299817,0.08308833965102784,0.07633305720052834,0.06358027690234173,
0.028964022072327015,0.043522609059667566,0.059444033693334855,0.0749793031158425,0.08150495308330796,0.08787103578426587,0.08435056995679399,0.07530284707758811,0.0649082837366013,
0.02333041608375523,0.031862865154239556,0.044579132417267166,0.06049238139429384,0.0692465023649399,0.0703475365098468,0.0729903734719999,0.06516289815701727,0.05039298854199849,
0.02293519889145565,0.033161658234771456,0.049972283091469366,0.06413823712769466,0.07177598683167956,0.07695586355974703,0.07301616291392113,0.06787001527359796,0.05623421600646964,
0.01865837759642841,0.026441007367027168,0.038352609230506325,0.04909045261061784,0.05694968341260152,0.05753484836495393,0.05505870877721397,0.04902074301080136,0.03927520067045942,
0.022778129654411606,0.032487669470424856,0.05192271914363836,0.06589888327062393,0.07553891117710147,0.07771686518000986,0.07418382371109439,0.07315351125109344,0.06322913053528802,
0.02493995366345011,0.033377046611315596,0.047895549015379874,0.06269504103565915,0.0712422660530022,0.07735585437543599,0.0758594741728358,0.06679026459091797,0.06541292995224583,
0.024785671018665512,0.03321098472803651,0.04682906540688681,0.05984616988836108,0.06676133159942332,0.066325888760454,0.06814404619786156,0.05899470985120677,0.05272248907553192,
0.011616215690608478,0.01619719648158118,0.021489911877862755,0.027226369907202695,0.028844801171699654,0.028505493955833426,0.02607461536132733,0.023024617044672655,0.01525765997194204,
0.016563742967237487,0.021405720102982764,0.028227487706551604,0.03385885194579998,0.03671718887416195,0.036055400593362055,0.03364318030903166,0.024904238744099316,0.021071364567746248,
0.028982952983854546,0.04089039132987273,0.06121048853424988,0.07754023570959134,0.0885595616065836,0.09384459557203932,0.08874908397067047,0.08314038247306296,0.06834404916568498,
0.02874136641718543,0.04276062791823546,0.05885713515210837,0.07500752773374855,0.08695379739596645,0.09081690327243978,0.08923061046987708,0.08423306405957791,0.08324690193409263,
0.026148222124806216,0.04220592235999211,0.062437642591213295,0.07561792438009836,0.09144575667271221,0.09753338769167846,0.09605365767521132,0.09147596133445177,0.07895655531551428,
0.02093680440474601,0.028575475711893606,0.038692267731186815,0.048567524163616024,0.05413104067161976,0.05697168205517269,0.05161330992170827,0.0433132785831143,0.031950320464417786,
0.03181922792953451,0.044668941977985765,0.06162263594386149,0.07954909484083558,0.08642775337353199,0.08810822411311921,0.09173390653915295,0.07827973262690764,0.07248781437135389,
0.02338770572756547,0.03060069133285666,0.04419187478436331,0.050054147455928115,0.05640637570803111,0.0552200558558016,0.0502261724608397,0.040031200008992705,0.028003887786064635,
0.021107487682513717,0.027688690851547508,0.03712931960664291,0.04827823286524622,0.054150509763220264,0.05451436517800562,0.05570924859283312,0.05099499268925143,0.04407772223189363,
0.023754967301752795,0.03580734968038808,0.052312724746208905,0.06413425344871744,0.07307338026259949,0.07596010042665342,0.07469476433241916,0.06661558135777758,0.05639576806366083,
0.02257483930484821,0.03296837377511098,0.045018169410398635,0.059562232176056336,0.06767659565446241,0.0712981120889459,0.0707989518791347,0.06525934677756845,0.050146017571264606,
0.02698656617040557,0.036833530235400515,0.058953130784006706,0.07711380942185359,0.0832799311055202,0.08454155000317823,0.07968965396066148,0.07478468544202231,0.061991954605870696,
0.024660817681250693,0.03466222499390205,0.0483559641053035,0.05913873668352237,0.06473242528683515,0.06704565408374287,0.06469512741895893,0.05842820939645884,0.044763831075792425,
0.026820069604517556,0.03675100773552451,0.0537587859947351,0.06608260529551681,0.07454195892650202,0.07646741068913981,0.07780818858165126,0.07430400628300157,0.06635931874317962,
0.028702656047758696,0.041175335082976196,0.061394864933111734,0.07669076268398999,0.0875512529145946,0.0940479530520229,0.09184417232540151,0.08655249920069419,0.07561956577452111,
0.03737588922894948,0.05063838520308118,0.07402324824866142,0.09606997826054477,0.10715963920785158,0.1086253809536321,0.1179338658771361,0.10563444286601047,0.10387083486184807,
0.02501978486243526,0.0350157089932126,0.044245958231160266,0.05433843142854396,0.06149131901384784,0.0605439476910451,0.056033599678174,0.048294702817300104,0.03285491913475106,
0.029244068228528868,0.04620464169301279,0.06277163759380272,0.07448468128292027,0.08183365986343502,0.08316793521174776,0.08500493728311477,0.07634059645314245,0.05771833144475261,
0.03093784788138182,0.041355159451242136,0.063492942786745,0.07894512374545265,0.09325704891046248,0.09843710419114673,0.10100436374673342,0.09199667657332104,0.0861457750519612,
0.013989996594455057,0.019200677784961515,0.025813912619882817,0.030751310423176227,0.03411363920316047,0.031032218301950795,0.027366639855457783,0.021786697822529053,0.01700193701434463,
0.0277430616461347,0.04925745396925901,0.07221231473073798,0.09040370287808887,0.1024323125687115,0.11558646162569068,0.1081636156442441,0.11146512183373027,0.0927522562411336,
0.025854940591330165,0.043293825524486004,0.061709703616673675,0.0699754518232141,0.07807262064053101,0.0793813832883216,0.07516096846808795,0.06857043623262955,0.06230241023718433,
0.022604992001373243,0.03444650291406009,0.05065907836279885,0.06375242898872067,0.07373547874720877,0.08073686160919383,0.07667910758449947,0.07386888808319546,0.06125095011709766,
0.020645733962220175,0.03079797485060122,0.046044186255699365,0.05931700140951891,0.06128736863574362,0.06625045242529792,0.06124347186303357,0.05778280162561138,0.047150218919687174,
0.02658102312327215,0.04415907229753066,0.055664771659600085,0.07245074304808267,0.07668844045244169,0.08044613087472188,0.08023372443717096,0.07440853944171724,0.060846546255255256,
0.014326980546539494,0.020463894845316712,0.027363623058680453,0.03648086180956472,0.0386540446166143,0.04153979506243885,0.0386242447062324,0.03631713761628989,0.027779643222479035,
0.019694964521653754,0.03012125738499618,0.03909196980640667,0.04793193167526907,0.05486370539227254,0.0572045762734883,0.05866975238765979,0.05395794351460508,0.049215761164721095,
0.028842219334760742,0.03981142890301268,0.06276212321080676,0.08441904231954418,0.09385515709855276,0.10095290121837781,0.09868337023245857,0.09529338286445418,0.08509159348219031,
0.028982663727179624,0.0448985389810136,0.06403602440817756,0.08146604288711254,0.08938786523469047,0.09547039159392502,0.09404036191573206,0.08477605163902492,0.07262179843644857,
0.026603458496220374,0.03669075721398271,0.054630417736792954,0.06702349825268998,0.0781773271111349,0.07971443130365992,0.07312295566770897,0.07016005575491471,0.05687602582516437,
0.01166715056734603,0.014924362427977145,0.018781076102566324,0.023691652118400932,0.025989472910689804,0.02472010503805349,0.022358022672222172,0.015863863074004177,0.009628307498299932,
0.030031449667589756,0.045792156559091746,0.05609258636741563,0.06859737140832671,0.07756036536533613,0.08144104249485801,0.07716246080693842,0.0727418846662262,0.06198034573728568,
0.02800352853077716,0.04034126766169824,0.05324104561509458,0.06989815703285975,0.08202664710339198,0.08253487880478712,0.07665422659970852,0.07482508950800697,0.06104802258881965,
0.03102165292732177,0.027910034808146387,0.03609817020840179,0.04300420604140044,0.04446536884575353,0.04291219345291072,0.03980034822103109,0.035248783343936115,0.025127906195201326,
0.026648829747957715,0.03652906666268558,0.05230423315799026,0.06336744393576775,0.07443358864176926,0.07992438798058896,0.08661110508506992,0.07709888418896121,0.06788710077179445,
0.022998802632152506,0.03375522536634519,0.044871766281716505,0.055112690150968674,0.061931233470441396,0.06382583996576024,0.06198168428983437,0.05284439314437879,0.043473950061128634,
0.01644615434134232,0.02539008987489859,0.03399712896505174,0.03934542495022974,0.045169355338385675,0.04620824951276825,0.04214923394998771,0.03638784883176904,0.027900991770052883,
0.008963220067978936,0.011162147499079181,0.015835172172972298,0.017831958776009002,0.018284072085239883,0.017151356235621702,0.01380506281512663,0.010996963691476123,0.00667994218090967,
0.016619324850679212,0.02225675821151531,0.03146780370555223,0.0366245639851437,0.03955784756660874,0.039440672886700154,0.036825455032257474,0.03167827120696652,0.021562697790428312,
0.015331670506099033,0.021959012891013027,0.027594487892813768,0.034978499355440486,0.038489636063882254,0.03677821472016581,0.032889994043646335,0.027290268923133885,0.020000040374419076,
0.02407274484598836,0.04046297426860922,0.05397613925964472,0.0697942295618703,0.07995762468699115,0.08524615127151053,0.08376024640074595,0.08135557838979086,0.06570645950688438,
0.03629860111299796,0.05000208712855621,0.07129829733027832,0.09202815310991264,0.10136447679392756,0.11023516024359176,0.12012649965706772,0.11399337637742224,0.10402387235208602,
0.013086218142870755,0.01743385179210732,0.021078797231529004,0.025258531763134782,0.027973407501886954,0.024991964671855237,0.022192362959234452,0.018388638687697936,0.012314041665342388,
0.024650078808315934,0.03346069539815231,0.046098024995545016,0.05629637461422151,0.06153535298950422,0.061011761987393484,0.0581897597590017,0.05063951013430572,0.037202647200459835,
0.08306524418700902,0.03813475247395886,0.01987719323854548,0.01617159453927098,0.019396696378036236,0.018557294932054536,0.015848739458682082,0.01269495862702653,0.00824841624633135,
0.025735163372421013,0.042224092881784546,0.05777902868474745,0.07287578576082657,0.08156693765299704,0.08701921283890451,0.08574863967129488,0.07983597126927375,0.06721332923586475,
0.026885397418698765,0.04181208350263824,0.05659089004257839,0.07265574309687367,0.08286535399069749,0.08572255306251676,0.08948619606915241,0.08134003621086691,0.06555536552144275,
0.026020823855369513,0.037710052882774944,0.05529944510682783,0.07144176083997651,0.07586865477050324,0.0839771903474438,0.08321275498230692,0.07542385681022369,0.07269918721210641,
0.021511253331909775,0.03401392593780839,0.04755859144275402,0.06117566219950124,0.06784277490449094,0.0716597300297937,0.07152411993256375,0.06997692476511619,0.06114746763221066,
0.02384611613152929,0.03237001039235316,0.042479740344993994,0.05427526020106682,0.05966059465985418,0.05835670733496207,0.06040647038854,0.05306277317780155,0.04051483633559435,
0.02067274147801999,0.029525613438563296,0.040035641212671905,0.051248965046022985,0.05690151107048717,0.05788507564840171,0.05643690249341218,0.04966491652434633,0.04188951678175541,
0.019917727126361154,0.028639066453152968,0.03887754511015823,0.04775037731807233,0.05357134103834693,0.05260703246424699,0.04890086728520689,0.038834764141666846,0.025883919817377445,
0.02226208392594381,0.03187306909285505,0.042274158372621565,0.052775126199135484,0.05904156066148463,0.05907412794071045,0.05743711580643297,0.04815917668797493,0.03556203688990922,
0.026738456354778666,0.0414863018329606,0.060320812694185724,0.06946988876796607,0.0812087780337583,0.08334222837720716,0.08247655403020772,0.0750607286513117,0.06431640879956872,
0.02580891968928415,0.03385588796653183,0.0497025226310623,0.060906880962993265,0.07102048868211142,0.07285612257729486,0.06881309967315515,0.06417445249889757,0.0489001791514442,
0.028896465712614696,0.040519248200439846,0.05858794519653456,0.073850860088581,0.07924546857779954,0.08425809388347832,0.08123515724288907,0.07254645778030076,0.06004035502720843,
0.03437539815254745,0.04604442565600503,0.07484439562948261,0.09024195013015986,0.10400039181544543,0.11116898267493928,0.11466185739606859,0.11673205150579774,0.11028369119352649,
0.02514075904657553,0.03606876912716201,0.05421923509326329,0.07728723805980948,0.09180154815785613,0.09640968525566293,0.09934784534332397,0.09711053093606581,0.08150927863258746,
0.027389308232462755,0.03635115982326189,0.053014869697624575,0.06771716774195914,0.07416615394863045,0.07962648225133682,0.07668549781375296,0.07484484911910558,0.06323523937399525,
0.023481056704328207,0.032919712864356,0.046593598198355325,0.06228630542660715,0.06743409012958011,0.06736261392569205,0.06701790743646621,0.05973998534554967,0.049633042780994556,
0.025457156963599497,0.0370864457043444,0.05303307490114775,0.06730955892312288,0.07000591683822956,0.07543336342437477,0.07281219115561786,0.062230355252278796,0.049333787601788,
0.0215510558597237,0.029467350122308042,0.038115689558934615,0.050024622309781185,0.05247452369457926,0.05506753046491418,0.048751128185028796,0.04256019076435074,0.029696855310779664,
0.03257250067966097,0.0530136727791033,0.0742957740116,0.09377210733464397,0.10324877557626493,0.11134178532884033,0.12314911182934725,0.11450599063936948,0.10615352579419005,
0.029390350457565093,0.042352123555666,0.0617103477978928,0.082696451074268,0.09073754353948647,0.09748277336751855,0.1034559864498737,0.1023710293470697,0.09422384347087412,
0.025535790490269886,0.0401596855108716,0.05552881437109492,0.06829979605621044,0.07674179099387998,0.08290957434912583,0.07823952181973688,0.08156057575353348,0.07513981543278327,
0.015057802298887838,0.022178651305461042,0.027662085726076254,0.036086621342718984,0.039762203027518817,0.03646571961879454,0.03262026161405332,0.030427525070782155,0.022915980654949968,
0.027585794838896543,0.04276953128798298,0.057598827395221465,0.07377708251595894,0.08527654576392309,0.08698124080504159,0.08541186239928669,0.08418420551907181,0.06934411966831777,
0.03009384567311727,0.044951453994617925,0.061207872782216524,0.07656012776529307,0.0900816605995189,0.09584088345259836,0.10271630904002603,0.09713707255344585,0.09426061501924841,
0.02262543803771742,0.02774078703795903,0.03580160641652922,0.04931056472163655,0.056596905605442976,0.05738623425108327,0.05746102899878821,0.050610567212981086,0.037458712513636874,
0.029899165141891663,0.041773309091493745,0.05943551306279236,0.07213098218381798,0.08286091407365606,0.08365609820305851,0.08500180778378472,0.07940932449784326,0.06550270934248022,
0.02900562759443301,0.020812680975522933,0.018399875276253305,0.021660747364541683,0.024051354437360416,0.025864017538488722,0.023405715897666202,0.018270802267254464,0.011792345242047282,
0.028628382033315025,0.045209277739906635,0.06619359531157082,0.07762506953382939,0.09391880101122867,0.09601486871215589,0.10041508964837946,0.09576426974386101,0.08447057467167997,
0.02030331995544474,0.027769238298212852,0.03624418615672091,0.046473099898519284,0.04999758222161411,0.05411577231467412,0.05115978899137743,0.04539510406221581,0.03625258599650377,
0.03265608935348662,0.048778646558650045,0.06755085983732327,0.08424624330408541,0.09068815534459847,0.0973131644765029,0.0893200237395821,0.0794047722604178,0.06181731231427857,
0.02786535057497517,0.0411776161819491,0.05794173508584291,0.07384212764551028,0.08190053734065497,0.08647431816729031,0.08650243966567384,0.08255018626056106,0.08056509291972343,
0.024784948355885357,0.037885436415570455,0.05399233030032628,0.06924572941103663,0.07465051672435373,0.07349257132733425,0.07233800728360837,0.0652079491389829,0.0546118429663498,
0.03341426696783659,0.04405498000611399,0.06038765126461841,0.07591816448169961,0.0836931131119553,0.08347985357190824,0.08439193888204251,0.0764750989091781,0.06333728377275746,
0.028071108259511587,0.03984090528617053,0.0545913912542148,0.07185830324537942,0.08224235574105172,0.08509698122255915,0.08487029927850734,0.0795458094990199,0.06904331812907946,
0.0243202371951153,0.03821749527260217,0.05420650555861328,0.06621988047138391,0.07382039031765412,0.07523772864871059,0.07516023535681976,0.06594678268010896,0.052124681807398245,
0.01461733163792567,0.019279085719853692,0.025877918172582438,0.030383069616554313,0.03352353312379258,0.03300824118169481,0.02940680761392775,0.02415342809095775,0.016053839713374443,
0.02461575286187931,0.013540500391081213,0.01819470491472067,0.02151190245220219,0.023076317236113662,0.021870778295859254,0.018499755597929154,0.01469196973057593,0.009988177462154073,
0.02541015120599384,0.039743108551671506,0.05533914710351989,0.06945024114116004,0.08061279912661293,0.08215313152492991,0.08641951532800632,0.07997826307492531,0.07105655031351225,
0.01615244092222641,0.025535920253334492,0.03615070180794928,0.04752276780376707,0.053260704891032344,0.056874183658186514,0.05467011047893427,0.05002595254351995,0.039813324099315886,
0.02335298696514153,0.037226604686373246,0.04970685573026328,0.062316488020787,0.07234016930534311,0.0721683703827,0.07174612256774156,0.06885372503674159,0.06009754406187657,
0.03241013220282132,0.05021861961616561,0.07207230011467819,0.08985975756066013,0.10232306639278539,0.10319309905396537,0.10592591192593302,0.09832611117044401,0.08925624495120224,
0.024802995888556584,0.03451276187316005,0.04719967268409428,0.054996549761520866,0.06384937466339707,0.0666544888385897,0.060976775158591755,0.05954892763476605,0.054799683087657924,
0.02306587112284192,0.03427126286002383,0.04932421576272714,0.06217842771801327,0.06989702020874014,0.07312529529103383,0.07055297088863029,0.06603022885766933,0.05183056995653148,
0.021621166023620676,0.034302301824695854,0.04798529952077837,0.06012889512456224,0.06879245425712992,0.07149140809515722,0.06673040994338961,0.056739331976517794,0.045696821221324985,
0.02430723917819733,0.03680996333850261,0.05449341226946794,0.06493109381403178,0.07674101233590161,0.0788749718971953,0.07917252080880931,0.07330955027021276,0.05844189752542831,
0.020210670487313738,0.026559027613489657,0.03801340916077545,0.04505138132924747,0.049893162232666,0.050212438402489824,0.050106797396076014,0.039535298536770784,0.02987500041140103,
0.02218580969476501,0.02974332381896673,0.041938348855611485,0.054242035385869775,0.060659479439549746,0.06377278360401151,0.06427000341786171,0.05326009111188606,0.046774384167242326,
0.02652200107447061,0.04340637515545875,0.05992895078500517,0.07453882948081571,0.09000777886128931,0.09811696314232823,0.09861772965469748,0.0950508953090483,0.08909099390806409,
0.017560451744434526,0.02179781560247016,0.0314089287942527,0.040057071413835736,0.04356898002303704,0.043925434639308904,0.03895839596658105,0.035599351469080276,0.025265782792501384,
0.019481640460990927,0.02611906389549289,0.03675672376528325,0.04503803739450748,0.04789314863292607,0.05264694446792089,0.04732526472910694,0.03887946764588785,0.02964478141045741,
0.026479246561762756,0.03925578035132355,0.05117949322555424,0.06672240571396092,0.07241596264246256,0.07656385902747234,0.07703692752288353,0.07342963755656716,0.056468964232333,
0.022048311647971865,0.028448782081551542,0.03824821695150673,0.05038180136450644,0.0559626585194849,0.053404620856353995,0.053387807465496484,0.04806515857772056,0.040076830759079946,
0.025566349404080112,0.0377638794575184,0.05034939807172051,0.06461978716684316,0.07233161574871498,0.0798653378818452,0.0797456321208483,0.07487933333381938,0.06069465421845279,
0.02447041014110603,0.03766234488769982,0.052890314134611364,0.06602036093932001,0.07408324947231425,0.078089727748742,0.07882776679136126,0.07235709163715232,0.06163803801012369,
0.029392089930102377,0.0381667426032828,0.055715389740292214,0.06725831654341444,0.07517560985827901,0.0740211450035932,0.07245300406393505,0.06006681506672962,0.04852583236097245,
0.030643405046585324,0.04469172169140563,0.06788161351777983,0.08638394133913481,0.1005722073699843,0.11174435743048021,0.11915027574094364,0.11707892514573318,0.11136108627166108,
0.022621325923537515,0.03062937018186139,0.04374196167355487,0.059720261627127416,0.07033991188386524,0.07261392306011684,0.06794389985089984,0.062108113596401886,0.04910414230583233,
0.022169136173526602,0.03143385401858464,0.04370169243402437,0.056164014315559,0.065709555902276,0.0692055230932891,0.0663334489885454,0.05977713702809645,0.05654791812905839,
0.01911476760258608,0.025439010976968695,0.03781357147404922,0.048261964595115864,0.05397506140141834,0.054402658411881674,0.05278700476232892,0.04587052812230261,0.04015649972025178,
0.027050629525772075,0.03597965236313438,0.0454065606596836,0.05444538704854916,0.05866304534055039,0.058765434335824984,0.058912109454732166,0.053989830529462615,0.04318354409141085,
0.021498676977689743,0.0315521854801552,0.040417814205945334,0.050418252888966404,0.055961480119101265,0.05290090506932416,0.05222987774873696,0.04714834256349797,0.038418990248524035,
0.027266768792505447,0.034880750620902075,0.04925552158397427,0.06308482794444142,0.0708968350775678,0.07028593020244568,0.07118788234031555,0.06454322266840075,0.05642304755889646,
0.0211279182539207,0.029553865301315367,0.047551432178565944,0.060279087788883925,0.06499015733697228,0.06781567668288935,0.07197412455098101,0.06468149239491316,0.059306326897992076,
0.026975843140651063,0.034572467966021474,0.052720499541182436,0.06274993546285165,0.07071936578249867,0.07370670540166875,0.07148783033680563,0.06204308973990094,0.048703645140567256,
0.0314495534727122,0.04824946797275336,0.0640036768555552,0.07990328289964337,0.09280725100207439,0.09283657327856996,0.0905664453212601,0.08244521975221716,0.07636075210166614,
0.022385723422162655,0.030006025037356856,0.04114794791341741,0.051948672453111557,0.05444885961435458,0.05975956074343239,0.05367825954429834,0.047800396414999044,0.0382622858007105,
0.022690762116739014,0.033143122965030074,0.04991675479846782,0.060917191171532395,0.0693587308629216,0.07681484897050925,0.07974964510850172,0.07431530494647531,0.06224383117344512,
0.027684634500931556,0.03838631422387536,0.05609418908907833,0.07136663886590634,0.07889126493805285,0.08393209113052945,0.07714724505257667,0.07353490008962969,0.06779553605694129,
0.02521105721054415,0.03571749115371016,0.05170254990419728,0.06628825853349253,0.07041294258853853,0.08141042593099058,0.0710340727616096,0.06457037139652105,0.0535610334793848,
0.02607618864082925,0.039896037927474315,0.05864208864687686,0.07562997541708234,0.08084156890003547,0.08492972297029831,0.08483637478402738,0.0778830195392392,0.06879533800809884,
0.028664440213857043,0.04023402290621106,0.059514845017784625,0.07823099550110844,0.08416811690114301,0.08627589667406936,0.08834725475484898,0.08277936024944135,0.07110452515592693,
0.020525598795140362,0.02901985138406845,0.03927474986788091,0.04953635369059263,0.0582731597912147,0.0623107004670352,0.059710519564778394,0.053485269639924435,0.04651793134507614,
0.01780834035355744,0.023013141304916794,0.03711519183597051,0.04824455941395588,0.05093202038606644,0.052456070798597994,0.05377910484722953,0.044393031920370606,0.03420080364873188,
0.012499890107036444,0.016214827434156358,0.022151391228897897,0.027331617354861056,0.029967969992388828,0.02850870927997947,0.027367744121537606,0.021077905379249924,0.0162715118577773,
0.01900768875332832,0.02270804985035408,0.03492794396559556,0.04580468021791385,0.04989095734724321,0.05094579521897603,0.04581121732461623,0.040400596313644566,0.031218576551360747,
0.030011680051254316,0.0474713166386077,0.06306192004067358,0.07473752172392464,0.0817882523294675,0.08336356793303575,0.08387657117933901,0.07662331719928446,0.06719917298181823,
0.04478352417661032,0.04184348891070895,0.052533259486131925,0.07063412806689005,0.08425018697151834,0.08270144380472083,0.08372663428951695,0.07768450225258794,0.06974530087831923,
0.025601278912942567,0.03637173836762182,0.04637811423700021,0.059072071299258774,0.07061927657340834,0.07493241007537634,0.07025069603804092,0.06761469410423308,0.05213764152297362,
0.021774642658314518,0.03092951660280269,0.04036698279524627,0.05221968975942294,0.058852728178908964,0.06293424538680288,0.062176944250047425,0.05662637415154957,0.048369792913406054,
0.019974189707410103,0.030105999685514955,0.04377981907538744,0.05586883169056371,0.06279281555767181,0.06596045876717578,0.06241516394895986,0.056412105243010276,0.04892300999940171,
0.022368234290574017,0.030802082873733524,0.04093554206072922,0.05393239615932312,0.05902177941077675,0.06040320456400368,0.060181796264313234,0.05005493343829401,0.04086021911408717,
0.02302430027977883,0.03479945187474594,0.048077620814292434,0.05551849775378103,0.059896493184232506,0.0628316189896722,0.05641657713104265,0.05162993790751713,0.0444718938246123,
0.024010617920162954,0.033209962089888544,0.04951431344865268,0.061402735961464505,0.06704973259422936,0.06647873837802276,0.06522891092031752,0.0586488094831428,0.049790495406506076,
0.013121800595489487,0.017505379575050013,0.024489004833587444,0.02996689760628265,0.03291185322571919,0.03141740916065007,0.026789408847452265,0.023290372217469782,0.018176955006673105,
0.0268530043393384,0.04128437325632493,0.05686173927871186,0.07107250028713344,0.08260124917562821,0.08200212910893835,0.08448757616667098,0.0772010624471062,0.06857458047016485,
0.016230516303239472,0.021313979375070177,0.03131525553083637,0.03949775700019264,0.04459241210839203,0.04786592746759336,0.042427711421974074,0.03393314773880379,0.025089741875949142,
0.019850669371736667,0.027707699664056687,0.041320772656267934,0.052548856124488265,0.05644337645621378,0.05663858109318938,0.05587345693359566,0.04678417998610813,0.04145121501646526,
0.022438621323810415,0.03852302557895405,0.05195471239230675,0.06229357594816042,0.07088570364309169,0.0776374659163745,0.07586901105807947,0.07103930972603671,0.06529523257978047,
0.019731247999818124,0.027803340144877467,0.038764234172879025,0.047185900682415106,0.05536922464362687,0.05725703086974971,0.05552324822604868,0.05261408940912327,0.042194938672072586,
0.01696130350468754,0.022564763561180978,0.031027762284266878,0.04017444118044668,0.0409040746297188,0.04266270215445199,0.03471735827960056,0.028211663577883465,0.019455544206402046,
0.026578448074913087,0.03547172996385214,0.05558682834167058,0.0720506654368181,0.08089530026527925,0.08644383062707733,0.08415322984374624,0.08045226094720795,0.05500272467272239,
0.027116798836349966,0.03875027261608745,0.05247648672983779,0.06907550781456405,0.07885146144013763,0.08139375029642788,0.07454832299648187,0.0712751885795498,0.06395401194543932,
0.02518787665412829,0.03313660650702735,0.04520615404138752,0.05995186424469194,0.06804585573806259,0.07506426598227021,0.0676520075101007,0.0663113553716288,0.0498975312589279,
0.024194369821790615,0.03730455918522597,0.050201121061097476,0.06525073940011727,0.07325089721534382,0.07470689550065811,0.07556135602733806,0.07061203738213673,0.06124342110309363,
0.03121430937154122,0.04945876628041381,0.06880975333589116,0.08428954617667574,0.09551075618870979,0.10317171256636802,0.10339597562905709,0.10074991076471183,0.08640393286126585,
0.02806028851683701,0.0393546272557367,0.05272678016851232,0.07246203544100437,0.08162254147327845,0.08381367395198959,0.0827725134472549,0.07749804568628173,0.0644762977857781,
0.013869014517154997,0.016969121375511053,0.023764448065019334,0.029894618784210382,0.034266544285428954,0.0342486171745026,0.030753714108209047,0.026569141577845772,0.018881549839066963,
0.026172707259212148,0.03752551766515731,0.04944079041459329,0.06221028557325069,0.07140309439901796,0.07283472390840581,0.07508673094268702,0.07455535807562384,0.06988906867620659,
0.024557055383300868,0.03524023511860722,0.04709053245520454,0.056379554050915555,0.060371931679659985,0.06094248929840932,0.05301383460062368,0.045072289637015046,0.0351537845818017,
0.026236864092192842,0.036931129506994925,0.05250217392082212,0.06533519139703649,0.07401427843663456,0.0785778048082619,0.0784852134430173,0.06899375022639727,0.06015412794021871,
0.030930330224540142,0.04609305505658847,0.06141517329117171,0.07527033930984808,0.08741215088677096,0.09067523973675927,0.09436035076114783,0.09108309311859306,0.08587357264403746,
0.027965305448039168,0.04706794634618693,0.06799817355921484,0.08967521588782296,0.1003727437227512,0.10499909672254637,0.10221126962257482,0.0995379421947047,0.08574557667712202,
0.030554921972244065,0.038112664830826905,0.05746677086491887,0.07066365504108141,0.08507713059054126,0.08614346470876533,0.08651766313624593,0.08579931949167068,0.06597536569586826,
0.028396674673096787,0.035174972936776856,0.05583796359051089,0.07037470967470125,0.07899689375271199,0.08759933096521005,0.08508747092761769,0.08535364085289297,0.07607090202801217,
0.02032462879349095,0.02520503930759311,0.03743619264114618,0.046423839523974275,0.04839101911609992,0.04723359594220898,0.044114231337371135,0.039408171306245625,0.030636088440912902,
0.033327466070202205,0.051102335725753706,0.0674783048882788,0.08691909328453598,0.09935130048875451,0.10281038158834764,0.1028145972837429,0.10007565297831802,0.09538302651072895,
0.02610509903943835,0.03866229728920716,0.05028930294327827,0.06157053213651529,0.06632589496568615,0.0708075536912358,0.06405790970543941,0.05770834908389455,0.04617097916257648,
0.016691967258754083,0.021694697919755337,0.03004307218961925,0.03753637099211008,0.042201974778717045,0.0452657995683204,0.04022444917216914,0.03582483923221994,0.02805272082030398,
0.02515074073517772,0.03329415999984374,0.04327144810974003,0.06042791465161758,0.07132138322831182,0.07375387523818759,0.07484328873462306,0.07227801760470033,0.06785103846360971,
0.022253544908514968,0.031976214372208184,0.04453691438038639,0.05447732452603366,0.062338162265535915,0.06509387801122164,0.060124195237542165,0.0552213758128553,0.048042694478376065,
0.029507668981538546,0.03758396557911369,0.053235864616093864,0.07061628309938221,0.08209861907332139,0.09297511913733429,0.08806699255745888,0.08142359053785232,0.07287623055190794,
0.019442619880314718,0.02818217832640937,0.0353560852666065,0.043380765690445,0.047361721886600504,0.04795031909651211,0.04075992391138138,0.034984383705872965,0.026182986800388035,
0.022844788435753504,0.034229306734854456,0.05236339289134048,0.06407867642400508,0.07223166507372901,0.07216104806604125,0.06834191088807319,0.06158904996883365,0.0543337094158687,
0.02603069191704991,0.03531373077632758,0.04541692047497443,0.060885288710485264,0.06620519357697763,0.06470967617516983,0.05707772234412365,0.04956378395220648,0.038602716535448944,
0.018732992101159317,0.022679640526950144,0.030178331952605247,0.041730056723770365,0.04437124981970107,0.04595876275224334,0.04297106080854506,0.0387276207414744,0.028513597907600125,
0.028241817302439715,0.0391981526353458,0.053365435696682346,0.07113940638436506,0.07847836193325022,0.08264459015227092,0.08086480601474863,0.07600438935059645,0.06331510761691331,
0.016464498374125388,0.021475071907877077,0.03269988874885554,0.03989432738963408,0.045374297397757446,0.04689248173354288,0.04311989113793893,0.036352065296142405,0.02756294231409322,
0.02524899091418629,0.04185264774162748,0.05811341658926083,0.07436003393899224,0.0819218002881728,0.08670532637039226,0.09120267486168405,0.08396579464122168,0.0731553190271755,
0.029912989762909816,0.044893301954752274,0.06815778162281287,0.08641146775782282,0.10159321231323822,0.11202451816391228,0.11045359396896022,0.11034642139921265,0.10136679020682102,
0.02172398001061743,0.026379013438734965,0.03830592256519805,0.048644631184119456,0.05076392434696005,0.05067281374423255,0.04549600199143669,0.0391844732807298,0.027302613025042194,
0.022958570081893684,0.030311341427482586,0.045124606849482135,0.0586987981132382,0.06261182998729925,0.0661440187214069,0.062443831063925356,0.06360010598768323,0.05273852478236029,
0.029718193758593355,0.04781236080456127,0.06599663035629531,0.08268363448347452,0.09757351624170997,0.10159604745830324,0.09546905525857338,0.10381656474386573,0.09941640400630494,
0.015210632811565141,0.01993889542270212,0.02628827222371939,0.035165178920375254,0.03669693450015486,0.0384631572699503,0.03267727351923585,0.024742105624301097,0.01929699362589384,
0.025658069466817437,0.036509639715971834,0.057620431062388955,0.07065879739338103,0.08038251592316648,0.08361687586177098,0.08008621028126017,0.07227209645501322,0.059889393107824436,
0.029621419680030937,0.04282145690125419,0.06051615166255364,0.07434192618859076,0.08795765592016437,0.09409189468434555,0.0994536393748699,0.09888691321798922,0.09552036875334612,
0.022008972324394988,0.031970700716557506,0.04680335744735898,0.06112418750863189,0.06808995957841989,0.07620098771861294,0.07116797353640648,0.06952868441546321,0.05560166253115428,
0.021414116462168665,0.02749028735395978,0.039886292764547054,0.052230591815520463,0.055674776312877476,0.05862973586307857,0.055891877946275266,0.04849817330564672,0.04011965904523135,
0.0302596851287367,0.052736500500844406,0.07235692116963868,0.09027113827317013,0.09702888925451521,0.10389763715552854,0.09625226274279414,0.1013251035601683,0.09239425680764214,
0.013502947768821386,0.021731321426030993,0.028844635238804532,0.03724906788891987,0.04134917289110934,0.04041627685391914,0.04181979347273986,0.037357314797280404,0.0270689799794181,
0.025999585449562327,0.040572416840973465,0.05598386872917854,0.07004920657310884,0.07304935865689907,0.0807843802641685,0.07639889854280489,0.06993881646253326,0.05888197352872414,
0.024574909384390234,0.03779966153137235,0.054424106928949466,0.06538749783227976,0.07357056072993658,0.07918746527834795,0.07554618646020858,0.06774164453537779,0.059688271320877076,
0.035071358295220074,0.04681670278383409,0.07275007006069975,0.09120004222707817,0.09528931759653377,0.10112902387704752,0.09860125312529124,0.09806023425874281,0.09139934407588132,
0.0202298879159155,0.02797446135078328,0.0389547317358893,0.04843839314793751,0.05731032273837446,0.0558856004034672,0.05739459729736536,0.05007845906078789,0.03875167163240508,
0.011902757889063389,0.015438152524923353,0.018915700582704,0.023576892008949274,0.02434011685094622,0.022635858125039095,0.01911775513992727,0.014392217297840364,0.009317680651060173,
0.022201126460666427,0.03305990112310336,0.04414325573356263,0.057497686892824695,0.06494505325262284,0.0684628882650311,0.06332853868379161,0.06092865992100299,0.04833890086230363,
0.031316354431771935,0.04964318132781056,0.06168421282235534,0.07883091849144408,0.08610050678030244,0.08793867443301039,0.08803861259870363,0.0826618517035228,0.07256051191570499,
0.035689349824563954,0.05689767592385411,0.0734100687430454,0.09405935509392124,0.10065429933481453,0.11136415897921557,0.10609509341546194,0.09702018508795283,0.09366735794744993,
0.02441641983971907,0.03162276470666445,0.04360567387145899,0.055924130982106884,0.06125310576115102,0.06215248185867712,0.060310285776991705,0.05020822225600612,0.04032634795141496,
0.012204438063883194,0.017525536462440518,0.02237881025559792,0.027172619719188787,0.02606590842153535,0.022517577230736146,0.017103268948713904,0.012211470685536326,0.007807332098743462,
0.02293078475265266,0.02907486282254682,0.038271344790821796,0.05002931128782925,0.05594189577371585,0.0617929197522716,0.05421412386845078,0.04400645050397999,0.03238248947885293,
0.023501359094028652,0.028655815700406782,0.0395555035643894,0.049881157902450526,0.052547947961577364,0.05453362417461854,0.054849157270766585,0.04347794698146529,0.033782438244257446,
0.028241144600782805,0.046721053391522833,0.06671901738922324,0.08201412243165161,0.09171449677005195,0.09375684948130729,0.08644170413441926,0.07422267946013338,0.06738733809190453,
0.011577431813948972,0.015008768136512203,0.025108230254981382,0.030935206570222487,0.03017289145153141,0.030198739204795773,0.02331415226823575,0.019311981741116632,0.014745211735295957,
0.026991061681509054,0.040455875517521445,0.056258212671181494,0.07346364828503911,0.07767537693238352,0.08571343016640251,0.07667806260604818,0.0670597025667167,0.04928577607046875,
0.026380111049980604,0.03825511257199849,0.057750289021296294,0.0712840403045915,0.0777534597853989,0.0820604967306753,0.07691691836308195,0.06660559657666723,0.05364568599031204,
0.02969850262429323,0.043075783016170516,0.060575510210801445,0.07711872972814686,0.08512328928127118,0.08563309332183805,0.08050261572347586,0.06837892688119798,0.05798543231701895,
