0.006777627242929063,0.018231954542553046,0.0289887208830089,0.04003011548516658,0.05138745859339978,0.06188138815583479,0.07152191621435948,
0.010324733859847666,0.025256171898616543,0.038613870157257715,0.05223927991743286,0.0635436481984817,0.07424876954702483,0.08651829238609304,
0.007878490873600938,0.018549665282252378,0.026733236240659583,0.03454122900223754,0.04191791384353704,0.05231534252040007,0.061882398480950465,
0.00037277534610915007,0.0007823665193904137,0.002062873632373183,-0.0003037395682368539,0.0020286556281845416,-0.00018840392312371881,0.01200817109768982,
0.007407645529118465,0.01785826832899457,0.026270553622017533,0.03518158005990643,0.043197243490946106,0.05109175626824519,0.062261068530813306,
0.008755266854818968,0.020433700369467057,0.03102950466702407,0.04293102570595442,0.05127756621495,0.06085538619594739,0.07413082447540285,
0.009056036506734368,0.025723867988247967,0.04124371768315848,0.05730627156421405,0.07286101475716748,0.09252973630650353,0.11561238488584297,
0.006658465448006782,0.01386718143537,0.01985119128044594,0.02704630255438425,0.032576905703700046,0.04046742537507085,0.04761110239914224,
0.009547079531566091,0.023652115988517526,0.036934942368349634,0.049952242728792486,0.06190974832579482,0.07319989106798185,0.08631929353625704,
0.004767947235089376,0.009450849312713252,0.011643826283485285,0.014078197510919575,0.019582961805691284,0.022866891093185567,0.031152867934444523,
0.006832810427935564,0.014746040650580987,0.02118443182850394,0.02738077617174477,0.03293925656929985,0.03930028031438674,0.044850819912051504,
0.008932697951965838,0.021814223956577287,0.03298225148274755,0.043758641136868934,0.05431066428637593,0.06773587595805085,0.08115954705858645,
0.005490704434579454,0.014928695034615686,0.02383139763588263,0.03279837401906293,0.04067674695589397,0.05201318407527919,0.06240619005697892,
0.004858948418716869,0.013935136006300029,0.023614894182405855,0.033149081446952604,0.04240256240611994,0.04961668689838524,0.059969207239375294,
0.00647864352095421,0.016133876859418566,0.024117151067552,0.031312585282679446,0.03734183430839092,0.04325401839174911,0.047681841721957406,
0.007069394878638406,0.0164603333639201,0.025425603704110684,0.03378771219867315,0.040917627614935476,0.04926274167246232,0.055202315079829575,
0.006287517581498147,0.015808274709705625,0.026187673166142875,0.0350788026199651,0.04503099545382717,0.05377737664428361,0.06159317258555764,
0.003150777373626807,0.00907019907074613,0.01508812999351483,0.021015908154367265,0.026721393940448753,0.03103457667117157,0.03694918107944553,
0.006941560915328857,0.018313035814671093,0.027635267408137893,0.041483433334663984,0.05704952944087583,0.07710654711755367,0.09176998917721763,
0.004483273162614713,0.009784575276604788,0.015363837895825348,0.023433587261383327,0.03259343445014019,0.062467370475171535,0.09459340633863887,
0.0062009720184512005,0.014864713185062712,0.02456129296215766,0.034217839929297604,0.04358168955371325,0.050792661121245246,0.059556689911201915,
0.008379711313004072,0.02003394667226654,0.03049439710739333,0.04019077794467895,0.04905412269361578,0.058074977510289984,0.06824151918646165,
0.0008267267905999965,0.0008805529501409574,0.0019094723571322564,0.0016597184119667456,0.0020413126904261993,0.0018337368086600505,0.002781353523485555,
0.004715266318915281,0.010205674799082855,0.014161788273560754,0.018234173029664073,0.02205453859888911,0.025321807668756517,0.029299835289255817,
0.007416470144667477,0.018006881147331903,0.0274929930019181,0.03508023686635663,0.042892341562958104,0.051151202924040164,0.05805500146465451,
0.007284757547755924,0.018964538668634807,0.028873450159931518,0.039712599520827424,0.04872567948620648,0.06018479650523764,0.07032043665653205,
0.006096108552508196,0.017172181561013303,0.030145063313393314,0.04394730475945341,0.061167168074065366,0.07756584183026737,0.08959750875270876,
0.005691061380019995,0.013852614541014057,0.022959577570352316,0.03245433464525064,0.03943430949358995,0.0478634222463059,0.054861848675591046,
0.008101707384207596,0.02075818007749364,0.03222213177921829,0.04399662832237417,0.05461481332396093,0.06690074637313503,0.07726431707555577,
0.00996354217160797,0.02325857320535744,0.0351014253540636,0.04906621455739362,0.059734294796317984,0.0721311604259893,0.08454101700588713,
0.006778148700418153,0.017392005218559214,0.026199857367840366,0.03392586268215427,0.03996863532431571,0.048644488822149334,0.055639164291264365,
0.006493297413134427,0.015712100707174048,0.022894517832157766,0.029390328392552106,0.03533857376991046,0.04260262681066205,0.050362703785666346,
0.008498510553437198,0.02317936364511032,0.037668692205663525,0.05371278515195934,0.071194762992235,0.09000860345633223,0.1075474364956578,
0.0018229433188544644,0.003137594792455773,0.004405545780819934,0.006292168338378878,0.00723937158998044,0.007398029276458579,0.008498435682426699,
0.006075820377320674,0.015283906166016827,0.024807770401404344,0.033722005116009875,0.043996045612659344,0.054090050640582886,0.06407721864229822,
0.007613277712000293,0.02036864782661407,0.03332744662511367,0.04601334347804223,0.056001957788671036,0.06624550739215168,0.08056707918260388,
0.010606214592683415,0.026633903859520455,0.040341205578611164,0.055080172387335445,0.06865303188867534,0.08187443404060993,0.09592493222982115,
0.007112546481395145,0.01767051133128934,0.02767205593873223,0.03645994776121955,0.04318389547851706,0.050438926618894334,0.05869592201301159,
0.008201014011406356,0.02052764069338013,0.031031946101081506,0.04041151551817012,0.04683855861250272,0.05478382262736816,0.0640206387899369,
0.0050358178760661594,0.01368405538144694,0.022240936711692298,0.029739230282055242,0.03648887323930951,0.04221344748692416,0.04874388974390315,
0.01075875329644008,0.028169441180626482,0.04393229863752178,0.05969635249239052,0.07282689320845594,0.08800539704769074,0.10309187846144144,
0.006383398767141123,0.013264788673375598,0.017903250689453594,0.023530796604819673,0.028198987749369138,0.0327800485623381,0.03738042578695432,
0.009210886368253839,0.020348455404968827,0.03044339048631603,0.039744245799223976,0.046789442102437816,0.052034427009433136,0.058194370206129394,
0.00930393256930239,0.023061161290320726,0.035425671447623416,0.04780863643833005,0.06104754966986525,0.07850346233905371,0.09380674497372361,
0.008753651671650788,0.02185168885713356,0.03308537124593038,0.04305867694784024,0.05298969379086201,0.06639449202435153,0.08099036606629023,
0.011128342632122845,0.03210230890517659,0.0520784239472727,0.07189927924800704,0.08894327679397131,0.10673956832652808,0.12701906586865833,
0.0061980387970534965,0.013932388009107363,0.0188508004895287,0.024552073933707206,0.03186274739878578,0.03903685102917898,0.04420564399621137,
0.011911683384672729,0.03156910020437783,0.04838777077535143,0.06345643161923031,0.07509539962944439,0.090730737834269,0.10651979984835992,
0.006803150842332292,0.01557704579838794,0.0226244113201323,0.028264004009193194,0.035601427745521004,0.04469070858407865,0.05003332097940837,
0.008807738775427312,0.021014601103858815,0.03327181701224556,0.04525737855233595,0.05552833265709004,0.06749868531863695,0.07750813863269257,
0.007765062469031294,0.017879301999516924,0.025907797606960912,0.03636349859561915,0.04389560554029842,0.05453006420062768,0.06513408656765868,
0.007307559797045003,0.017409585096470788,0.026621452911080215,0.035814513805862654,0.04327987111079431,0.05208753088456916,0.06116168274787298,
0.010680249807982866,0.025157627651877637,0.03892177368249686,0.05287160974947992,0.06477018229867232,0.07642588276332773,0.08806018369989603,
0.005636999736909331,0.014817066092709458,0.024161041947387704,0.03343741130112133,0.043386734045662484,0.05151601691362818,0.0615757153379466,
0.009678413105561614,0.023510796487188297,0.03647938181936941,0.0484932112782204,0.057973817901504576,0.06760967973740531,0.07560760395522065,
0.005549320611469736,0.01291590937699328,0.01748838178202328,0.021513930796741184,0.02469613027824752,0.03443398144810438,0.03701897061112203,
0.0015089433741522227,0.002439797169440809,0.003822446318793846,0.0037908324782841736,0.007800702351390997,0.013584805317074847,0.017401979316164842,
0.0021385215191395616,0.002319659026770698,0.0032174075111389704,0.003050795366863141,0.009196899733148656,0.01256677179512336,0.021666889188211098,
0.00762287271685328,0.0194656507699371,0.029100288564648785,0.03735830689183384,0.047019893731251906,0.05488107979177788,0.06401515979016616,
0.008935737921380145,0.0241854742446416,0.04052114556928022,0.06009342811188857,0.07468873161944328,0.09255141813321012,0.11122130203922789,
0.007825348660018374,0.01857098076084024,0.03076476692438449,0.04243643405559371,0.052772532598271873,0.0683819840059108,0.08504728267277727,
0.008221888591548036,0.022202356954528497,0.03785363830935307,0.05776245539106383,0.07395952430243737,0.09431608518150016,0.11424416683309828,
0.009131163702650881,0.021359325594761294,0.03382938224881737,0.045439291893354036,0.05531808920280313,0.066121425183628,0.07586253398252302,
0.009046472804118884,0.024832194359022324,0.03861310999697711,0.05128160214720614,0.06049650825619529,0.07131142951851846,0.08033611701617803,
0.007687215303742694,0.021095422554508414,0.03366944465700284,0.04487401540646374,0.05352870379081112,0.0634820744136151,0.07692821157797253,
0.007978523499627434,0.020111935943061023,0.030244729515249116,0.04136828550882714,0.050172262883828436,0.06343483375537429,0.07584346391355277,
0.005292181666606725,0.01258344140887606,0.01869588646186675,0.024524467094644557,0.029115299511596998,0.033511096923824694,0.0381645402291678,
0.008301117873448309,0.019926644982599894,0.0330649595847641,0.04645920914777298,0.06031348907505253,0.07801329773192213,0.08879362949244493,
0.008873655071616639,0.022720949285846188,0.03471841056387825,0.047465601198380364,0.060157107603234936,0.07121850116066207,0.08231795689480116,
0.012351088942411508,0.028760632557148554,0.04442251920754447,0.06093260530726668,0.0742684188517498,0.08829191311547722,0.10198668044243565,
0.013365559532400905,0.0372543256847191,0.0629837516215925,0.08852168436077101,0.10886686380213306,0.12844532929162605,0.1457601843542461,
0.00875242837630142,0.025733324156806996,0.044032537724938946,0.0629372630343364,0.08239985930674544,0.10993908914741132,0.1381524832612437,
0.005171175071957524,0.009181563922478124,0.011812533347773345,0.016162863841833235,0.018426284616337173,0.02349931846878555,0.031693359145186804,
0.009719613636097219,0.03073887968840328,0.05219308415811153,0.07432681028580324,0.09637724475164987,0.12247783005163462,0.14915011200175812,
0.009176593368033751,0.022539276623383002,0.03570604471471582,0.04949500021732366,0.0610545428951257,0.0721647316327063,0.08534672133940079,
0.006102678804479719,0.013415127863338034,0.020266973018694644,0.025905379115966302,0.03167419307877454,0.0376614884551395,0.04282352557123069,
0.012020880906345337,0.02941023369404053,0.04520277096445704,0.06091536827586208,0.0754004918235653,0.09017309399460609,0.10385974287137159,
0.007837831032031386,0.020420440985255753,0.032245247778250004,0.043704583350634055,0.05296266070225229,0.06378792672133839,0.07370411987715199,
0.004176711615151861,0.011363915093344798,0.0187255811427649,0.026989580949461762,0.03323088906727146,0.039526403269455224,0.04786056906368599,
0.008483868622053851,0.0201091666859554,0.032758655421989524,0.04579767537854543,0.05742176916924889,0.0710705145736164,0.08177050967662326,
0.00281964453236814,0.004521228696610413,0.00699740510441438,0.008813879593014266,0.011905325705379319,0.008958922324875414,0.003888967949038608,
0.010718161903297892,0.03212183201581111,0.0542953703019198,0.07928227776606085,0.10127555274704515,0.12431960600943094,0.14607158289787006,
0.00939436909772726,0.021990428440907657,0.03346985719959827,0.043177790056845175,0.052632572524712665,0.061794659425567174,0.06979661053067131,
0.009112511482201905,0.023516199134362464,0.036668670307781454,0.04806265309626225,0.056836668541209535,0.06667185658412046,0.07718791609038413,
0.006308010912876069,0.014536126073003103,0.021279053825498304,0.02832766974575206,0.03533969311301363,0.04229640877040953,0.050712340673739184,
0.009492823321212061,0.02364945826308968,0.03633987856944199,0.05013520259968114,0.06262104416101792,0.07843341011697169,0.09288569115952079,
0.007554226050705556,0.020475153298822782,0.03234651447381166,0.04404222252018099,0.055142173010708014,0.06900034568259342,0.0835344291142963,
0.006201195491978992,0.0165767856404706,0.02875960539812775,0.04054724396351527,0.051351779405893354,0.0637409020418529,0.07259792448778435,
0.006360479483898288,0.01624141249901734,0.025547735786543194,0.034799196542107405,0.04268250454503527,0.050858973123938944,0.05945259410181069,
0.0065553740673168,0.015354575948942423,0.022956825670008386,0.029523219414813315,0.038019394467174256,0.0459418936751863,0.05515216854322428,
0.009287958897652413,0.022671715711659754,0.03579082791579557,0.04872008174886846,0.05879110803968922,0.07131656189925291,0.07924301330311967,
0.008900911920261744,0.020935625034166152,0.032781649813155685,0.04467112558344303,0.053969376769237784,0.06433145794170045,0.07299008957834202,
0.00792699861216087,0.022497448918497278,0.03716637072067682,0.050926904459851575,0.06701836229370699,0.08505815030551028,0.10828533238151951,
0.007545939568282201,0.01738052392792528,0.02611810209244063,0.03490338529731484,0.044823814606688744,0.05551376061998345,0.0666755183111582,
0.008039187883056428,0.01899761222173319,0.028940016181677006,0.03892995280513646,0.048681195179969855,0.059197235171257426,0.06985721021895591,
0.008397348607578117,0.02162531355433693,0.033646711423629856,0.04615218698515525,0.05867008415656557,0.07645551663052583,0.09198823812454299,
0.007722371577913674,0.018806231453118372,0.031262351457787226,0.04225468685258261,0.05494472744700643,0.0674377584806755,0.08183971891076447,
0.008742008683126126,0.02119624606788539,0.030958610086035922,0.040056538666557784,0.047216419555214786,0.05485288904582309,0.06409208008027777,
0.008541651554889609,0.021996726319410756,0.03409249331694964,0.04692635401833595,0.058816979062050544,0.07031954600074558,0.08379749397389724,
0.00786326233470827,0.01690095105310618,0.02365656961892631,0.030801550640653857,0.03668054821900325,0.044287355959054,0.05314257793872106,
0.007141010721314559,0.018774100671090418,0.02887264497581448,0.03790361859341575,0.04418056751803546,0.051440038905497004,0.057719318693347794,
0.009561375749246068,0.02464067664050913,0.038994719651365826,0.055232370018796766,0.06727358980791665,0.07961723171013162,0.08988464266668135,
0.004972400444934426,0.011297277405036839,0.014288650921018718,0.02212501623297398,0.03236860793486611,0.04092038576333267,0.058198498389199146,
0.008600065217516132,0.022953665977237827,0.03734153819487994,0.052881068674277644,0.0650248390881991,0.07729716311081708,0.08998061802966249,
0.003716887475001969,0.007873464526748633,0.010734238765488398,0.012099888343659732,0.013846057960945395,0.018856800592134845,0.016708671707810877,
0.005969576462798905,0.012049217199935324,0.01657120001897343,0.01999575393949994,0.023716395817736702,0.028308783965383146,0.03007361166095905,
0.014040733223615494,0.0325283761459573,0.05081934564279419,0.06814247034573474,0.08378865107430027,0.09787997209629855,0.10955881242569981,
0.007310243103735065,0.021891258302143644,0.037194562744836075,0.05405366703544464,0.06799139558602672,0.0802985457466092,0.09136893493071695,
0.004163979014632895,0.007783385430661734,0.012102483742485605,0.01747047770706518,0.025716880693366036,0.03751694422026831,0.039112314764053656,
0.008153562382548283,0.020928429733992674,0.03370461391945326,0.046310171999777494,0.05678572333812737,0.0662365244493701,0.07792321225067324,
0.009095178227275012,0.024246855824497714,0.03838244496942957,0.05449171123557053,0.06717252661781352,0.08520979351496825,0.09730384666095898,
0.0007834367420013629,0.0010155781758718191,0.002157245761724546,0.0013411023728779996,0.0017570458071128794,-0.0029229577160096456,0.009438408290078828,
0.00914400782482694,0.023262218550482924,0.036305371892496045,0.0505929660317385,0.06397232275172636,0.07756777094699442,0.09239007031713876,
0.00826385633178364,0.0197815375091923,0.030880965889724294,0.040592131241527184,0.04941581748867149,0.058146611379520145,0.06866574843559371,
0.010436044571953774,0.02668687845926598,0.042924714890778655,0.059580659893256595,0.07502326643372363,0.09175856927855784,0.10638340532888368,
0.010643808376817773,0.03292893787449062,0.05911046128432585,0.08807096421742776,0.11080059513654932,0.13559333980003516,0.16369599738347282,
0.009895693332812703,0.029763092205657024,0.05090945783051409,0.07356626401990128,0.09400296381480742,0.11696544247741153,0.14237841337483165,
0.008493532457891893,0.021346648661404954,0.03475471300268472,0.048758792740372224,0.06073092571877966,0.06997423362235836,0.08433706615840308,
0.009126463992179526,0.02268248191025574,0.03472524714478041,0.05057783378395591,0.06480287952397211,0.08407300421234498,0.10132557355477802,
0.0061545604729984875,0.01691191687534105,0.029972010465130833,0.04611670600253732,0.06115809878094406,0.08314186819815463,0.11030943960906063,
0.00609779822156199,0.013697122140925597,0.02043945661831943,0.027432972735970996,0.03239092410673384,0.037151720477718184,0.04066574745156224,
0.005302780271098582,0.009675162458989226,0.011606151404927857,0.013938358764104207,0.016995420227578446,0.0197151318518602,0.03087749871809674,
0.010876088816258699,0.026532748228045258,0.04056681143318199,0.05443195630079922,0.06720120794654784,0.0834822647796239,0.09742834648373842,
0.0063601932760260615,0.01395716682874756,0.020277011143609424,0.02920310142909223,0.03566186388656468,0.04333050283225994,0.04987832194873754,
0.008563073186108714,0.0221214839902364,0.03675231277826353,0.0514923043852118,0.06538534710497651,0.07981110417210592,0.09401647892589676,
0.009987970701439865,0.024321936142141575,0.03826704318531649,0.05227529120551199,0.06439487060200218,0.07848372864590837,0.09154645567206993,
0.005802643900829137,0.01493309512655833,0.023702926544808142,0.0327545603005427,0.04083121690885818,0.049222370945601765,0.0550252213067293,
0.00979203019992358,0.022552950005981513,0.03419001990083772,0.0457788250156058,0.05476151419379241,0.06442766177267134,0.07487811501683096,
0.007954161608694303,0.02053766783093724,0.03279243848618232,0.04419909772503151,0.05439478455118723,0.06578425470438455,0.07814045235284102,
0.007129051269929725,0.01707418702622387,0.0253440327729845,0.03551747496489222,0.049110121390282126,0.06367997364748572,0.07758177865823886,
0.008186731038244641,0.023942102407887158,0.0406352537360033,0.059220487115127694,0.07344645315773589,0.08977159814819119,0.10694652503902267,
0.008128406267341244,0.018992968397741054,0.029002257761780528,0.03604762723560873,0.044901357990617584,0.05153075643655128,0.05800444584847255,
0.007706227687630666,0.018578762975998205,0.026931286128173818,0.035071690274857986,0.04507743574602871,0.057212210343743956,0.06989013928352332,
0.009559723115611738,0.021745496974374216,0.03413504864523988,0.04620888561659122,0.05868526124996942,0.0718281071542766,0.08011761014763844,
0.005877791364951913,0.01094147417815739,0.014507223724574532,0.017217660508431924,0.020080417072305224,0.023689278226418607,0.029543554051202094,
0.006449274612050215,0.015541599737197334,0.022779883121826015,0.029175344378991507,0.03569636553392153,0.04326794807517635,0.05215109840256337,
0.009977768786211953,0.02481804936215811,0.03860379626179312,0.05243946821352889,0.06535776346619503,0.07769113185608648,0.08871896619073005,
0.008054654580011611,0.02133856954330233,0.03456625642172474,0.04758273538036483,0.05716074826743523,0.06713941789238449,0.0762463959403157,
0.009458018362945462,0.023588170907676616,0.03657340632593966,0.04876474147952037,0.059245152377655756,0.06987071069724779,0.08181679790429876,
0.007349717266687751,0.01850779343861859,0.028789071875830047,0.0413417380389388,0.05460782278987522,0.0718616533752599,0.08420549798010254,
0.007774317606065292,0.018633739797454574,0.02731885476848609,0.03714364873036358,0.04448154011293583,0.05075298270711574,0.054034039957503735,
0.0031517698614696946,0.004633497203677727,0.00609821209076478,0.0062014968143715024,0.006893270978295053,0.006725949461408141,0.009590944436653646,
0.006300164580320976,0.016891105809220267,0.02760026490010948,0.03858461561945148,0.04786270613533332,0.05854622282609066,0.06909322809633162,
0.00658492878081963,0.016869294296925744,0.02760907359930782,0.039748561531679376,0.05220885504071791,0.06606409014914254,0.08269392171174317,
0.0045134160122915455,0.010854947032661546,0.018511715119268354,0.02670064935240545,0.03328231361720459,0.03954672546111086,0.04577609161555259,
0.009092453095771641,0.02802177152516526,0.049432780482055266,0.07226271506803889,0.09028887727455272,0.1124183349246491,0.13532878993636108,
0.006105819114993452,0.015940854923758456,0.026271397884757238,0.038180786295604174,0.04924325235374944,0.06471328627071234,0.08547305122457155,
0.009024358259843712,0.020932654923079295,0.03208592111697539,0.042434986390886775,0.05264321336097607,0.06300174970250351,0.07230371786824664,
0.010267633878097957,0.02910523306783372,0.05045299423800829,0.07467642303723478,0.09506589727899253,0.11667558948955968,0.13690211217189002,
0.006977722696757785,0.01826854943829058,0.028317739180244505,0.037350801001451495,0.044148498612925025,0.05231255528701155,0.06124543099631701,
0.0045832426353926824,0.01161862739708109,0.020550341898507598,0.03366192042637998,0.04904442574315562,0.061389029328740394,0.07676213948684917,
0.009984976127357497,0.023958562332227516,0.03662961277012634,0.04937396673524963,0.05959981025898393,0.06875286438027396,0.07669922332598576,
0.008620520524893703,0.019346668684944654,0.02905735807144172,0.03776788723716662,0.04544744141136466,0.052186636189870676,0.05937082689392681,
0.006896914052061062,0.017861867967915442,0.02808948626900377,0.03768735207433537,0.04523072932678338,0.053489528374939185,0.06158847401956475,
0.007447947645123245,0.017109581277868265,0.02477176653243505,0.032171426018612344,0.04020106323643845,0.05059197613881406,0.0602184614575405,
0.005462516814936035,0.010594401668299273,0.013959676772960413,0.017935423676982466,0.02235312579459563,0.026777599674664202,0.030969054163171937,
0.005292208280702763,0.011974051675251778,0.01681030577847282,0.021584323402597912,0.025938089193708033,0.030344791828167968,0.035682140446222296,
0.009140172085390617,0.021408896150406382,0.03405491021841077,0.046749901489297654,0.057946734408111725,0.06880512809292469,0.07975429125822857,
0.009139601270522608,0.024823513640309564,0.039450330576721974,0.052906366970886756,0.06425278861495799,0.07819232304135966,0.0942102673666019,
0.009957324296117813,0.024919358395406384,0.038357776480747785,0.05080338023418643,0.06110035459552838,0.07286612962805263,0.08549168316477322,
0.008970191666047287,0.02854020616551945,0.05089922176494797,0.07497443027084372,0.09228830585230413,0.11129032899546394,0.12878167026176654,
0.008554665117037806,0.022068766035109346,0.0362923311227599,0.050661932188847646,0.06331171700596598,0.07444749062943255,0.08554423033298893,
0.011577890752877554,0.02938939885014679,0.044461421368607285,0.059041422814735796,0.07239295871049323,0.08778102737653375,0.10426619062185759,
0.006576457513214786,0.015758756653574898,0.024523668126464084,0.032424828601872374,0.039384997242698755,0.04859578099112067,0.058800374987737485,
0.0005547371056665441,0.0010056126000772684,0.0009701201733645597,-0.00014587677228244727,0.000981986014004953,-0.0023305852515545992,-0.001206743286792545,
0.008592680511646768,0.02095043548843084,0.03386766463134017,0.04685018317902137,0.059117763325956744,0.07328678563385634,0.08467000542835317,
0.0028123125111671416,0.004491162451269004,0.0062390961946535714,0.009536664651199843,0.011153584545520172,0.018277086106314355,0.02073366189737433,
0.006132198166882272,0.016368732202494355,0.024805142447766663,0.03225754990366659,0.038146364316319015,0.04641812235894253,0.05496800853643346,
0.008573851721026989,0.019979719749204025,0.029862872246652176,0.039785669197526914,0.048599209594101564,0.05875614222893873,0.06927845571988557,
0.009847856695475173,0.025666900921466954,0.04021243626904625,0.05427701949228173,0.06644896890458797,0.08013009132903354,0.0950410422047957,
0.011241195860953759,0.027764592564502987,0.0443419064312168,0.06253699975766301,0.07850529974062949,0.09548327561921896,0.11157654977044555,
0.009467815903332039,0.025347355106869834,0.04162734510231026,0.057901742046746314,0.07153113734171049,0.0867746182845721,0.10087963046107809,
0.007245536179786848,0.017899732776665015,0.027264827067614093,0.03540462229506937,0.04221106951289674,0.050130803976392364,0.05966887599871983,
0.001130209896745448,0.001494479704285984,0.0022181289999374026,0.0012870561969536018,0.0024501532032509335,-0.0003596510344441889,0.014832262332540244,
0.005801124455254148,0.011646573612893094,0.017537019471664476,0.02393856590192959,0.033590538164883145,0.04362634884751327,0.0522644445884426,
0.011039558142028748,0.029137707728151642,0.04710806627761634,0.06730979171098551,0.08329713884306772,0.10134207402717264,0.11732623712530989,
0.006972292011480853,0.018463631089517648,0.03155917050713642,0.04437500271687737,0.05552562352579458,0.06907712285329205,0.08253670334914885,
0.006422338646269106,0.014361830910686326,0.019974438172069887,0.025640859450689262,0.03197073325898406,0.03806625576013998,0.04682088954884496,
0.007869278634833112,0.020063537899537087,0.030298214843465735,0.040971399923292906,0.04936484906378435,0.05820600074482928,0.0672447449566515,
0.005465259065633875,0.009689852077491817,0.011549850877905922,0.013905296123258474,0.016988542828026594,0.01911388311458491,0.022903089098097424,
0.011011957358877042,0.030509655692931407,0.052905872558527946,0.07958934490077212,0.10359488681116015,0.1285083700161498,0.15591568825743035,
0.006495703898304127,0.01536987168533793,0.02417123489256373,0.031824670540998586,0.039805449025778976,0.04606121364130899,0.05365562902823565,
0.007646223607533899,0.018653773845076257,0.02834402251885549,0.03692157518447247,0.043046344743104946,0.049295274953835296,0.05755667523372997,
0.009280773535460446,0.021999482263554096,0.03324177327618516,0.04488634348935427,0.05474476173346598,0.06419920126576704,0.07375872935246625,
0.00923085585369398,0.021705934906853117,0.032654236563382594,0.04449158485058519,0.05647240976436053,0.06978710149909097,0.08272950551261651,
0.0026726732819741857,0.0054309394239608864,0.008079983330019169,0.011656615064381072,0.014596857646653968,0.016563441175217793,0.021369550133675277,
-1.1343607496383352e-05,0.0006313554673258858,0.00033794941613212663,0.0002131480597289866,-0.0006071648347371198,-0.0025002856022151685,-0.003996664728696759,
0.008343065241911194,0.02159547656811645,0.03533039931976839,0.04936157885560513,0.06234802944037855,0.0755749863870175,0.08845795624426213,
0.006552240184158456,0.01599739303841477,0.023575935444740532,0.03019506139284463,0.0363476946413399,0.04323776140964948,0.05169522154350222,
0.00787722858854105,0.018150928912317184,0.026684502684007946,0.03519951229142481,0.04507379592604703,0.05606991429660673,0.0681258509607616,
0.008141377502486764,0.01940906497552763,0.02920108506249952,0.03998345710405632,0.05207864176784113,0.06674475984595137,0.08388479852699116,
0.010519817395367335,0.024947612314427655,0.038448421000898014,0.05323183808301286,0.06660268646558254,0.07995748499001151,0.0940311487833029,
0.008189064203741592,0.020248302500911572,0.03145485778072766,0.04230644100737201,0.0521285639363669,0.06346757296033312,0.07348038599288519,
0.011089249259996069,0.028975640272203246,0.04592570124378468,0.06333730657250725,0.07895785892998178,0.09680325825328846,0.1150736825765968,
0.007214195869545378,0.016656926338373023,0.025844329881036215,0.03418761670280658,0.040705726573619726,0.04637396160400498,0.05245884607737544,
0.007043181244272597,0.01953784540323514,0.032362156690243886,0.04520510979660471,0.05654170255744085,0.0724487175113872,0.0900607317659222,
0.0035246632023222227,0.004219295266945756,0.004809299835195297,0.007017230331560985,0.00892458135861724,0.01243721264974576,0.018622886426132627,
0.006098051481018723,0.013161179428136681,0.01914870080681607,0.024115168768370034,0.029088764894990085,0.03445591276584306,0.03929889430287692,
0.00645691299310529,0.015894844736027983,0.0242568752401491,0.032380695385195245,0.04162938440372517,0.05393410092640864,0.06761961834676465,
0.006156087479512268,0.01768398537126138,0.02862444738205198,0.03872364861363843,0.04705360607954919,0.053933408587126974,0.060891006387159045,
0.006522434980351872,0.012964314831572525,0.018126112556022245,0.02287715644215007,0.02755695090075421,0.03466945059530049,0.04041774850704385,
0.00921488682140437,0.023114883039167346,0.03535044034863249,0.047068562047556946,0.056932690805993384,0.06978647610352882,0.08121834828539355,
0.011770400911073077,0.030353594462621206,0.05074327900526753,0.07243183143537367,0.09367787142816791,0.11621515168191744,0.1364665067359735,
0.012142437042399756,0.031465829003658206,0.04883760701143718,0.06590634778257257,0.08195649606196297,0.09967698888287874,0.11659066213262743,
0.006135630288758093,0.01544608857297372,0.02495197357764285,0.03451097516638051,0.04407138538271818,0.05280418487289688,0.060598402089753645,
0.006869100186450099,0.016458997155604865,0.024964097666094264,0.03266416499202784,0.03951936518222344,0.046787100119316714,0.05446752355552549,
0.007404318120721713,0.017798992739453835,0.027204608810838398,0.03601770672035373,0.044763610090743665,0.05506210724359307,0.06513188048988679,
0.0019399647741021187,0.0031762027434590785,0.004701952000769032,0.005921287157206945,0.006821748700354406,0.005053549563492042,0.006242569903789148,
0.008752613472175156,0.020386301903264407,0.030245047051575158,0.040062525082588805,0.050946363315216535,0.06388693063289366,0.07706313496152543,
0.013134673569726205,0.02945837093073476,0.04531838518192961,0.0608112325026403,0.07533588495204677,0.08967564106340273,0.10378602864627233,
0.009319057491711908,0.023489872964865658,0.03593060114151232,0.04953028343798319,0.0630173431399678,0.08057156339361304,0.09601634941568768,
0.0019544040232537356,0.0034713024528287817,0.004734405441008116,0.004925566369446832,0.006199719444178958,0.005973179177139001,0.009180284112659807,
0.009116320223525166,0.02562030748411457,0.042860714215148685,0.06174171635236491,0.07884984014934425,0.09747140535675322,0.11742318103723079,
0.0059912987156873,0.01269575684030384,0.017642230351615027,0.022127103775409274,0.02783488378592301,0.03394738898135686,0.04159438974009971,
0.007604420093094717,0.019199775779345063,0.029637060426646048,0.0406671840475994,0.051985462965292925,0.06622886198209658,0.08139097098838367,
0.011162644829608232,0.028290033545387297,0.04540630550616081,0.06266966141850404,0.07904979196784326,0.09573550171923027,0.11309729008734956,
0.008916882860141855,0.021472816492376194,0.03364191035037133,0.04526266770435759,0.0557588981006158,0.06717576766171261,0.07776838441067432,
0.009780796506208002,0.025052199043350924,0.040107822052478204,0.055224796342623526,0.069309470698519,0.0834448590490472,0.09565590064361756,
0.009111805564009383,0.022376609176762385,0.03460872037090463,0.045614044990974205,0.05382905132135044,0.06253402846394042,0.07221489032365011,
0.008710202122381322,0.020738307753306883,0.03137355994482039,0.041734217865587016,0.05077228410231115,0.061592078376080044,0.06871129402914417,
0.008696574941598591,0.020680628178761908,0.0302816828687771,0.038484978486246234,0.04694814845511413,0.05795799799492408,0.06902502554231131,
0.010104585365524835,0.025259855045432492,0.037674185597768244,0.04855899302940847,0.05814778380624995,0.0706740730378645,0.0842339440876019,
0.0073582456313538835,0.01771493051564835,0.02774834902245001,0.037005979261097055,0.04541711117068365,0.05322355143774262,0.06062943233078556,
0.01048122230126165,0.028234868164639406,0.046265336709291574,0.06738129616541867,0.08676823879716394,0.1089654125912792,0.13012874058385393,
0.008341113108044798,0.020676195198506733,0.032097785833402184,0.04264089003992407,0.052180418858232186,0.06345488624691593,0.07449335456050929,
0.007870555256151782,0.01951794191633438,0.030500175596349946,0.04347055918970175,0.05831912901025409,0.0776766039525448,0.09619561319036442,
0.00903143252346177,0.021961478363675818,0.0343862749027783,0.04691324300580031,0.05949904515905888,0.07342271015650727,0.0881890287854684,
0.006508422246065405,0.0156452418954398,0.02588154105631947,0.036005281966188706,0.04456462212061689,0.054157178848103185,0.06246819427760287,
0.005814854395996834,0.015266755018794632,0.024952302913555522,0.03465294185387967,0.04327017287739393,0.05245391899254756,0.06363297761181262,
0.0030645119552832356,0.006403724733744651,0.009919970438142786,0.013769844112146283,0.019207724918935635,0.017470532438640263,0.025252179697170907,
0.004468257286617069,0.007081576696546855,0.007636528373450372,0.006736656618562262,0.008822984966963163,0.009599461767735028,0.010401065740327044,
0.01063578188089281,0.025148400330364133,0.03860119344767399,0.05129937020798305,0.06420010705287804,0.07781264926870624,0.08930278481105666,
0.007686909492231887,0.018519505433947068,0.028216941538810915,0.03677196598512379,0.04337123763163911,0.049523319830154115,0.055598756293044505,
0.010299034230642833,0.0298034054658362,0.04911092618535196,0.06887126328735423,0.08540353620811003,0.10476922302669779,0.12477660379155601,
0.007523082003074872,0.01740038004341126,0.025914059079723283,0.0353097843587405,0.04359521455445742,0.055248548564357194,0.06587029530543868,
0.008822961984350728,0.021981883393428884,0.03422752711843382,0.04540057839957614,0.05422223513506635,0.06243696346795903,0.07140742619411887,
0.00635060961675211,0.014813541459989447,0.022334155276913344,0.031160794909286676,0.03929169629695829,0.051212699005699094,0.06213208730560819,
0.0059439190157752906,0.013192204480532434,0.01887486960457127,0.024506882632881415,0.02970268596115394,0.03577996840586747,0.04357529722372001,
0.009515407213615379,0.024595719782491955,0.0377581418754112,0.05037832739014306,0.0629774261724164,0.07759385106280484,0.09475355516468435,
0.00938580184066162,0.02588429460769685,0.041555197999483276,0.05715227104164468,0.07134651757033285,0.08842968215127035,0.10782374967699368,
0.007615846023294849,0.021130277404051486,0.033801093883899354,0.045737954582531104,0.056061142023813466,0.06683681568926184,0.07921986591508544,
0.004729130664237275,0.01277054819572249,0.02009940732028385,0.027517184608836804,0.03293778988453045,0.03938210566867116,0.045408733535694544,
0.006447462591276714,0.016093674691387814,0.025188293850642453,0.033280654058658266,0.03940343497248567,0.04501183410617673,0.051664698793463346,
0.011051792767867902,0.028114181752018373,0.04365452329621884,0.059275526164710754,0.07366665395031585,0.09041376295504004,0.10611889420322636,
0.010885126517959256,0.025210772319086083,0.03823587362518749,0.05020918339889611,0.059626553809303894,0.06825755373683685,0.077655540100503,
0.007821551212039148,0.017812612715692473,0.026312215380216594,0.03450195756160991,0.04159103773976197,0.050523121903136736,0.05788970768469663,
0.010497809478405366,0.02731761965568654,0.0429774976746887,0.05942241452674102,0.07370691814036652,0.09073457198738347,0.10636739360039976,
0.01045667944067756,0.026709554470790507,0.042778629361315275,0.058752585218339815,0.07202115351289433,0.08798141926130403,0.10298226325715978,
0.0034868533083089706,0.006367728394479549,0.007482600732278592,0.008171035321344734,0.008233148204864536,0.0037393983515508285,0.008714802336091442,
0.012978173191749192,0.030772910051448152,0.04739838269725461,0.06324966620004528,0.07751534626155465,0.0916841858231926,0.10714361538472135,
0.006333216007371488,0.017206535406811156,0.02780458957490684,0.03765669679183952,0.045467634219168024,0.053682022041803924,0.06206638049160731,
0.008400391110820807,0.021488022753267038,0.03312537642971033,0.043263651471131835,0.05252223565655956,0.06386002851666506,0.07623642767290659,
0.007781130222142662,0.01899787020834678,0.02825921262941236,0.03719521523470811,0.04723300672038814,0.05949016553026832,0.07299874502031055,
0.008206991724975422,0.020450964242308994,0.033577769748333465,0.047319895085610256,0.05930939967995444,0.07202122890420665,0.0843151331386487,
0.00474868237374748,0.009238178478949654,0.013213192980836274,0.0178693399382239,0.02238165575518954,0.02700161261203158,0.02950876154732753,
0.007422551148264401,0.019164372728054067,0.031243011605169176,0.045581145229201245,0.059445463735368985,0.07729031553984954,0.0904823333942014,
0.011092657581783977,0.028828200481740413,0.04622499508934048,0.06426794366415745,0.08051677635249094,0.09913132388507125,0.11709274299894161,
0.010010386902644941,0.025336530046604275,0.03975114974969519,0.052911122366772104,0.06480491228994192,0.07827414897227125,0.09274666351914505,
0.007090389672419407,0.019664648011756804,0.032040553833535775,0.043828944831007466,0.05253474679698541,0.06125101446228779,0.07051992664906588,
0.002341440523475058,0.004042395350722586,0.0060619553469168025,0.007254636278812237,0.008860552042877941,0.010111838719376993,0.008857501883449121,
0.010979173506543599,0.027209007011245255,0.04246163921113484,0.05774079209966964,0.07152747615387195,0.08734990955156112,0.10248380973352308,
0.009735763142589407,0.025714863339068746,0.04167950467053398,0.05793748347737152,0.0719203169864824,0.0862857313736582,0.10231902051116776,
0.007574906858852,0.018519440233359944,0.02890835415839254,0.041551978247985684,0.05607226708724561,0.07769215014199872,0.10375280630773888,
0.011166331477550688,0.03050303187631977,0.05024946513291793,0.07088961670682843,0.08752003028168909,0.10475468194859408,0.1228256381412291,
0.008204992216176429,0.021879457803304723,0.03501012348131114,0.0490942628231696,0.06410508983346788,0.08392664124293796,0.10390841144792881,
0.005285531080176492,0.009364042954565164,0.012532063644418357,0.015620936376840588,0.019487783361555343,0.024049353402377696,0.031213404122625906,
0.0008899312834536967,0.0011828148327480397,0.0022725550526209574,0.001665512575933246,0.0010443065118881099,0.002801017824431364,0.0020095057446880395,
0.004074469937854508,0.007278433505656748,0.00901481222038457,0.011878865990976576,0.014232894842855606,0.017475533630615058,0.023046856268594568,
0.004062768503435089,0.008214666937202466,0.011211875449473366,0.01524535339772723,0.017548955421346484,0.021896160318015657,0.0279805360278411,
0.008538669475211187,0.020339308324201957,0.030788002505819187,0.040396473722646146,0.049407972664120864,0.05778841498524997,0.06702783566161281,
0.011273826859413952,0.02495954379075844,0.03704780476188235,0.04849741316231779,0.05768644729318193,0.06700065872985486,0.07578608376361763,
0.0022859435723205338,0.0035703527602294264,0.004761732264887858,0.005482307379923052,0.007288070945393078,0.008661399136995044,0.01212098639679261,
0.006362789857360543,0.014593054244794922,0.021764050074404316,0.028407097826072127,0.034635088488209634,0.04292207800096309,0.050115219258973026,
0.0038782773152153615,0.007446217960521194,0.010164867498186899,0.0065683387145244005,0.0029781515255303793,-0.007173655038488233,-0.030006589386234163,
0.007872079875548051,0.01888920256372986,0.029026334392919552,0.03904581463252498,0.0474712031754431,0.058844012014700325,0.06890094752234975,
0.007902816514607613,0.020249828269204538,0.03093323021270678,0.040830064369092034,0.04822195492726845,0.05710404543405885,0.06752925789888971,
0.008141401175015816,0.021833226915675658,0.036249725289370524,0.05176763614012421,0.06618016478638594,0.08023259672710378,0.0943587028707839,
0.006094022653261094,0.015651100602422804,0.024551316467147963,0.033594949497817786,0.04106210219777038,0.048358341962240786,0.056673784136432204,
0.007486225175820025,0.016754468685585614,0.024090088357920234,0.03112209924159261,0.038256436999542676,0.0452989662393131,0.05230755878431079,
0.007635757372348879,0.018371040555474324,0.02780701283879002,0.037050800688155576,0.046983488420455785,0.057758034569159164,0.07061854590420896,
0.006740448165069225,0.01794684704361862,0.027874645093503084,0.03980592187103777,0.05184610331640304,0.06805335394179886,0.08345006885255306,
0.00755729273578853,0.017194013187105568,0.024916473016718135,0.033114972563179884,0.040990804937262475,0.047948665762404905,0.057804637018209114,
0.010067768985004603,0.026040344588734495,0.040309597872137955,0.05538527916327546,0.06838761856871617,0.08378103943167413,0.09962566609172868,
0.008297205926955204,0.02031894860875474,0.030860565159926738,0.04150443759324218,0.05111633212737539,0.06036079816005809,0.0718001246403772,
0.00902590123001133,0.022400021555195236,0.0354205225764188,0.049826709874514895,0.06248568619511539,0.0774270776328172,0.09216934134022411,
0.010893774114239354,0.02708321845249564,0.04220454367790281,0.05701222309729219,0.06928681688221348,0.08142011716406254,0.0925197926872248,
0.010829551047490987,0.02719917678115896,0.04241093427018688,0.05903868168795156,0.07434047873397451,0.09149759586161942,0.10688764327833539,
0.008628193320798607,0.021302770390111518,0.0324515158887155,0.043542217525426384,0.0539471744994538,0.06658842123762515,0.0809019389719339,
0.009523675267347544,0.024390087729759796,0.037586676949092436,0.05214282240333239,0.06650502213323688,0.08370528340930859,0.10357704916681572,
0.009417688089622234,0.024805907715931844,0.03955122728761216,0.05492561284969115,0.06776051470936294,0.08225950990099476,0.09770590326784366,
0.005559073505255603,0.012299612846425357,0.017802616624366892,0.024007021119792776,0.029233512134846814,0.036074581614894366,0.041364970602286076,
0.010576561313926118,0.024888559534315572,0.03871666690455981,0.05347126644559098,0.06630324574438785,0.08030844195534029,0.09327615124500496,
0.010542125297530671,0.02508792130323589,0.039619872369178036,0.05492546825464486,0.0683576412973,0.08280488438514065,0.09640514596866147,
0.007610512947441989,0.022252950226104056,0.03796255612863765,0.054724218574276506,0.06821488594251525,0.08183767317945533,0.0948030394037466,
0.004966569421416605,0.009104471420570534,0.01234755309761865,0.015498086578781796,0.02013687232133644,0.024006457408391947,0.027327173832102453,
0.008065789525841192,0.019839410599094876,0.03131057229661734,0.04224901645472755,0.05137402578994777,0.06043592186346336,0.06975898303191524,
0.009388937625448844,0.02131941959957245,0.03321884885261112,0.04458421983557133,0.05449133650258323,0.06413333108807649,0.07368165301103789,
0.007117349173550702,0.015268343402661583,0.021585284843078006,0.02713270826076204,0.032412946558434866,0.037788006628176204,0.04089304895469082,
0.008769112177323237,0.0231372972210667,0.0363832055465874,0.04835411173501395,0.058119241890215334,0.06901330499186867,0.08083165988858948,
0.003533359819980255,0.007513847483148192,0.012279166325549672,0.020760488110771465,0.03142893579405888,0.04746359716013763,0.06905968216865371,
0.010954963786355925,0.028178460172946472,0.04398597647972775,0.0582388830521174,0.06983645176883083,0.08166834827984468,0.09477237118550272,
0.005190017197203343,0.009765136227654733,0.013538389875522593,0.01750802249347896,0.021976812069412474,0.028702609067608156,0.03651280304369495,
0.011518096770095349,0.030072564326646636,0.0476861860392537,0.06659333972760473,0.0836273583880889,0.10327260539920992,0.1239683809034015,
0.007690854352814983,0.01856260099727438,0.029601405592976804,0.04072417672230058,0.05024303997461387,0.060015347055855844,0.06910317706514134,
0.008150798325594842,0.02248962082084242,0.035716828479871184,0.047905611883826554,0.05779429627759396,0.0706315955666246,0.08484392949846507,
0.009689904612227837,0.022865957003206008,0.03517197777697254,0.0471832916968495,0.05820545150212684,0.07063914065620348,0.08235452895347006,
0.009757564322131429,0.023353927178707604,0.03498824980070219,0.045195900626029704,0.05469980356608429,0.06506786441596188,0.07577287840688342,
0.006702396427090231,0.015858111575925506,0.02340887653621593,0.030454681152550126,0.0374300684475937,0.04346781890783368,0.050765022974208734,
0.004180884510366025,0.006742923517735708,0.009217116501227822,0.010812039607598776,0.013489415590759,0.01664134795552417,0.021009026826506294,
0.00136182837210347,0.0028120258202118287,0.0051977299428019015,0.006644714920877906,0.009016142358279803,0.010383636725260154,0.013882886032598457,
0.008639013122024135,0.024381977075431507,0.04243809489824834,0.0621702982632316,0.08003257716883061,0.10029151014390435,0.11875717268689902,
0.006177744192364725,0.012927140921583783,0.017419359194132924,0.021859948238268933,0.02671502257162128,0.03196298368901568,0.0362613665429805,
0.007665775443820811,0.019238864324016912,0.029949820740576453,0.039742676058931,0.04774524286400645,0.05655764276896897,0.06343557257048306,
0.009975910754440596,0.023267016999422047,0.03691020670841526,0.05093381453438911,0.06310791018854411,0.07519928214509752,0.08712060032940587,
0.00658362569023222,0.016231889687901357,0.024893047949897325,0.03256761766851562,0.039459544473749615,0.047710761939891794,0.05585850344739235,
0.01037867884912008,0.030675380619747106,0.05342543469908569,0.07899626686028687,0.09812333286028042,0.11997853316685349,0.14552984665829524,
0.008411765035507765,0.02176389194442617,0.03467885697881215,0.04733010429924001,0.06109357470679689,0.07559488009622005,0.09293519497241462,
0.007235904848988562,0.021766369949993307,0.03673606733498699,0.05165223588484366,0.0642111888513157,0.07845351968183145,0.09314537000199721,
0.006577017564226124,0.014258959315643815,0.020110133831774762,0.025406158669983258,0.03172678774386118,0.03870819270621051,0.04299946250811827,
0.008824403735873785,0.020650980830403825,0.030933578056484782,0.04144325284254193,0.05166202227360969,0.062327291863376384,0.07480689568651001,
0.008834649859720328,0.021131044733520475,0.03329483211229973,0.045269137227847825,0.05612753772990107,0.066892759017017,0.0766696732216947,
0.005722065410218585,0.011278082604476228,0.014656173886420366,0.018060956095801804,0.022079429405862303,0.027479399777875283,0.030248897976880757,
0.007081112098126689,0.017705086019596646,0.027267853752275882,0.038989894167014164,0.051288760049238435,0.06709016694111904,0.07987658495327045,
0.007552047850868365,0.018594613313328782,0.030558217676757662,0.04226185062472946,0.051687512736593874,0.06221093315007975,0.07296062564894115,
0.00783827431182282,0.019839636638157573,0.031202210308753697,0.042780063320820266,0.05348048590965248,0.06690365556734384,0.07649598045751918,
0.00903521095212218,0.020737184897663047,0.031491252323010685,0.04178351677080801,0.05125401146474637,0.05969856814341409,0.06939595839651641,
0.007156557855171849,0.017259973830924005,0.026261497318857886,0.03368027799719547,0.03991636454113217,0.046886160679632624,0.054017575907211186,
0.00852289618731429,0.019997177940680542,0.029881092960271086,0.039464797888769665,0.04712698098761163,0.05637574933705542,0.06421395113774987,
0.012776435480531765,0.02855251698150781,0.04299187626462226,0.05590673543486408,0.0660419496672548,0.07677133728108884,0.08698651212954701,
0.008934797781982029,0.0235122961913863,0.03622474136957259,0.049421930120467146,0.06171161638627623,0.07770120863134612,0.09529844449120653,
0.006626408053865321,0.017525719163957853,0.029383801848332176,0.04127237570571812,0.052606518163585116,0.06458627215300097,0.07559507726436554,
0.007184762729349243,0.017071713880557938,0.025940270178583545,0.03559440374874056,0.04670242434223053,0.06079438421026905,0.07628244523235861,
0.0076082102872272505,0.0185717903236764,0.02758445398725148,0.03577994698011816,0.043578694565501126,0.051845935530239924,0.059088523629602964,
0.0040671927168159615,0.009646189890112511,0.015386592405827881,0.020808693419155505,0.02504966209044841,0.02979978248901166,0.03374108361985437,
0.010815144247932484,0.027591870558666763,0.042352466023385306,0.05665225127946332,0.07109632491766162,0.08938253728126681,0.10877984311088086,
0.008682861839445952,0.020562760915190912,0.0315718644665343,0.04274716261620883,0.05271044444607643,0.06342942109015637,0.07360242889802178,
0.009105950627654739,0.02697623960203372,0.04473900661979183,0.06370038401344891,0.0827240239681548,0.10698995261127663,0.13379312524375664,
0.00927826742949751,0.02334490260093691,0.035929184865872064,0.04780277001634851,0.05677162334741629,0.0654915028636919,0.0747383760423195,
0.008137441205062974,0.018633183226067135,0.02662175179579147,0.03496466184145656,0.043112836898145,0.05347542709289322,0.06310510337224032,
0.007812461956506171,0.019875767043338897,0.030540938926598052,0.04017248744797102,0.04853772463749707,0.05907606817070372,0.06922989253146075,
0.008025291386863241,0.019194430815906653,0.03035506994695591,0.04145891367788997,0.05089749498755771,0.060317407301406445,0.06935921434352683,
0.009592771369152807,0.023966759684230395,0.03685297212129596,0.04996911890311199,0.06199899762257581,0.07730909996483652,0.09041281482444284,
0.0072725752641630646,0.018140233169860142,0.02826314688143075,0.037709652174627586,0.04637988331469616,0.055149865733190105,0.06405658544577131,
0.006938107982294568,0.016504560184646553,0.025811421282750685,0.034320922380612205,0.041282375244335034,0.04786917503170506,0.05409804131126176,
0.006323567747638319,0.014959764562742924,0.022947568596278754,0.03035663859736014,0.037261678876533456,0.045215368999921256,0.05318897994007141,
0.0057705222570432445,0.01517913799737914,0.02448191033076281,0.03446472527440147,0.04333903522287664,0.05398323387964578,0.0652701808333624,
0.0036084561748547326,0.007201028582196027,0.010609439577404189,0.014917913856393855,0.019505253862166946,0.025723844262027007,0.03067162482916763,
0.007442669775879804,0.01825270052760973,0.029255346231509934,0.04132038151121895,0.053531806805420905,0.06729687431502689,0.08020600531555633,
0.008615743574357224,0.023173947853767404,0.03802949209914554,0.05257712585091951,0.06471170323032815,0.07668348510893662,0.08936776430008563,
0.010501534063313262,0.025526066572777655,0.04013396038074818,0.05477832800998057,0.06638084205557906,0.07823524931252417,0.08913023320730165,
0.00763839177187113,0.02073413823961041,0.03319059647599148,0.046373783673357004,0.05809022420557486,0.07150928036116115,0.08593001493144052,
0.005638647870098693,0.012879611486036613,0.018703817525331817,0.023886245789306294,0.02846042085589702,0.03238991654864075,0.03651249323243461,
0.007091718895010369,0.016138521939540372,0.02359544170720085,0.03138594121640999,0.03897633650357623,0.046919592803256145,0.055556438434720544,
0.007168643384618316,0.016701823164841156,0.024723837661198834,0.0334432523834909,0.042750444796987606,0.05457891471526228,0.06655397879890947,
0.007623023504326923,0.01712187572737266,0.025190010813523112,0.033358266554646375,0.0402731907479578,0.047515378291716856,0.0543851720076932,
0.005803575612369971,0.01379432473636614,0.021595728662782525,0.029270749794613436,0.036283543305740844,0.04243888793103403,0.049394711254377596,
0.004189918791145711,0.009284264887752927,0.014719502861652994,0.022145007552513748,0.03075452674513718,0.04051982884392145,0.051304786962556845,
0.00897161205342951,0.022805492360522456,0.03621198715201319,0.050183339556119394,0.0642005916951992,0.07796052994727799,0.0918479295230969,
0.005042404411697985,0.008319266911432465,0.011299259372859348,0.014261260427326344,0.01886792807869575,0.025604242217163727,0.031107416490263842,
0.007882785907027626,0.01749509266788785,0.025644029836673375,0.033778673992948684,0.04431717309410096,0.05572870034245563,0.0678353065040883,
0.005850871715209617,0.01635644242556378,0.026991208358529303,0.03865550978839051,0.049297279977171364,0.058981323709775275,0.06796536849349268,
0.004548342915058708,0.012720344049002592,0.021440492401403714,0.02920215687718741,0.03814232583644923,0.04809162321064534,0.059154639333138664,
0.005458392973603838,0.012535756542339804,0.01922105257930849,0.02802951141709485,0.03998031637564288,0.05492881627734164,0.06987792034253983,
0.008792037326418993,0.021203847675670365,0.032198207562509365,0.04333383211295579,0.052382239929714774,0.06295255847464397,0.0723837562402605,
0.008751466901147522,0.021294434870140048,0.03187165296635629,0.04189746628159097,0.051519019658052494,0.061096275175582374,0.07148868503396458,
0.009609353826079957,0.025793502120904074,0.043564176141792636,0.06334748869685872,0.0822401679529299,0.1033706864533659,0.1230084579646362,
0.010296815955366492,0.027460772885948677,0.04455071587322461,0.06462510750297136,0.08263561972217202,0.10189678089330557,0.12307876441391818,
0.008911274822568814,0.020885539555796806,0.03208013846027334,0.04278168299510017,0.051615542998165516,0.059777842273518934,0.06838684692204211,
0.010961327991224118,0.028638587827994277,0.04469465116470047,0.05992642286313431,0.07416034336126877,0.09134312404035444,0.10831991810603604,
0.004255857616220818,0.008594658692315632,0.013107408927759547,0.017989638897048722,0.02294351515957012,0.029060628336782322,0.030268543441572385,
0.006345709505569435,0.015865335185537472,0.025047836416818275,0.03437395717645232,0.04335524025393668,0.051621710206202376,0.059373058518836216,
0.00886629404156508,0.02305356333994587,0.036596038053798616,0.05050463183545148,0.06253440249888999,0.07506545917981458,0.08648351841545941,
0.00919330791559482,0.022904345667464607,0.034431051891743704,0.0452156859497297,0.055611645823350604,0.068308913449691,0.08229584018059723,
0.007982278016379424,0.02105473837984778,0.034328054897130554,0.04822737803077059,0.06113700357268396,0.07459697610991929,0.08873467730362194,
0.01097789969520418,0.026362219473417013,0.04044400473163995,0.053158230647928364,0.06404901212186505,0.07457622234515594,0.0859667575339932,
0.00938661331065811,0.024132895421153915,0.03911401011882813,0.0544362894452857,0.06869066356146535,0.08459454840718751,0.09950658058000744,
0.00784340863594024,0.018270840379924998,0.027880516281702114,0.036589426766932234,0.04313971724195752,0.04958897581147955,0.05666133428067019,
0.0062116507362762466,0.015392987316559775,0.02438022993789959,0.03480657359251089,0.04695201750024044,0.06161584513418763,0.07707089685370869,
0.011185008217916338,0.026601522569957327,0.04113185287389594,0.054719053483740475,0.06570762404114959,0.07729326701891857,0.08865608909452376,
0.006783906019098098,0.0158165089793235,0.02435667107131945,0.03311370554870339,0.0404736548501463,0.04925696274136082,0.05546822441785375,
0.006193868977785688,0.012084489700266184,0.01616339376711716,0.020899134863004636,0.026017408480910848,0.03306562472951025,0.040609278709510484,
0.01011134092892081,0.029390135692079378,0.0498325118556331,0.07301075638361,0.0945318168526284,0.11912058650877927,0.1406215384023461,
0.0059565005329369255,0.014856686094449532,0.022254087626468893,0.0290986453391105,0.036403621608253015,0.04569490669631136,0.05541684013606667,
0.009143096012417697,0.021982136959162627,0.033710753436724,0.04443991346181325,0.054564886400934653,0.0647669820232738,0.07421892672120667,
0.006646052464663857,0.014767207845372297,0.02157073729223669,0.03026980353273247,0.04062020370249089,0.05264327233080301,0.06362152172171474,
0.00858286310974981,0.02254867333962628,0.034394739123419414,0.04564886371732531,0.05557818078780307,0.06670706588760693,0.08080699587627249,
0.007715139144297042,0.01771055316826763,0.026934583145738683,0.03613007647677804,0.04517790009919232,0.055978831798275994,0.06488484512912915,
0.0056976160486006625,0.011632945244929518,0.016553928409073763,0.022036241311010795,0.025384820965565536,0.03126379721592949,0.035908791555746354,
0.007465857890966471,0.01966064890091567,0.03131020285003398,0.042519138621999464,0.052469478074372064,0.06409694091748908,0.07716160369134417,
0.0039289693108846765,0.006446672157986551,0.008808153114173206,0.012962583247490677,0.01888976431309819,0.02758820680868814,0.03550057191720343,
0.011688401830767836,0.029722469030347698,0.04592126317853839,0.06164339195245109,0.07529406556584914,0.09099827705531253,0.10892505210243901,
0.010922294950719884,0.027077051604284898,0.04239888183604118,0.05811709003877915,0.07197146148472013,0.08756566804126949,0.1028181794202421,
0.0067947277888255365,0.014867595018374424,0.02139975404621628,0.02898578518986627,0.03717695442828183,0.04619171425462629,0.06140384731026615,
0.005909975349148282,0.013821047235097982,0.02181180093029906,0.029056947114603666,0.03578338594892804,0.042623554283510307,0.048828795683149205,
0.009610873692425905,0.021424196276758168,0.03259724742348974,0.0427677259831985,0.052167814153166285,0.06091017892047065,0.0686222148149977,
0.004710235095036519,0.00868763422676856,0.008958618666751421,0.009052712377322476,0.011800279929461407,0.01794617273828445,0.022097543632689176,
0.010633943562065871,0.027028622261058552,0.04268857415221982,0.05919499714647359,0.07441506830737542,0.0915028322196214,0.10953082846055068,
0.009062444153016106,0.022508936706782567,0.03661605857443884,0.051315038452685265,0.06504227891916295,0.07839731375871031,0.0916767200794079,
0.009374010724726259,0.025827775966816627,0.04250753995113498,0.0618326214827967,0.08014218477839076,0.10236250749713345,0.12481147986608682,
0.006917021923580347,0.01505001843187249,0.02134582528598806,0.02753599287160029,0.032887267714530835,0.04041929532682962,0.04836646161485324,
0.011759769912664806,0.031164774236519758,0.04904368700049597,0.06513256361866432,0.07847985522269414,0.09216382895647576,0.10590971077006124,
0.005328062455674848,0.00901973894165843,0.010390225145178221,0.012667061072080136,0.013854588995178779,0.018231417322607597,0.02195909157843388,
0.008952357541407883,0.021881488152896686,0.03366246342463322,0.0453820708530917,0.05582439558717831,0.06856248660400639,0.08024681974645823,
0.008478712434538004,0.023343860236130883,0.03690104513804582,0.050164595876709205,0.06187151129211035,0.0758928706336536,0.09245692446456175,
0.00990228395727427,0.024183824072419997,0.037505023829997916,0.04983793468281963,0.060199290782100956,0.07039862973303468,0.07850629480488192,
0.007753849546092485,0.020704553320396994,0.034938778858166965,0.049803093460564433,0.06253464879231488,0.07895273631248614,0.0956999257976748,
0.003101962030325577,0.005046397148627426,0.0063302460618578655,0.00900400357988883,0.01096497338242682,0.013506485890015645,0.019821958607363042,
0.0077526479086566895,0.019378102772405342,0.029603822271899515,0.0389135137585022,0.04828795181129429,0.05983284315138183,0.07381761848921022,
0.00861875118020007,0.02170700938829611,0.03275995483957208,0.04294679045717056,0.05125976158141189,0.05999285931519558,0.07019959613176012,
0.011596926518583395,0.028692406358308293,0.04569677347230457,0.0623341834846679,0.07634574709821439,0.09113646101617458,0.1054338144239443,
0.006793934572884403,0.018124103872497997,0.029113632868706423,0.04095826821824676,0.05230923847794773,0.06711565183725542,0.08249270802711253,
0.0017152148029815901,0.0035474096209634045,0.0032353558226927578,0.0019970290192797852,0.0033720051408166873,0.0049253195105920635,-0.003763761344555347,
0.006608137695738981,0.016106916301802547,0.02352403187124335,0.03330327333003379,0.041106401946589495,0.045502697364365303,0.05482749634369745,
0.007381895532865169,0.015966258492795777,0.022409251481816387,0.025031990242806956,0.03009479389670324,0.03226616247705036,0.03680646685953324,
0.010257688710814766,0.025027737759241806,0.038540758840466906,0.051856278465812804,0.06485627996559287,0.0793123151221303,0.09188030239618246,
0.0026859732447151257,0.006869025646096025,0.011212050797823803,0.015762685916573906,0.022915235149503603,0.02505262552722964,0.030487435569443545,
0.008736797338743852,0.023075823724933563,0.036649975879352176,0.05113610399882094,0.06307048356725241,0.07738492649626848,0.09170394627295819,
0.008133938040144624,0.019958249000371554,0.031120068532712878,0.04113244986831602,0.04987440412543362,0.058514458344062,0.06587581590493492,
0.009069218370236555,0.022584271829292978,0.034831903562388085,0.04648717866333981,0.056498641751274524,0.06599451454321255,0.07690262069561983,
