0.008009739365777655,0.020155826811318014,0.03122962874210034,0.04211417246545454,0.051677816692149235,0.06173169602796149,0.06795735188296499,
0.012002320352420208,0.02894514617129468,0.045503770159801386,0.06264017537118895,0.07711392008564945,0.09245345258857639,0.10614113441061035,
0.007961780130816052,0.01778045876426442,0.025647602343363527,0.03351614054125995,0.04249028910366138,0.051948953394019164,0.06478890142045633,
0.0003723638792377225,0.0005071466632530934,0.0016634321000427452,0.0036407241703029732,-0.0025355251136048363,0.0031995369697522583,0.0011608863760715082,
0.007829685175894554,0.016910160209437048,0.025799132038435146,0.030587319748759754,0.04008280951768963,0.04711694123435874,0.05998829668886671,
0.008978393647584102,0.020626155260428543,0.03111299043867354,0.03956054597000602,0.05068145407216837,0.06141608304708599,0.07174560338905801,
0.008796214205124666,0.026307115298655415,0.04438051142150859,0.0644388962191857,0.08338980212003838,0.10957803152399864,0.13711061032313537,
0.007310893277363038,0.01542483262770304,0.02165024919852219,0.02779569941674165,0.03467825022628423,0.04114780069997795,0.05143938495474262,
0.009881980322238304,0.025569197562342577,0.03986070239092976,0.05422727109266753,0.06836233227612155,0.08146298769490272,0.09233706363774609,
0.004545623519380827,0.008104289265095398,0.009668089973229965,0.012991372152085635,0.01917653488909908,0.024216511092610655,0.026868150866175885,
0.0071558372141135055,0.01564302892562225,0.022075199518454106,0.027395391185665436,0.0314922156806667,0.03875049316421141,0.041750408539571994,
0.009018838426523625,0.021098908496029814,0.03111135408154343,0.041456338733800745,0.052395189743548065,0.06774131624751772,0.08161112922625242,
0.0063176229955943875,0.016012468303965303,0.024395077373834805,0.03343840069964297,0.043964436166399445,0.05824642373962527,0.0705724736100848,
0.006869417726248827,0.0164761665553949,0.025740838204379998,0.03782353525140615,0.0453117082309821,0.054807667936070024,0.06450222087115877,
0.007411455366825266,0.018076756016673308,0.027065368019261623,0.035945372379108005,0.04230686378215498,0.04956236423204086,0.05664116671453837,
0.008589169586486726,0.021164361104981197,0.033588069101752584,0.045815365807826455,0.0554824206345402,0.06560874780843157,0.0768614981294429,
0.008166487127186399,0.01992647040693329,0.03273717206418917,0.044919211367199445,0.05471779271934976,0.06344585088916073,0.0722724794373619,
0.005776794551326663,0.011018957184576265,0.016845909410521113,0.021783877654845744,0.026381704510507017,0.030255184803181085,0.0390066591322893,
0.005440411087974762,0.01438706177569079,0.02321244038185115,0.03759175201104136,0.053825736990675305,0.06904430413115124,0.09446654838216177,
0.004744728631510638,0.010665873447695956,0.017136339447997372,0.029922089075252078,0.05002451045873749,0.0934007545246498,0.13222104673390347,
0.007072610912221669,0.01795475230204467,0.028704201306318154,0.038392883172193935,0.047860986692120126,0.057320897442891115,0.06553201254779494,
0.010681498434947033,0.027095760530811,0.04236732860351946,0.057728473844089294,0.07132795315004102,0.08552822182623408,0.1008866080072039,
0.00015771321324605143,-0.00017647824877520417,-0.0002763194986654003,0.0010848501668677222,-0.0007205934591708612,0.013280253809424554,0.012074276862710452,
0.004435306769906773,0.008381170265498348,0.01065406944622461,0.01323285453794252,0.016149287520060604,0.021226679308628694,0.025774367875989843,
0.008715988670351291,0.02001571348655838,0.030766438290936577,0.03986792559685739,0.04870629256970335,0.05699966048234285,0.06718596839572026,
0.008147233634923754,0.01932202740690121,0.030969491570686514,0.0416468811557068,0.05266268503121046,0.06682392609365893,0.07884019581726158,
0.0060676562228699415,0.01729998512911735,0.033161302332622135,0.05088507718459659,0.07012813264950843,0.09783489346903611,0.11944530982154024,
0.00640238901763164,0.017058482902322973,0.02764168099204425,0.03674267402036158,0.0453704857023793,0.0531730944440793,0.06116473236032149,
0.00901201417391531,0.022599172797334904,0.03633046221531492,0.04942839704730059,0.06306082441630505,0.0777095817776832,0.09086523413738573,
0.011358274223396067,0.026968209093301432,0.04251895116754467,0.057553209148691414,0.07143007956461388,0.08764777154612263,0.10000549625564244,
0.0077593496040881645,0.018433253161107718,0.02723380939906185,0.0349238191294452,0.043032602035028206,0.051770120693575096,0.06045563838545745,
0.006902583668836668,0.015986389600125838,0.02306386198399564,0.029856147882964677,0.03529578903100639,0.0428959665536248,0.0498051226120678,
0.008397697391560738,0.022774097268970724,0.040035935144812386,0.06119030053864633,0.08030450195079397,0.10063185475445968,0.12554772842913073,
0.0010136535798410569,0.0025664283168834114,0.004337591869332195,0.0063891907347813515,0.0064693645278746095,0.00953163372474341,0.010026747921788457,
0.007480320243725804,0.017956694113820223,0.027774517212306404,0.0369014623075944,0.044846955206264555,0.055278230978430466,0.06360043714544236,
0.00904311777465349,0.025249668219575312,0.041040507338843485,0.055902624482072547,0.06901430895787365,0.08480114325851916,0.10251792006712358,
0.01009358622675794,0.026129523139291913,0.0411988534795755,0.05596711387620427,0.07054218903608712,0.08625032194358162,0.1032993227109328,
0.008753049797959241,0.021999847008179994,0.03374907189554041,0.043938381681409455,0.05308281405818072,0.06327516456800124,0.07465132916467886,
0.009605306209429149,0.025076863846138626,0.03823388517260363,0.050020216055802605,0.05955497588076851,0.07053347827753514,0.0840945444473065,
0.004662678191213951,0.01265626861341032,0.020080783113716142,0.027042566307688937,0.03350039394218861,0.0401480574544345,0.0476121632057544,
0.012224890383773595,0.03425698547215372,0.05513082509806879,0.07608097273666653,0.09528699173757113,0.11613846512102008,0.1389003896947205,
0.005844028506362054,0.011025557709011332,0.015531077558096117,0.019147876205027,0.024613544364635316,0.030759966821572646,0.03561593638353543,
0.010847327351825939,0.0247015689724909,0.03676935862503006,0.04770373240031748,0.056054699190568234,0.06451534312139014,0.07158269869370765,
0.010191139621647496,0.026067684931782645,0.040585808192718204,0.056476237572691504,0.07245055137913976,0.0905715915568444,0.11184469990834793,
0.0091906260550976,0.023064514533962122,0.03558224956151787,0.04805993068469021,0.06060916580758781,0.07701658400262605,0.09489980941954348,
0.011418662563635643,0.03476557360797384,0.05805166663180267,0.08245125080667136,0.10093405846470221,0.12475930071792314,0.1511891160934674,
0.00550621576079453,0.009426964350120604,0.013268514120677847,0.017933320890233206,0.02195842484963632,0.029472036142165866,0.038967828192177485,
0.011902687469790259,0.033122652064371344,0.05155540590524197,0.06862558961277959,0.08337610182917747,0.10046496146507806,0.11859213578960494,
0.007039671589788473,0.014186723952640456,0.019642756628428112,0.023860556412799383,0.028678696055537085,0.03733910471645496,0.043911966152264455,
0.01231129233828445,0.02924540104654959,0.046019289637771445,0.06250929187937104,0.07699724419631089,0.09202520410617884,0.104597978944114,
0.0070062862243431825,0.014860031805056016,0.023586734426138276,0.03512854994311097,0.04215447867324023,0.05524194415122448,0.06404140791691056,
0.006681057997552476,0.01637714297941156,0.025526842544966434,0.035434472399415134,0.04446092638491575,0.055030585237372934,0.06519499125105897,
0.012227476556241417,0.03161878210329183,0.050337888482245935,0.06924684283795736,0.08516428439084579,0.10282194268630408,0.11859607257840223,
0.007047879219099226,0.018862852992980864,0.03115584852915853,0.04253164617998984,0.05392052824207382,0.06321909984183989,0.07515196395342212,
0.01174474893405766,0.03031462148545008,0.0478015744253267,0.0638127141846337,0.07584173770432283,0.0865953667289087,0.09568823895610895,
0.004331543309424494,0.008510416919560924,0.009562020728507183,0.011672987677143398,0.017269380920068404,0.02369170396240872,0.030882006507958658,
0.00110429303182992,0.0017664188309845137,0.0017868874028251418,0.0032155349413366756,0.002345659112802205,0.006447454417552793,0.016678854150576242,
0.0010198687831432093,0.0020738108202539634,0.0041915914387268705,0.004797274396433918,0.00753938366654249,0.005269840314601541,0.016455734022325638,
0.008854061040865918,0.02230142649570203,0.03350111177963952,0.04633887459837363,0.057581206272146815,0.0705019406028848,0.076926442317675,
0.012508066345094274,0.03536790963517288,0.06041741523773599,0.09001178774653092,0.11637113480089256,0.14421194764627476,0.17189842766679841,
0.007276972868407662,0.017296814973683197,0.029235308369223972,0.040559649787928906,0.05144537894008926,0.06837764340808915,0.0826428905331882,
0.00985709997649156,0.026981639804431648,0.046281489762894416,0.06818364852108777,0.08907579002328424,0.11336592799040274,0.13808335155114587,
0.010908403175981405,0.027519385805950997,0.04397251978007152,0.06032557646982804,0.07611433966075665,0.09171259621474093,0.10637678498427697,
0.010683050558440177,0.029703386298037447,0.04681092305063979,0.061835661333291325,0.0743924847974455,0.08680495366781388,0.09830700784386241,
0.008682185448210674,0.023465030676946785,0.03652096470868352,0.04960353886293138,0.060237687874106056,0.0738790116466328,0.08752252927949285,
0.010591997045448671,0.02734757107506388,0.04197686918442359,0.057245487451322824,0.07288026067364471,0.09133755241009746,0.1103775052754154,
0.005434015569721266,0.013904922990130391,0.020826254281194778,0.027421751958411043,0.033202665343588365,0.03761890454598396,0.04314203705471385,
0.00776874090975857,0.020632069426982865,0.03435521343085354,0.04995846828866081,0.06444341650514594,0.08040363582282174,0.1038018093632462,
0.010451713421759655,0.023475076391893133,0.03649228971233975,0.050073710341554396,0.06055415178392838,0.0760427275157573,0.08340454305045439,
0.014756843640627132,0.03643816118066823,0.057835877522843575,0.07916167884736686,0.09807771338773004,0.11689036693170428,0.13581002920627352,
0.017253056282052228,0.055294653698641304,0.09591999381858322,0.13861198805704683,0.1754573993635056,0.20741368729943052,0.23387032372246316,
0.009048172308379952,0.02913803530988965,0.0508282001806955,0.07673405316516385,0.10576509783270721,0.1477865148209027,0.19432096964781567,
0.004732068777253004,0.007172820430631279,0.009854024270998433,0.011771405151783564,0.015578911154656207,0.020123347567166536,0.0273411707451953,
0.009434685797816582,0.03275378773610782,0.05779764087095773,0.08504272041423906,0.11196120375110172,0.14619667152992433,0.17926514221520048,
0.011280186653405265,0.028742028016524777,0.04598652528042339,0.0631064552656213,0.07698965030232972,0.09027604813134536,0.1027055719302817,
0.006378591299995299,0.01394651456210753,0.019768152184765457,0.025518235176608776,0.031990312200181774,0.037264140546485434,0.043985867483591796,
0.01404705499786774,0.03658005963294319,0.05799018135121716,0.07894668093792245,0.09890428575352866,0.11894760353789259,0.13714081421752272,
0.009504580023280562,0.024204464455126484,0.03671560734001113,0.04929075506808579,0.05989927939097222,0.07096020514076161,0.0815247821970673,
0.005087538197569131,0.013928324000390917,0.021634617486525374,0.029472278262439918,0.03637189178465671,0.04429815449330746,0.05120650262145255,
0.011167908521635257,0.028982709606397667,0.04626242514062716,0.06377131086954353,0.08144311904464291,0.09736477788217,0.11376351812726058,
0.001632016060844881,0.003066769370692333,0.005073630796394547,0.0054399740713322806,0.007120293990044138,0.008490363738480809,0.010951337342717686,
0.010565943514474511,0.03567788289052807,0.06410349518968321,0.09525563539346858,0.12071574268968634,0.14831776586292875,0.17845083015049606,
0.010600000502433345,0.025016149197745512,0.03709809667466093,0.04836708670414358,0.058729554163575955,0.06870536948675435,0.07750735084294802,
0.011278715053504092,0.029284368575627766,0.045594694830383885,0.05956352129384196,0.07170193980256805,0.08421969378644496,0.09770008951494748,
0.006801850287286606,0.014280188466962182,0.020481530557908915,0.026981778166603736,0.032988826585349525,0.040516037264873676,0.04921755778017982,
0.008648299926656085,0.022739170413695366,0.03597687349119338,0.050134379653440475,0.06387135614641347,0.07983222832553677,0.09781670720638563,
0.00923471595850245,0.024808235280528838,0.039389891633447,0.053797472923055624,0.06829125755872488,0.08596036265495678,0.10339668209482171,
0.0071467355743752015,0.01983905837887122,0.03381882112032152,0.04782974521441832,0.06096881480244792,0.07196578869705146,0.08678279151700424,
0.007180310994485875,0.01717908211209058,0.026765028577915333,0.036978744325280005,0.04422741333195432,0.052664757557564286,0.06074594077873319,
0.008008339503025706,0.017080742277266966,0.023891603787578444,0.030707561074024507,0.037231645598249735,0.04384627005337155,0.05530283454900939,
0.010258247833354155,0.025388108917656943,0.04175743339153481,0.05678026534667333,0.06882317877697545,0.08186565361045674,0.09169575385985061,
0.011427043264680505,0.028178245346340017,0.04490613501041859,0.06097556325784842,0.07493494210634205,0.08867304739954666,0.1030569206095589,
0.008980773564880926,0.025294969415759677,0.04173784504750264,0.060237394599256006,0.07932694017294574,0.10536416891897395,0.13118015003756336,
0.00747196866600375,0.016507227763339072,0.024438767395903224,0.03242054615850817,0.04183642442412552,0.05609288368170339,0.06547035587259464,
0.008856392120685197,0.021455979168581277,0.03315514767916236,0.04564644902869424,0.056828701526090854,0.07045425968759858,0.0842866235860144,
0.008391104689643247,0.0226355987345251,0.03791315785055586,0.055070223418124044,0.07455177907040784,0.10167056944612261,0.12809296299403702,
0.010147610532760835,0.02686746094578915,0.04395590068356767,0.06217223502564819,0.07522655372337204,0.09440549596045249,0.10564638163270584,
0.009938765062531907,0.0245532588723965,0.03698389164981955,0.04826035309462027,0.05733072437554539,0.06884920355009364,0.08163717968723173,
0.009181974970354891,0.024091611794972028,0.037873575626921986,0.05368565060743799,0.06593168678342722,0.08266991280211683,0.09954732605711651,
0.006633657407916446,0.013323186615247383,0.018692780343760148,0.023783558050112234,0.027206927166649138,0.03658289262012771,0.042685019290348084,
0.008773370206582974,0.022990527634873484,0.03598967954241984,0.04693685615494924,0.05534806901164099,0.06440930876029527,0.07307933749212488,
0.011968922350044103,0.031449612929438736,0.05027193297268321,0.06922805528175681,0.08422448610138901,0.09569525885336715,0.1087810304269025,
0.003935292188209266,0.007452298886910084,0.01163571759457805,0.02262202185180608,0.03710343387847893,0.03619133035358959,0.03624701284058305,
0.009800658857867522,0.02769781232586775,0.04638760719207716,0.06448734374001551,0.08102402053185466,0.09749646502702818,0.11596870548122419,
0.0024720059407799554,0.005268792565783668,0.008379880299651874,0.00871894222589911,0.01127955973819008,0.01879133190596455,0.017013256675533234,
0.005365848379406416,0.009019664544757779,0.011246581989172626,0.014362526453143306,0.017614626411573586,0.02007654768942052,0.025791016976337997,
0.015033013720757932,0.03756568089346513,0.058937287589094195,0.07911310011421709,0.09811329858051639,0.11362100913213752,0.12858723828514773,
0.006413802176351292,0.021386355016037605,0.03770334495243317,0.05759787698277639,0.07016430537800669,0.08527506130816544,0.09837475677790043,
0.0039991204251238885,0.007861681703560683,0.013236773249702656,0.020213134974618362,0.03250791763174422,0.04061043052829529,0.059804601039531745,
0.00909250445935361,0.02384434437481769,0.038835393550247795,0.05287061693604223,0.06716281043333351,0.08283581250668709,0.10140179241471775,
0.009327705317350053,0.02584784022827207,0.04133461068266,0.061556445786923986,0.0764751412619047,0.09844097614873527,0.12077342363598344,
0.00027651961678202864,0.0013316273957124241,6.606657250042291e-05,0.0012365915863571805,-1.0083940785737453e-05,-0.0029696307188046083,0.0017751961748706272,
0.012172897461340553,0.03058076674274771,0.04926044866885118,0.06792704331888018,0.08543266297862846,0.10360765853860697,0.12534340934251278,
0.009985955271795568,0.024739228926929525,0.03721029684586353,0.04920296835443652,0.06072373477737786,0.07313612452753564,0.08693218406699628,
0.011796243197276257,0.031879137820479166,0.05261756549141785,0.07392324553002293,0.09360488186083395,0.11475484996452338,0.1369856990497508,
0.010624643296039078,0.03578582778425275,0.06468898454795925,0.09678298896630345,0.12412740455761244,0.16236452744009308,0.1997520486748574,
0.010650235784010281,0.03482743064984759,0.061581401644936605,0.09199230820644472,0.11748013196550507,0.14859654856856466,0.17940467338249635,
0.008261125903005102,0.022953331851678804,0.038690004676748095,0.057283017657511,0.07597458060664229,0.10505390478604519,0.1395293195659746,
0.008301241698271504,0.022181786389844124,0.03635107222649557,0.05526458500468813,0.07454476680527458,0.103802708761096,0.12631212116509452,
0.0051515854324405835,0.015196274520079161,0.026783124041866543,0.04243930375387875,0.05969771625109003,0.09401177900593023,0.1263001822654437,
0.007395904481852757,0.014760879814389451,0.019800627252001504,0.023946000781575726,0.02706937031971043,0.03118355645745575,0.03468489718978786,
0.004136057979732971,0.006807024741143918,0.008602134459730007,0.011160242271597285,0.0155426068171897,0.021283020516054078,0.02763309779911455,
0.011448672711108644,0.028404254187407982,0.04407641896984496,0.05958375129368262,0.0734623656690614,0.08994177862729846,0.10693068323770673,
0.004934305089640322,0.01185706507439425,0.01711697449278393,0.022973241227626187,0.025812185491755027,0.0333416081670285,0.03752836327403178,
0.011804087127524602,0.02926276188276988,0.04694536248790492,0.06592497834546764,0.08277576274005755,0.1010621528045828,0.12033996913998259,
0.011963201850350248,0.031980909971110326,0.05102321129192481,0.07133272345883747,0.089617860135979,0.11029586294766264,0.12931957792801227,
0.007305127975675064,0.018248534788073485,0.029166781047284047,0.03936509252662166,0.04927200354307449,0.057583364190964076,0.06549889521471129,
0.011186113386845171,0.02697435255246724,0.040739878090961246,0.05322276482031993,0.06388884783636357,0.07476237309145345,0.08626020770498938,
0.008908057480991778,0.023255791304846327,0.036183188072933074,0.04918192426410603,0.06093545747521981,0.07396155853668128,0.08701395853266641,
0.0058573738147869,0.013420710650978414,0.021398709540302773,0.03261987223849779,0.04358068932190207,0.06073704464303257,0.07377147087542728,
0.008823131579128759,0.02548258164178012,0.04344940451750056,0.06104956423817972,0.0790621470989008,0.09642371217263467,0.11751263774392968,
0.008692024656255595,0.01853437426725096,0.026925968853198392,0.03446794565839054,0.0405063107253767,0.04798253043943073,0.05696889453816415,
0.008219427956363322,0.0192029737020154,0.028276071601081917,0.038182791791256936,0.0493677632529366,0.0626806603540731,0.0760415813186502,
0.011460027970226052,0.02708315505145568,0.042129737712906394,0.058505249081760705,0.07299034507136543,0.08953442854328683,0.10540785817729575,
0.004986261493890654,0.006819371242008047,0.008197038673339098,0.009218760251627354,0.01213307064950057,0.015964406368563108,0.02061858828697777,
0.0076091371376764165,0.015407078457712775,0.02158066922710971,0.0280417879391009,0.0358601487897059,0.04352942970812144,0.053327658389125815,
0.012320803087626881,0.03214727019695295,0.051610880608872284,0.07188319641458853,0.08872427108440634,0.1048350890000893,0.12177747904696068,
0.009866836398623076,0.02713546403047589,0.043492775166405366,0.05951593824380753,0.07193494569102318,0.0844951778475061,0.09799472293110567,
0.012843043218393845,0.032428652777477855,0.049864609378717055,0.06702170747254856,0.08186081986946035,0.09866389744992185,0.11527510200648786,
0.006399713406893969,0.015994583909200406,0.02539725412897157,0.03842359489336414,0.050741669665618445,0.06535453734780523,0.07595906585377837,
0.0069533722919593605,0.01800975636010849,0.028157157432202155,0.038186499944274484,0.04826492413912051,0.059697276655428295,0.06812935710473919,
0.0023314139621955984,0.0035645409043745433,0.0047849246618032505,0.005574343296442091,0.007168171560932487,0.006110752907639586,0.0021313772993615727,
0.007222363456584744,0.01783256398759042,0.028357884796887063,0.038741712373977506,0.04744338670406503,0.05814112014589146,0.06988885976996782,
0.006343525703926044,0.015868464562131198,0.025872789925572782,0.03840718258751616,0.05120201576308655,0.0676898462111435,0.08157789527036939,
0.00473454784244913,0.011656630673977528,0.019258825744037537,0.027018631433677925,0.033023176684074854,0.037735040727161294,0.04467863729060283,
0.009144859525189864,0.03137690175583461,0.05906718149309119,0.08743692427148161,0.11173370185242731,0.14141047804014445,0.1730497978407367,
0.005946455491272818,0.017051661312506735,0.02986994017394417,0.044875933183428626,0.06121952224218168,0.07755186823646816,0.10571568881359104,
0.010576532797423209,0.02522460742343318,0.03852620702930612,0.05128152578994849,0.06257692141256933,0.07533005795083203,0.08746819037461784,
0.011058001957625501,0.03444897177016606,0.06154585234954631,0.09200154897385208,0.11886055289920532,0.14449740655878204,0.16535473981503496,
0.007958997172460625,0.02079839079172036,0.03205066205780537,0.042156449324139644,0.05062554829793219,0.06075863757584732,0.07193158334790013,
0.0038680098379643155,0.01134043675157807,0.01867125829752393,0.02916320189053411,0.04200940467559222,0.055348409466192086,0.05693093561929109,
0.011487275801380644,0.02969720751056959,0.04722921321375957,0.06449974633017173,0.07854522916445995,0.091498632760535,0.10309119393979152,
0.008974047842328558,0.020594526207689815,0.030501107332589185,0.03946347133792794,0.04708430416141809,0.055370355064150736,0.06285764513432841,
0.006937250329726839,0.019342685194866194,0.03077861838036966,0.04132348180406305,0.051057490037164414,0.06183610861778128,0.07242448885493237,
0.007641431279804095,0.017161320051278177,0.023936853384567136,0.03211065083052359,0.04019753140310612,0.0513196712169055,0.06067986373506052,
0.005226843230935314,0.009612696996809113,0.01243035032874797,0.015434151384376298,0.019226127042755795,0.0255028196597486,0.03181882289521006,
0.004881730040955486,0.0084178683156051,0.01003423956933938,0.011484233050442764,0.012234903987139669,0.016045910724751984,0.019226576840976783,
0.011994559460498879,0.026801477907804308,0.0414344741814473,0.05593495034876235,0.06727003815876385,0.07956231396856156,0.08993914899198947,
0.010509515324404445,0.029625490604675016,0.04769736172493422,0.06504349999164408,0.08041060635020279,0.09915526702931382,0.1207196234585446,
0.011474570934146396,0.02986286520042025,0.04640271296054389,0.0623759867849527,0.07655800111379456,0.09224709740633337,0.10922098310011323,
0.009438824563822196,0.03155421732669661,0.057251661237658055,0.08313277995527274,0.10320784886796001,0.1261389295922495,0.14749170803653347,
0.01090865810800324,0.028985813916623176,0.04726704787000455,0.06472145300840733,0.07978614578035366,0.0946787256550821,0.10615283609167216,
0.011271818412143732,0.029734568180348614,0.045575275441003184,0.06125525746166915,0.07566224142408823,0.09280158684172261,0.11031364539392223,
0.00790843973050103,0.018974295517172987,0.028494033535543025,0.037966835398699945,0.0469571347192188,0.058172537858823425,0.06581663372004788,
-0.00014526630785874188,-0.00015069112647076897,-4.6688230939237796e-05,0.000374770653047335,-0.0008890831218821142,-0.00033377383861840615,0.0029932781409320367,
0.009976889968311899,0.0253873158078037,0.04007793314901963,0.05521572941233722,0.06859520193620045,0.08344887185052487,0.0945240345193904,
0.001987913152158014,0.002899594064270612,0.005074493532320215,0.006619954218932609,0.010437239875876001,0.009494447951300748,0.017992471733643312,
0.007986017454419651,0.020930248358429104,0.031313377019389445,0.042316033445570715,0.05018259281130891,0.06297257054476928,0.07602664820099941,
0.00797861505656617,0.01836941991479812,0.027766851903465607,0.036950990884068495,0.04567121212428483,0.05657587234683941,0.06873975358298078,
0.010365266372492382,0.027635520941152632,0.043364940932314196,0.058859917481707255,0.07303318368225747,0.08827350184409605,0.10475571081142708,
0.015211485621584754,0.03934419412488364,0.06387805469126362,0.08881010001593263,0.11214682488182602,0.13463214599515222,0.15586881817197673,
0.011051199580523016,0.030759477089878032,0.04950172093973562,0.06831514220120091,0.08628270884224969,0.10380797804129215,0.12101189410939575,
0.008643925251465847,0.021540816730781957,0.03268829615424718,0.043024023619905975,0.05270224669633245,0.0627373114254998,0.07560839958579453,
0.0004784395283658465,0.0015547038126892596,0.0035161893969423747,0.007677287059136873,0.009044533403432009,0.007751185162745757,0.0038228975293021486,
0.005023332535250568,0.010716082180139745,0.016132945723307462,0.02431986672644989,0.03329113700569234,0.04657956914783175,0.05493319932263312,
0.011488225847400814,0.032170956186820206,0.05433850292039199,0.07797833747227956,0.09680057460277423,0.11550394013071687,0.12752156510736515,
0.007250158658165112,0.019115538529943733,0.033068687375416655,0.047608963617846625,0.06020680224722091,0.07731287829264312,0.09243973675237883,
0.00501338292943876,0.010329184158343914,0.014033997368534109,0.019522252875269666,0.024309868463088732,0.03254591129428561,0.03990292290675566,
0.009864167559807041,0.022599296981178366,0.0352056965167917,0.04638880757823712,0.05823449342172181,0.06647539338302956,0.07685021090494293,
0.004935644366008848,0.007518234461946319,0.008126443019172423,0.009437738866702156,0.01267940953429681,0.015898951617032028,0.019696206544599124,
0.010956841272627891,0.034492029836289725,0.062232260586455375,0.09569117216868044,0.12815345339190645,0.16407860222984505,0.20596034829291882,
0.007189722937793861,0.01655398156238558,0.025459984847525888,0.03287961723662703,0.04104294322578518,0.04571311956841661,0.05341034865196933,
0.00807981813933803,0.019644781960245883,0.02989367290412958,0.03998135789718394,0.04694573528240415,0.05528703200417703,0.06370876424724957,
0.010839452193449813,0.024811933835326098,0.03893084774744348,0.05420739012320056,0.06497283706064017,0.07773613737893004,0.08923249133599677,
0.010611824076266606,0.0254362949527359,0.03905044363786106,0.05268274148421373,0.0682877363161935,0.0851102857985015,0.0999096874211478,
0.002073587418006873,0.003961142852207235,0.0065196999999272585,0.00866642574973356,0.012922601611380891,0.011915586476943046,0.014232205701179062,
-0.00018423499964360864,0.0004531526551635293,0.0020470598380805155,0.004367390508341141,0.0024907032072998777,0.012354099290176238,0.009414124125136258,
0.009438442813329607,0.023953704297599493,0.039214606981199815,0.05538695552641764,0.07001589556066175,0.08457849396885923,0.09972474428556312,
0.00742726076050319,0.01697810764493068,0.024967801118406133,0.03133865635565618,0.03864208512963145,0.0461123300925414,0.05432498976925983,
0.007843316543439742,0.017600024680721842,0.02601209803520374,0.03529086503418367,0.0459631563675876,0.05966690267373356,0.07316153398335387,
0.009420808167129589,0.02221587084851034,0.034110593949621175,0.04774981253160067,0.06243754565313201,0.08157683342539492,0.10014590889880388,
0.012396402029042318,0.030537041705301252,0.048555179209342866,0.06632880543243769,0.08327033374254908,0.10037342716340798,0.11381238385290228,
0.009181012826179339,0.021865021606675573,0.03344486238111527,0.04490281368622109,0.054992797152745805,0.06668088246142519,0.07720346353886677,
0.012917712659084037,0.03577696610302189,0.05728544410202131,0.07997209411675713,0.10089229759665867,0.12418349028712661,0.14629440803618082,
0.009160987354494872,0.022234788562255896,0.03398262096611398,0.043912649401231074,0.0522578122743665,0.059632943090744434,0.06728972769359348,
0.006835213873508892,0.01893549596096911,0.03089803917710271,0.044378881729739764,0.05929464665638781,0.077465497987967,0.09789718112375538,
0.002195596048929894,0.0032576143038606205,0.008062282497986132,0.01216711410366851,0.01661106517551667,0.01926239990102549,0.0240243415664457,
0.007146679315025232,0.014162061344231107,0.019260386614210895,0.023955675553088696,0.028378919392460553,0.03312042599048671,0.03815834603115875,
0.007100248077264841,0.016314691446132398,0.0242300209692786,0.032981854346425914,0.0442911333980397,0.05788751558373665,0.0703542085528176,
0.006800791492677681,0.020229783607746327,0.03380887111162336,0.04633546951469272,0.05621690867760934,0.06637351544820327,0.07543814383381788,
0.006168767034412692,0.01197012927749782,0.01601385875249936,0.020121274118075735,0.025918980802939754,0.032753615686284716,0.04149900302637733,
0.00980671402805804,0.025028778580925157,0.03830958248335837,0.05173921120754752,0.06337832021439957,0.07693396611126638,0.09173690723528549,
0.013104453691443908,0.036908463005790586,0.06297219339752538,0.0925837319718962,0.11990409786294287,0.15059915281926003,0.17816498460982427,
0.013252755172132587,0.036240635673270676,0.05746558189029117,0.0794979694904577,0.09973740038155403,0.12059092255348625,0.14121011709635692,
0.00785182518958783,0.020187048334418985,0.033561417169097864,0.04739870040986656,0.05894294975843492,0.0708870780856574,0.08170283218089121,
0.007698332674981549,0.01751575763592274,0.026494124071934525,0.03561395446156722,0.04270499836305786,0.051222798741513025,0.06091151204230048,
0.007936868744518988,0.019354052257473782,0.02977248013079882,0.04107345285824707,0.05282240268568841,0.06625130022896299,0.07992421613792891,
0.001253628963719333,0.00235076817870938,0.003750595108368864,0.0037647545539738485,0.0033813027575948502,0.0035827901909508313,-0.0005937430095921818,
0.008598860525655712,0.02025836776136638,0.030015045203950208,0.04072189566539541,0.05229693839265436,0.0667440349492101,0.08006731832561476,
0.014912022736511163,0.036544892258647724,0.057184730718166925,0.07795535851196075,0.09688580304997775,0.11630789563205378,0.13371550117683131,
0.009743141950332034,0.024698830616053137,0.038949209919967365,0.05595906217862337,0.07238641985647822,0.09139652462919098,0.11378763214246847,
0.0011896064499726784,0.001978460387361265,0.0030181352047583547,0.004636235580487861,0.004935329212273797,0.004413339009773783,0.007213154350016829,
0.011659559544959083,0.03385488712070207,0.05762799151903896,0.08446773008166977,0.10834113449715337,0.1342204280231594,0.1615144022197655,
0.005724085198875348,0.010384869166082564,0.014160533779588518,0.018247372716756364,0.02413751259582143,0.031867356984891786,0.038821996416102116,
0.008205474679222153,0.019716778670655695,0.030007365187862237,0.041959330021561235,0.0553093991631853,0.07303098997194367,0.08897442939433878,
0.012350925276374547,0.0330460509155153,0.05342766251510512,0.07545993400112759,0.09516852537416287,0.11839611136626882,0.14027931922101466,
0.00939862993163776,0.02422117676788734,0.038579173977125694,0.05273474012724987,0.06529237072962478,0.0776213462604009,0.09120865663246425,
0.010581973709658856,0.029355124257074667,0.04839424521456515,0.06785259912578609,0.08529384035150533,0.10261034498457143,0.11637797411880187,
0.01082130128521182,0.027458501979510528,0.041956492035241724,0.055003967372845956,0.06589939050621223,0.07826600883184487,0.09065387509858158,
0.008344835565186346,0.01891086778123887,0.02767658726887403,0.03489864390484796,0.04291760255258759,0.046471247641938156,0.05042954713021187,
0.008734623812161708,0.021193358814947463,0.03176914238302753,0.042160739556797895,0.052821095589891176,0.06531419893508565,0.08033377474159178,
0.011994614148873768,0.03097401700393094,0.046908998606070874,0.06165537590548229,0.07577704349140467,0.09336545233080995,0.11252872024964684,
0.008601578521405088,0.021131281683938862,0.03262975135632677,0.04441083392371567,0.05429194402008556,0.06412315067946094,0.0724096006066656,
0.010948880065720663,0.03073051002108711,0.05194432718249524,0.07667268507212556,0.09893438653699137,0.1259557707842102,0.1494831473515612,
0.009097513140116142,0.02239320098496154,0.03470781513349409,0.04704610402304894,0.05801019354790476,0.07004982817124282,0.08292427611949235,
0.007979497951245515,0.02084954008104136,0.034181778639052335,0.05066600876265833,0.06915486391605274,0.09418054849700508,0.1193505671898809,
0.011051464597724894,0.028559525769175236,0.04482294520918734,0.0621803772253453,0.07929241915959863,0.10040398601886949,0.12188450195148894,
0.007899747655501402,0.019433592374592308,0.03157876222994841,0.04462817078328034,0.054875320485534125,0.0659462105267411,0.07604058024885908,
0.008085035172892446,0.01922524607417219,0.031229117910392512,0.04209357736655695,0.053120307467371786,0.06337090812204538,0.07550384733155911,
0.002195854740424326,0.004465876392949494,0.006999016363236458,0.009159383367930637,0.012426079157995599,0.010834616540391803,0.015266722713133457,
0.0031437058340916344,0.0038312611472638403,0.004185074660141616,0.005199733400865888,0.005368660884249163,0.007559438754461305,0.006414779802053226,
0.010980380432874488,0.026802621521274436,0.04165928251520401,0.05662272281677485,0.0697215480710084,0.08384499114564638,0.09766546635261016,
0.009247878472933678,0.02337511762188174,0.03553244183036424,0.04604883487135741,0.054661416346814165,0.06176833689850789,0.069508659139975,
0.011298807794257005,0.03625423057642595,0.06180831241944414,0.08791407553526652,0.11110217159602466,0.1373959267283339,0.16532657646176968,
0.00740168867454873,0.01665683823473531,0.024125666273196324,0.031211596130001906,0.038588004186194125,0.04970355867109606,0.062013527726321654,
0.009745739996770806,0.02538357327855241,0.03957284211711371,0.05225179800036997,0.06329030831556534,0.07462966051229229,0.08660332567807992,
0.006435641020269257,0.014407008074589276,0.021482625863875733,0.0290355470859911,0.037458743446066534,0.046916454746899344,0.0556370337051817,
0.005868637451561001,0.012423801885037599,0.017194857601403286,0.0217508669669058,0.027579593663597936,0.03476369074088012,0.04201881287911923,
0.010560379377683381,0.027753911152357685,0.04311326016473176,0.05873787562317056,0.07404966813425735,0.09336412395099701,0.11444473969719013,
0.009311079008808449,0.026952810731690334,0.04465518491904337,0.06162590349640465,0.07897891238273401,0.10097627878552372,0.12505341938154782,
0.009257222744299522,0.025624517094990463,0.04236641669346931,0.058015791485023886,0.07201971037461825,0.08864346683475215,0.1047798324722503,
0.005922443102599017,0.01443586837120182,0.022541815282624098,0.030367282276586194,0.037624120275123074,0.04450184465294449,0.051497985739146664,
0.007716836670127626,0.02050402211834523,0.032400908855094494,0.043012531838617515,0.05192266603846817,0.060494618691824584,0.06963277676250572,
0.012240942827084166,0.03292051652095024,0.05279940318953536,0.07286791454951032,0.09197593956229408,0.11272632699237337,0.1300896206826145,
0.012904532201984025,0.03096250951699781,0.0469183210390353,0.061750804354854145,0.07326916377382271,0.08461681840368648,0.09580094940784326,
0.007654709214941046,0.01637531745517909,0.023890014687609085,0.031071414058437982,0.03743980643516735,0.045105618402311934,0.05393352725085505,
0.011268254735655259,0.03093692693558009,0.050224260313713735,0.06980375131581115,0.08752226054749467,0.10657593731239215,0.12233064021158578,
0.011840264744429648,0.031788535636246194,0.05122442160162954,0.07136365405358801,0.08930053464604043,0.10984623545140566,0.12820417081922383,
0.0023394129875467513,0.003930208771583907,0.003925515905876863,0.004479776495875301,0.004323928632265931,0.00571416753852296,0.005406518293568777,
0.015173619208605271,0.03847679351379972,0.06001466496660497,0.08120624379373319,0.09953241014187925,0.1189465491399772,0.13736774138123936,
0.007506513372334378,0.019617081666803867,0.03170745408436763,0.04317870921883933,0.05271536768696753,0.06396319622810738,0.07338955216212675,
0.00991230175925706,0.02541718129160746,0.03904486372572062,0.05242904390592443,0.06418903351884349,0.07845526058384424,0.09450043261246202,
0.008506937821038937,0.020469088911173716,0.030815568456098445,0.04207753569313056,0.05308260449963535,0.06773678171506028,0.08396057341952624,
0.009468177418048897,0.024368960900864264,0.03952306579296549,0.05629934215051143,0.07109885883479412,0.08655132406043878,0.10203438080008131,
0.00425183901296591,0.008678138481041315,0.012761036163072748,0.018278463278124865,0.022923740906986016,0.029896534472718738,0.034258299667296904,
0.007129653136528581,0.019550565213890512,0.03282756933660181,0.048055241087469,0.06206356856336192,0.07883995108756278,0.09765017935355536,
0.012548237536673711,0.03462233889626784,0.05620931386678179,0.07971389432946238,0.10083354449900252,0.12358118021992959,0.14593946526240867,
0.013510401999304925,0.03518567333788431,0.05540880772086431,0.07525104260185246,0.09411402369484671,0.11371505244217747,0.13563366092607507,
0.007955560786391926,0.023105480098807953,0.03769056482587457,0.051136068264378116,0.06198494547027924,0.07424412028578518,0.0870315062520509,
0.0017163166775145968,0.00284327969275715,0.004501063116489125,0.0057814613334600026,0.006977648347358053,0.007163142467866806,0.005623744450484225,
0.012129666403936314,0.030942026082821934,0.048781873793451606,0.06747921764992706,0.08500357344312928,0.10466336061859033,0.12311438912577002,
0.010983438356202668,0.030059508781872316,0.04939131882582956,0.06849855716343582,0.08599607397567387,0.10350849846742739,0.1227857448387322,
0.006452369238475855,0.01624530010799544,0.02678584167657817,0.04107495341640013,0.05800524839081454,0.086957941190935,0.12357484780427108,
0.012436412593710998,0.03580657296264336,0.059560386351307525,0.08383589430777152,0.10378691856631735,0.12430022792798673,0.14606991851381945,
0.008792053987878298,0.023900297339343256,0.03838103897096984,0.0551696174221577,0.07360907645469981,0.09805299401218051,0.1247729180865997,
0.004572456591767058,0.00812909141641784,0.01034094617839938,0.013990639453425638,0.018848306535580558,0.02396785318623235,0.03172223852983639,
0.0004681015646421371,0.0006727052265432339,0.0008893593911216214,0.0005299029655690709,0.00014290050492596275,0.0007380718636861763,0.0014522453633999623,
0.003734141426892067,0.006262118442207447,0.007607843331036687,0.00954138876671641,0.012236656309224294,0.014527186641388296,0.02352112628535547,
0.0035799240311137352,0.006766887333399691,0.008724214704599149,0.010359848013546051,0.012770308213092715,0.011116320068393309,0.015493740941732143,
0.00995939217104286,0.02384301865015901,0.03575600743947043,0.04769635823707236,0.05763629082396933,0.06909517096154388,0.0797441653258395,
0.013635614051045812,0.03143080894583,0.047510144522419064,0.06223453352624564,0.07471428910527501,0.08734163533120075,0.0988687296547102,
0.0014858686293249767,0.0028899307137902454,0.005270467140596458,0.004786651226623779,0.005963863202725535,0.006321153343494282,0.00570045815232621,
0.007358568289900738,0.015793970185980055,0.02225524342379209,0.029920475564319187,0.03671304286843587,0.04367887503578299,0.05244948985589089,
0.008513578547351132,0.02654958730884203,0.05409900721731008,0.0970482177972339,0.14805152062375698,0.21184762030830467,0.2769687545750518,
0.010235199155912426,0.027090117343228103,0.04228948346321835,0.05889450139933498,0.0731572245558745,0.09037625560521202,0.10638326757867361,
0.008733379786166399,0.02343062164324773,0.03629710636287632,0.04835163123333057,0.05866899678043324,0.0708638353352775,0.08441276283985064,
0.010470694161167858,0.027845488944581828,0.046191212196220015,0.06576461465231641,0.0831921847076704,0.10106803050836287,0.11711666666593512,
0.00792114574592405,0.019509629994130445,0.030058220376932766,0.04004868645810445,0.04857783392127802,0.058101916346574245,0.06643084540497654,
0.007613015614857072,0.016399571771000602,0.022895307077946313,0.02990268718018081,0.0363041577672993,0.04331685794554825,0.04973067833092077,
0.007767206038950577,0.01787092741150908,0.02695095966981738,0.036560670141150095,0.04700222108574791,0.06015919473697007,0.0733084036332205,
0.0065396508104885445,0.017293791114784678,0.029133845496583936,0.043527786104199405,0.0594128922017081,0.08076642137910467,0.10294416014818741,
0.006887808730071063,0.014314242805140162,0.02103205099545303,0.026577811707568972,0.03237967190895109,0.040479803804617985,0.046128644514761105,
0.011225886523318806,0.030789404775679985,0.04919643083131756,0.0686331988850437,0.08765828372354058,0.10886587325222051,0.1300040686008571,
0.008844283116654134,0.02104364081925435,0.032182827829744284,0.04202839861328656,0.05277565594434884,0.06230362656415003,0.0715735553888789,
0.009719075835382283,0.025042936365692544,0.040891954101204414,0.057601545379720544,0.07368513943504558,0.09060527454286106,0.10942303564674663,
0.014067718156998704,0.03609368145744371,0.05719442012932419,0.07692843554929107,0.09447086583966892,0.11056125521173624,0.12592342228884212,
0.012547275072876084,0.03452450957102451,0.05610183238347068,0.07862853557422168,0.09869131189437147,0.12115224230712236,0.14171243751706802,
0.009700018012842856,0.025130443379004216,0.03942147782558609,0.053208062995198084,0.06771312660509969,0.08435075460801562,0.10210834173725296,
0.010823501618841542,0.028200094161705106,0.044598953507932124,0.06256067166227379,0.08137529303990788,0.10391456431016165,0.12743811290982174,
0.011663816381206182,0.031743884642341916,0.05125191191011657,0.070589178985335,0.08910795890647773,0.10919273970233437,0.13102002332391918,
0.0049206580447495015,0.009006147932220824,0.011653925975715391,0.014724709937275406,0.01835833934517659,0.023090280533921165,0.03063048081528814,
0.01401065569890806,0.03499002697616741,0.0547952549036695,0.07534906676905695,0.09369318950868778,0.1132066383219187,0.1306308844387489,
0.011958020613339665,0.030472447845845085,0.04860872876306512,0.06735149735423948,0.08331829034503524,0.10144380146299992,0.11873202936387386,
0.008886436646999622,0.027015194585157415,0.0472814002133621,0.06839602002215099,0.0857721828845309,0.10236841636661392,0.12041400649274438,
0.0037702507853574554,0.0073427478498161855,0.010058154247608189,0.013020816417910948,0.01653252822563379,0.020835931313450618,0.027551682691345048,
0.008802021253718479,0.022722531733214407,0.035862702921582064,0.04867710322027396,0.05931312094874563,0.07196896538460594,0.0817545823036103,
0.01142578187787845,0.027067127042751084,0.04220537711703561,0.05692592812716591,0.06883715343449738,0.08188910149210792,0.09409012822591688,
0.006591159113323658,0.01346826357210167,0.01838105016362593,0.02391730468269326,0.02918127062264878,0.03684803091463441,0.04296342141572458,
0.009472981236976943,0.026758272944134975,0.04263954471534168,0.0572190972451536,0.06982979016448214,0.08440398730384269,0.0997080856230152,
0.0021222550289380325,0.004175581801825653,0.006732175063281989,0.013104684524134326,0.02257865296309588,0.029079805410377503,0.0708825518858961,
0.012898030115217734,0.034079326944148454,0.05293290645408173,0.07029840018333959,0.08468428868461206,0.10108158961592971,0.11779766748128365,
0.004521956355286428,0.007254430787390059,0.009450974236025634,0.013313940816709238,0.019697577759859808,0.02837150080402839,0.035663928364631,
0.013220485784852397,0.0362316485983747,0.05936833636339984,0.08483007880529281,0.1088456941287425,0.13645015205081884,0.16390671053872885,
0.008725826267022245,0.021439906151863853,0.03338326044715931,0.045556762410113374,0.05608197965024434,0.06721524177731593,0.07650825592848597,
0.009299606879939361,0.025673946921115395,0.04007872510239957,0.05429670569033654,0.06686127276529992,0.08372596444307724,0.10176592341748181,
0.009900941138944087,0.02491319858313661,0.039017518794670684,0.05349024021929997,0.06734878972592627,0.08185379466960539,0.09631184657272013,
0.011241050260790407,0.027858299282809654,0.04205940630838451,0.05517978209083969,0.06768033871430261,0.08045862996359779,0.09424499460686447,
0.007082924688615427,0.016555989219554697,0.023966923017098886,0.031011074003226932,0.03800823543176416,0.045096005602851416,0.053115320826814645,
0.0031214030952818952,0.0048089101944742705,0.005494009035230753,0.007366982257886553,0.00986000077274231,0.009731516388628625,0.014459590169699662,
0.0010956904803020604,0.00550830482382181,0.009111367840111972,0.01309625433273668,0.014246822167905295,0.019301665601282464,0.03159537969804059,
0.010278666412606835,0.029669756528304173,0.05112342297977548,0.07589202722983049,0.0980613395567882,0.122774898412711,0.14266954602516768,
0.006284491794733115,0.012519790991353034,0.016128980385897187,0.0194629583225904,0.024443739070705402,0.029845115345182263,0.03791634823433102,
0.008991596567607113,0.022922476968503268,0.03580345527798905,0.048086176449928256,0.05830006619201826,0.0694227416299102,0.08035373512825794,
0.011395686411743747,0.02863675172320217,0.04617757730445223,0.0635284599473179,0.07961797774514968,0.09564222061147622,0.11109180731052244,
0.008428746837451036,0.01973802601296357,0.029391081336177363,0.0383041154392742,0.046818273179253314,0.05700245621421192,0.0668369578146994,
0.010975291921841088,0.03423435099820705,0.060823339928332214,0.08962916562349615,0.11349572223130275,0.1450296138898812,0.1791176756908539,
0.01023488529473759,0.025788002534106604,0.04112421087905104,0.05738184351101517,0.07365180895365643,0.09221287565842537,0.11194894754755351,
0.008186158459237598,0.025217307797201636,0.04362320598015515,0.06166443535743759,0.077451464818322,0.0961652314570667,0.11632823828086451,
0.006738256917252251,0.013093332729269368,0.01774627112529184,0.021460496727058874,0.026774136929025104,0.031504240970520216,0.037848074764152535,
0.009314355677524368,0.02151543860443481,0.03268277065234733,0.04373966075499893,0.053828915146040004,0.06608027734779054,0.07617554315321272,
0.010316475025544183,0.02602281946298561,0.0409556359803924,0.055946572271907295,0.06890372635323201,0.08259525941042345,0.09471955744918861,
0.005266771631733025,0.009157526168068102,0.010831609118984658,0.011826172617572793,0.016352619319265252,0.019052146438999887,0.02261923014189252,
0.006663503622668098,0.01750696619111523,0.02719995083691717,0.04065732379630192,0.05604652748213066,0.07379429226472248,0.08919618206392829,
0.0071269481082481745,0.017491988262791865,0.027538255769776677,0.03864400886578845,0.04767312826903415,0.05799552858200652,0.06755485965944925,
0.008249234307805943,0.02004498566302795,0.03054212248376791,0.04167846974645058,0.053008577808107346,0.06535038506213324,0.07600319722990044,
0.010139747981868607,0.02381146291293668,0.03607886672260375,0.04788594224438648,0.05850228465093421,0.06829459093571395,0.078977501067548,
0.008044235239705717,0.019384786804511417,0.029017800176712016,0.03758255852675328,0.04518905789006547,0.05297461320087635,0.06135348479497559,
0.009586684629086585,0.021630784207313934,0.0314179281106836,0.040492090388248615,0.049162225994513906,0.056967723394003994,0.06549624880558542,
0.015511198610505095,0.03676020643139826,0.054877593097496354,0.07145092882850444,0.08580719035129515,0.09995024568072594,0.11424714561207855,
0.00923479576391184,0.02551817476351033,0.041306467456772425,0.05850980742980927,0.07619814975837967,0.09957229789941872,0.12338976717094498,
0.007365491661536675,0.01909219748122804,0.0314125969588961,0.04546543343157402,0.056010263925040125,0.06915513923002518,0.08129364833206573,
0.00790205960391897,0.01820734822917205,0.02817543414225915,0.03927413583638379,0.052163124062417375,0.06869531941302585,0.08354954549381323,
0.007441952018194088,0.01811269528243322,0.027121542347278114,0.03625746093972188,0.04416673919525834,0.05210084774506656,0.05787571860280493,
0.00420796830542236,0.009215342116011256,0.013718967109661268,0.016233664936556518,0.018900474425679457,0.020875716044633896,0.023028340510653524,
0.011488248135713886,0.030504464996384206,0.047758889323051314,0.06567604134733786,0.0837882953799552,0.10686494788971977,0.13226151921194068,
0.009576614908389292,0.023156283301228278,0.03624365054088851,0.049211587389821204,0.060833889166101364,0.07429737936839223,0.0865138632105713,
0.01000951204616167,0.030549102451341563,0.05261337047739541,0.07663558520855185,0.10179082451735867,0.13569963125566525,0.17178647601013336,
0.009108769180365784,0.025211446052065083,0.040028485486757845,0.054234478252695346,0.0654683478992554,0.07681070918569151,0.0891136761332221,
0.00886129473922835,0.019558062222248096,0.027649007594843483,0.036562294128455845,0.04542949855538288,0.05602180616370827,0.06941801081394544,
0.009033407189896541,0.023431149745837588,0.036376345636181584,0.048584017422354436,0.06042524092529788,0.07390039886085009,0.08714303757098076,
0.009239008088289544,0.023081801507990975,0.036137903972864586,0.04970788824176613,0.060511674469106186,0.0716890977148187,0.07870139040565646,
0.01073383354973821,0.028391887331827955,0.04482522576477361,0.06186012895068415,0.07787848598924006,0.09821431864452157,0.11533267157862565,
0.00800204715506348,0.020232611903387,0.031380375225466224,0.04279170068671968,0.05232242589336873,0.06208480429809885,0.0725638191487472,
0.008463658169498551,0.019841114950577853,0.030455730664387542,0.03958326284085972,0.04772233898871046,0.05498098605368137,0.06159142362399463,
0.007079274734664796,0.015910382634894856,0.023302371923746252,0.02991771544423976,0.036213195896544564,0.044397284248732384,0.05306157043061094,
0.006830854244598489,0.016907812203329292,0.026422934501195972,0.036595525040958414,0.04714738026100735,0.061675189304295934,0.0783801315486468,
0.003053094505463582,0.005899752851240694,0.009221931338615985,0.014152804567305504,0.017960847012040815,0.024088681581616197,0.030737921690757786,
0.006589483653553612,0.016517080824807736,0.027742928346448533,0.039652455548986505,0.05215663145960226,0.06583561661470898,0.07979256300804004,
0.010614920605276789,0.030097153720368457,0.05017020354182123,0.06956221649752825,0.08624688281821581,0.10303029311919543,0.1204306029495103,
0.00969957472825599,0.024021822436210188,0.03788234890228215,0.05052043218855055,0.0615059737813729,0.07262240355256465,0.07842429165984131,
0.008029413283636986,0.020743445160284125,0.033432550455913444,0.04670776242910849,0.059376202415163476,0.07402737814265957,0.08999706522470745,
0.006360550653517592,0.013288099209637992,0.01891964127838763,0.023391285138644708,0.02744885237403689,0.03186092261421079,0.03708895433464065,
0.007645243065211584,0.017668646744744543,0.026421245383118866,0.035630259971170204,0.04493305015049861,0.056246479617119184,0.06585434025186514,
0.00746377942183996,0.017159309320549106,0.025880919573232845,0.03608434374357669,0.046798224557972265,0.062315744551652195,0.07688901646032456,
0.0072279893194753435,0.015623215809986603,0.021625654694699945,0.027772431173633608,0.03392438120800348,0.03951314021489179,0.04597794569259843,
0.006439572771313951,0.014749989355860138,0.02214949626718145,0.029276091061095837,0.035826785822011174,0.04241277127287839,0.048771047904721206,
0.0031125430070421535,0.0069274614101904,0.011526538669319696,0.018228887168217595,0.023479224202474315,0.03269532283542923,0.03236804990281936,
0.010938083361140834,0.028300047949863103,0.045951470272386837,0.0648095923299334,0.08199391372771063,0.10060511515491308,0.12025574369267743,
0.0038253418900090572,0.005575379727747671,0.006544622373655895,0.00936975592829926,0.012522881290299678,0.018576502873366096,0.024847949236192157,
0.007057751357241775,0.015726979313858042,0.02274126878186184,0.03126620381015593,0.04114364956625336,0.05520251303334496,0.0693149697297986,
0.007900374895614572,0.021705947073637644,0.036573275418606124,0.05251720388823261,0.0656900082537661,0.07775692826902912,0.09030953600887048,
0.0049733121139715645,0.013476666071228618,0.021675122786362012,0.030833054480395413,0.04204939741940806,0.05612360214023179,0.07083712566533283,
0.0047120616979802205,0.010911474378658735,0.017939584732883155,0.029463092011499246,0.04506659831263173,0.06044823362042529,0.08450721421693971,
0.00960361273124528,0.023543704203689526,0.03620761904007347,0.048535847857268735,0.0598097498205464,0.07197779655420125,0.08448418161816006,
0.010666399970107031,0.0255598391109514,0.03911808398955757,0.0519796974921647,0.06433197374306178,0.07811234631009745,0.09271512258314732,
0.010259642494836673,0.030509015809237146,0.0528070675525397,0.0792993994294765,0.1028836552952409,0.12780611033910458,0.15689817720272425,
0.011975156798472358,0.03296052155612023,0.05499270545836942,0.0810191827415072,0.10384010518867262,0.12989549558987767,0.15426388711841804,
0.010463992390806937,0.02512280725481288,0.038235103281461624,0.05084504198376937,0.0615944997978454,0.07218829103444113,0.08251330934854915,
0.01183883998589642,0.03230253028752283,0.05120449959721376,0.07015472869809612,0.08800125376559947,0.10900975235177515,0.13118809329485173,
0.003001749628402051,0.006704320621569343,0.010574625255974593,0.015189756904593708,0.019224195145936627,0.024559770669842936,0.024548762959297483,
0.009405565038127341,0.021865288188245364,0.033813241619974364,0.045325852222709476,0.054823443855301676,0.0645540208790313,0.07303671546558743,
0.008632580278733754,0.022576941087585574,0.036230762550455424,0.05054457226416417,0.06360921397700647,0.0771849842541328,0.0853655764119439,
0.010376099549173942,0.026273888131962735,0.040176049219972795,0.053681654124693036,0.06681858876623131,0.0836114085191239,0.10046867102809971,
0.011050762186798421,0.028941393436023637,0.04758309287437912,0.0674019540560575,0.08526958876983284,0.10523747305953667,0.12416304625723112,
0.014021256692645749,0.034994303928573146,0.0540279278748242,0.07139413590000745,0.08617387309658164,0.10120665085177442,0.11510943162379754,
0.0110946893384212,0.028831934635965114,0.046970286415983525,0.0657511787278491,0.08348818282065358,0.10239646867616871,0.12105496290339013,
0.009616295816157139,0.023099060083461968,0.03448612416274705,0.044901500498336674,0.053043453796520985,0.06161440103195436,0.06911511793704674,
0.005970017380940255,0.01500736949132394,0.02412836186747132,0.036710113104105185,0.049713291387329196,0.06674982107174886,0.08163885205201508,
0.013656192053468677,0.035123660159569046,0.054967402331179624,0.07398658768655828,0.08986724245222535,0.10542750651868327,0.12140281078297455,
0.008051307626279149,0.01737153460013729,0.02535405688600542,0.03345211968870918,0.04043102649308655,0.04785702902877826,0.053038650635513614,
0.005129315863419019,0.010382526107560125,0.01385091793001823,0.019333358402623176,0.02464106815740577,0.03086977419560892,0.040394701900891186,
0.01043421170426993,0.03283021006670322,0.05793847397082189,0.08615421415664709,0.11159007444907136,0.14067688466399553,0.17138387147632722,
0.006774674449380342,0.016112468041224157,0.024000687616943513,0.03178526298288297,0.03921731683060953,0.05020932434519254,0.061435715321457064,
0.010671162823241145,0.026971447666386265,0.04192992431108443,0.05588804360698938,0.06815978678682542,0.08044719612606459,0.09083865606268898,
0.005461325762567107,0.012474439316427334,0.01909573723167046,0.029146389758323007,0.038915116284996124,0.0504079412493137,0.06115235454501203,
0.010026580293685422,0.02633926093032273,0.04098314131524992,0.05533026762081213,0.06952683093593669,0.08572358435540263,0.10597341275894093,
0.00800323130606901,0.01772377441055128,0.02604615357017534,0.035339720804233664,0.04430088369510369,0.05371261528304611,0.06456788631132683,
0.005259614578117658,0.010546798198618925,0.014247971807565206,0.017774810541881764,0.020910604186799808,0.025117838996267523,0.02918856759913412,
0.009404296869379714,0.023607785710047752,0.03696558356838769,0.0500823547708027,0.062479523524313414,0.07655759016056696,0.0916832017213732,
0.0027838394428729243,0.0034634245435943524,0.0050236686036293715,0.008795419845464064,0.0150948839806645,0.02294786010108101,0.032127762206963555,
0.013103420353896097,0.03439457240326949,0.053844803843940685,0.07289514507972816,0.08968103873058592,0.11008614181946512,0.13096736938542697,
0.014056256755938204,0.03683522672906304,0.05930005717126351,0.08294010184319903,0.10322338744513038,0.12524216360301182,0.14591218102519957,
0.005574132923070648,0.012741233581892174,0.018352719519865057,0.02569483653674409,0.03564242431592988,0.05067593024395189,0.06490437614891269,
0.007275091110960253,0.016207162609355712,0.02460713742333418,0.03246616240126604,0.03959850017834741,0.04508160758056695,0.05359353760519222,
0.010569436744233945,0.025111860540065825,0.038440628280692606,0.05076315725044528,0.06136405744870274,0.07051713295797764,0.07955799265159415,
0.003596034725136476,0.004993028291862125,0.004231622831710643,0.002901042407182402,0.006455993018843393,0.01656834892452164,0.016894061439781033,
0.011295731855463403,0.029965474972767584,0.04874862818083394,0.06895020167043432,0.08665263974138629,0.10741119676626908,0.12897153248160453,
0.010289278447379795,0.02731722931468469,0.04512886724492478,0.06367477626132381,0.08049629652947679,0.09743277689854923,0.11279470658052272,
0.010324639614069488,0.030654162342132744,0.05249640875415501,0.07787431920681476,0.10038436664475336,0.13112571547395546,0.16264184605428852,
0.007239021424546073,0.014104392224216477,0.019390231841527685,0.024055558954637932,0.030136909155309862,0.037473862486986136,0.04518320138068947,
0.013239767954111456,0.03710002054236105,0.05928777650325209,0.07988117096094484,0.09713635047807784,0.11438453488605563,0.1311869497324178,
0.0055674530966115885,0.008738869748855566,0.010737834416621551,0.012335463289200717,0.015721118511816793,0.017341962755358917,0.02053597310927555,
0.009097513999463402,0.021814789808897315,0.03431457640313049,0.04642699490347364,0.0590171094360148,0.07114660702570862,0.08603302043566043,
0.009283158566232564,0.025560177990419892,0.04100681524685592,0.056670568046456045,0.07157540708142524,0.09013406576536082,0.11047286863861419,
0.012059100802419521,0.030102877220893318,0.047521424906591433,0.06328410528863361,0.07571052152555079,0.0872149066938341,0.09589783350933737,
0.008690258971135068,0.02406077883165727,0.03957485660392894,0.056564572301308395,0.0730744152161016,0.09364954240585631,0.11570977051629334,
0.0018230375216088206,0.003314064190032846,0.004581637811163585,0.006815685171910774,0.008006480663459454,0.009912553618208364,0.013877064502749153,
0.008768275152257738,0.0225429652418506,0.035110602930047835,0.04745760315939763,0.06049728317204151,0.07681374467123944,0.09464959786247135,
0.009651885638209113,0.024152993636868444,0.03702147588983684,0.04872915616801094,0.05907227471341747,0.06946872317114,0.08147956433837808,
0.013476457663374897,0.03710487688012095,0.05957397041758484,0.08261143659683909,0.10252850298329017,0.12184263430980742,0.141851693817127,
0.007026356739325184,0.018924765714718877,0.030366347562177386,0.043564796725327405,0.05784107935741705,0.07571123943275626,0.09538124187611537,
0.0008853277106914102,0.0008517747700572824,0.0022932375970221588,0.0004400186853104958,0.0014993044603330496,0.011208903493742156,0.0043174153667498005,
0.006490837544566707,0.01697115163819562,0.025974163881079655,0.034158728181068375,0.04363319271825153,0.055737554708569226,0.06554787471638417,
0.005635034637821402,0.010996093464611096,0.014278481702613215,0.0171394305603379,0.01962365310271825,0.024746287524861035,0.0267641360429202,
0.011767315492189618,0.0297916582463596,0.04597748539295778,0.06392128063342442,0.07855722501075715,0.0967885606677616,0.11143169678325644,
0.002776238494629843,0.006811975927191391,0.01112003918239379,0.013067306790622409,0.01963687215224596,0.02856535324799635,0.03453101014780926,
0.009979869986740848,0.02645448067709252,0.0426040242396756,0.059125595321869666,0.07419540208236057,0.09139383760061821,0.11003851921771217,
0.009742030070205998,0.02607270118610112,0.040493863803090085,0.05357766471430291,0.06492499213461132,0.0752355151177617,0.08533658824685299,
0.009374297892042744,0.023412407190410607,0.035835271460412856,0.04806213301340831,0.059049456637931125,0.06960628386671014,0.08371646886335739,
