0.013660491038335703,0.013411651384875227,0.01669561313945885,0.019149450479859234,0.020697938153239503,0.01902005481844295,0.01799838896851047,0.013036050780831365,0.007205364571718285,
0.019938173683369077,0.023022222716758124,0.028001176151006363,0.02971944669348212,0.030029969933627623,0.03462821721809959,0.03882356242871871,0.03443893098119538,0.02739012452392819,
0.011180124382673488,0.011446143145012978,0.01433155709423231,0.015145572628975134,0.014979073013265171,0.014865956152869363,0.013712438179279458,0.011118677092506375,0.007314819129858682,
0.0014960714453763674,0.00046778463850492423,0.0012146131269042545,0.0008330272009471828,0.0008884811210940917,0.0007455041799877213,0.0006763598359370122,0.0003785680582505508,0.0006611489401576734,
0.010282133583027944,0.01251737284486728,0.012661152947951665,0.014690741644507179,0.014103528920938038,0.012258309243955523,0.009212520064951825,0.006000693793587424,0.004233329810168113,
0.013642046473561691,0.015815485124802634,0.018429907573106526,0.017886758626323492,0.016740804777712635,0.018414344894971242,0.01531764464770659,0.01217866640113067,0.006210284740534014,
0.015065717099304406,0.016482434673348922,0.01863897048645005,0.019711460546935573,0.02059498784341159,0.01916672398002497,0.017702751590573995,0.015697228245846285,0.008702803678842828,
0.010087779760077962,0.0106146254445682,0.011972757508719614,0.010851839484962813,0.010921914626607389,0.011949788732316198,0.009184074824631383,0.006124077510946089,0.003693996026915048,
0.01495189323138457,0.016143873925264174,0.01946394715579215,0.02090946429505689,0.022404644683362118,0.02383527971229813,0.02544652422895787,0.023489912992198356,0.019255395791411917,
0.0052830494318880355,0.007445012781314116,0.00650162003504317,0.006712420925959101,0.00628460553769075,0.0056839327479080385,0.004451713073276994,0.0033555996317847646,0.0022972819077068302,
0.010651272923332787,0.010760069289052843,0.011896193168462951,0.012836930207081702,0.012595764593724464,0.012599326694718985,0.010579761143605978,0.008065880696492254,0.005395293424376585,
0.013350966084245368,0.012919294830397762,0.016526808230142558,0.01784514095036875,0.01666048011793787,0.01572110044785704,0.01678528088890045,0.012235197274019899,0.007831526829510127,
0.00963544030120199,0.011339558342692695,0.012186185781286666,0.012497135716335912,0.013811872334572338,0.013057662767005963,0.011519513987442706,0.009348994528274387,0.00730266702732951,
0.011782319497479928,0.011824455537367015,0.014039886909455826,0.01514263000193094,0.016299858674844226,0.016539492281946056,0.015328874206724992,0.012735617723660853,0.008198138699116689,
0.013333238691792381,0.014340417789192476,0.017488498984978708,0.01712524366230564,0.018122107636437287,0.0183354803578931,0.019725809211606594,0.01507492308293504,0.010135268393581856,
0.01583601814940209,0.01937247130606445,0.01949491617074196,0.021665147106705095,0.024695216393960977,0.02647262219415411,0.026814982675870194,0.023800169512708663,0.020439747570143857,
0.015045718513504606,0.018424542018185223,0.020003560541906325,0.02112621707281296,0.02390150056606043,0.026538054536059084,0.026394219561350254,0.024781582139191793,0.020157527804166422,
0.010978708583134053,0.010387548733354733,0.01194715142619139,0.009639714119585628,0.011059766746794972,0.009090674824283364,0.006127227652988417,0.004251949084752729,0.004546375790861056,
0.007421611777752996,0.01014960994630495,0.009896751731703556,0.010706652126376646,0.009442043833886799,0.008067671770904472,0.006448820441506504,0.0039780109153978276,0.0018889422543932441,
0.007429036826546833,0.006455519201063809,0.006062187314988412,0.006128306051708493,0.007181433312858561,0.005345143126757415,0.005146954903503815,0.0032894397566833504,0.0019546261644542177,
0.013204823733561483,0.017302648166684226,0.01644857307130172,0.016801909660339828,0.019975249632822295,0.018461005275377824,0.01923665917167334,0.015039999591801826,0.009060670119712724,
0.016694551354536475,0.02002729433493268,0.0209435085446766,0.020884561331836523,0.024951857343085474,0.027246260213993904,0.025583777567907792,0.024958112092851734,0.015185949932169897,
0.0009990181391959065,0.0014294330614052194,0.0008060095222780044,0.0008512332785181622,0.0004392901206651381,nan,0.0011260210918023648,nan,nan,
0.007723025627820099,0.009490847872534632,0.009976102760930031,0.008819707008892189,0.008727448225521942,0.007421391024900918,0.00617411488373976,0.005522763829546423,0.007596950811075249,
0.013960719870700317,0.016882409487508656,0.01658380805300476,0.018970888868485063,0.018614386997132734,0.02106432539026332,0.016268301138402524,0.010626115335306673,0.008343616730637783,
0.011670615486086732,0.015725951733404735,0.017487377583516553,0.01666215088925982,0.016621724497647435,0.01676940633679505,0.01640606058000529,0.01171216625450853,0.007183170019707122,
0.00690377558137671,0.007865979046887047,0.00916420267823236,0.009606552190888391,0.009000670720154548,0.009166716761445957,0.0069179416757663235,0.006059218014464517,0.005032947191389561,
0.011141633858924376,0.013118556093223283,0.014759033627276442,0.01530376712434284,0.016425132050586176,0.017209086147294675,0.016694653339575358,0.016443448248834626,0.010568289837789874,
0.015553788655762051,0.019098014344818073,0.017785929552987374,0.01839359820827812,0.020204018925301027,0.01898830878200307,0.01782291421151742,0.015827233900564387,0.00990733755037542,
0.017941128816976067,0.01991417866676265,0.020493168413229297,0.022070399263056952,0.022896613023312785,0.023482216241989012,0.017502507990981474,0.015603240434306092,0.007115451130679578,
0.013127493520983429,0.01517379661009027,0.0162855070895361,0.016615009695036504,0.014760338746875252,0.017538822976610684,0.01713814902944419,0.012184767517158338,0.008510394058228139,
0.010314160738140024,0.012904512996643197,0.013939232606861442,0.014193294472276023,0.013669891038956035,0.01462274811665052,0.012910007310093941,0.01141195403700502,0.007482542586607089,
0.01166827134312352,0.014401946623419716,0.01403852628716178,0.01748660040021878,0.01728364230588212,0.017511038952515854,0.0161401389237195,0.01665584116124498,0.015895295786743823,
0.0035150115241400627,0.003425197670437312,0.0032626199880805653,0.0027591179042663677,0.002601618715754985,0.002185329094898795,0.0023004399106474212,0.0019504042483402704,0.0019163481294656513,
0.012543689530315826,0.015178565168394937,0.016347136654402995,0.01642007227387281,0.016811790339889044,0.017993713640638828,0.01656837923678551,0.013616930886948047,0.007366194424132,
0.01365638903467144,0.01436487344825681,0.0155078277957199,0.018088282394035378,0.02083860114000791,0.021196002260185354,0.019180894226255837,0.01704977309354871,0.011649417706686987,
0.01388252757892396,0.016913306874817412,0.017907838299391597,0.020719095368088705,0.019183872826226408,0.020820585657173936,0.016899737499400064,0.012725328882023447,0.00891561132728723,
0.015623342824882388,0.015170674990284707,0.018330870609490617,0.01841867980003348,0.01998822172771035,0.0208417054955908,0.020513186331255918,0.016952589824451043,0.011693277569950629,
0.015579591078689899,0.017945424772096413,0.020285903950123783,0.02015428033262718,0.02020829639624499,0.023426545493147245,0.022270758798190144,0.021894904992445216,0.014429367234037609,
0.010008634458910926,0.013727293718708558,0.014295966053294903,0.01611250887047672,0.014790892822815151,0.013232872529153785,0.012777112092836376,0.008723426819459208,0.005873028557075294,
0.01790148949244284,0.020574625699476955,0.020834632043716796,0.025803189670261677,0.028377145227054867,0.029618315142966017,0.0302334823275245,0.026797521540757624,0.018439414187661957,
0.006593109544254127,0.008877089209700512,0.007805344475146587,0.00945230959994724,0.00862568275532309,0.007743780399958547,0.007075716925759828,0.005055388215035811,0.0030941433394321384,
0.018759231344137532,0.02052320456264623,0.024194859630093633,0.026897165819444853,0.027579123804533073,0.0329998676808703,0.034119601945947375,0.028358611948010568,0.02265201359215451,
0.011260682553898435,0.016447471724899337,0.01601762234457108,0.019081439229653736,0.019033226503148093,0.019792776997961583,0.018610705932257422,0.014016734041475114,0.008399163989509073,
0.012431795747406663,0.014555795992035185,0.016495526429599856,0.016932735299240487,0.017533428716898017,0.01798785755239763,0.016322189171739904,0.013953582333263213,0.00970109592147512,
0.015340825351145846,0.019446103965804276,0.02007650948787298,0.02570410466724842,0.02818984691604025,0.027566547911810024,0.025836476730592035,0.02621559604034422,0.01931354449188145,
0.009102237759184381,0.00963236925550356,0.009411401359153112,0.009840686425366188,0.009220649383842974,0.007008547426327441,0.00539657296097237,0.0026971320227383504,0.0032160449728816025,
0.019934862356654686,0.019992498629074987,0.02187607363764116,0.027546703850950368,0.025019885598531428,0.028508923567556143,0.027574655950914313,0.020857252309484618,0.016318836743639886,
0.007299089573727455,0.00875410516051173,0.008907867187602059,0.010726825214241733,0.009399692126066003,0.009884621564249227,0.006375511736605539,0.0042691509444744286,0.0021738579271996703,
0.018798233665134893,0.02083268648216395,0.02043702994760785,0.02553194280401614,0.025178765973621522,0.028920160045176335,0.030373272016983362,0.027563863981163478,0.019158821713154313,
0.011284515126956692,0.011412767462032175,0.012950047477998902,0.013313374934897794,0.012711663939676378,0.011728581972299392,0.009134332689753355,0.006578520384752529,0.0038594962909221787,
0.010689111339716605,0.011096740258745297,0.014049032585514569,0.015895825870317258,0.014416272148506661,0.01495533517667527,0.01370700550951575,0.0110997812808713,0.008002621570898878,
0.021539268743473575,0.021473413103616647,0.024020228086431433,0.028978162684862585,0.031848187785288896,0.03603171598600733,0.03497645360872231,0.03168678051316314,0.027522900042683505,
0.01317599899266712,0.015969349649082226,0.01760487638906952,0.016993904549605966,0.019206752564835342,0.019379569391342583,0.01975206820863475,0.013776279857899847,0.006304487429541331,
0.018333051817080056,0.021923161391800183,0.02319207449634819,0.02602070550984343,0.031072482769698498,0.030332689945342824,0.03176488115790997,0.03028820093003672,0.02652505378692498,
0.006792545857852735,0.007327961000572218,0.0074612932609335,0.007668822648554877,0.005827234410708281,0.00529603968512725,0.0030756511058352004,0.0024951788336196328,0.0014303904156739724,
0.0025460697552750393,0.0028457245953405347,0.002552706745092108,0.0023402151020821566,0.0022758984971878076,0.001157143255071,0.0011522209889348327,0.0010593494378573212,nan,
0.003002119746224335,0.0027533927439667857,0.0031112380702942176,0.0027639180425187517,0.0023063042906749363,0.0020344835675810253,0.0022095143022714315,0.0027355324140605273,0.0027414540400839496,
0.014311245291971662,0.01426524544513603,0.016684657354682796,0.016178907420811746,0.018861177858751983,0.01825347831827878,0.01699723000100799,0.01071879104655878,0.0070456401381717715,
0.017326821414057093,0.01776799650830194,0.019520864926180173,0.021077286325854507,0.024703222195624503,0.02691380487029519,0.02755693196271195,0.02574314880410167,0.018871304605881937,
0.011192837764981336,0.01114472484846991,0.012127464599705,0.014666420952142142,0.013752370025813985,0.012450536903794936,0.012291203510310489,0.008811857063904019,0.005236990447858366,
0.015799998839458495,0.019558545012554284,0.021287243092285996,0.023766240418632158,0.025068842357922803,0.025588551785227037,0.030490952645336543,0.029531839282893612,0.02292869838435782,
0.019152160599863754,0.021413959464973296,0.022257342333369578,0.02455818467081635,0.02788267399239568,0.027269603525969646,0.027152739637584463,0.025243154597600192,0.015698624522792297,
0.015937338497342555,0.02060762327166603,0.021776246265734395,0.024188427356059278,0.027317150306216016,0.0267273488303782,0.0278597060777916,0.025928932891068013,0.021535478726675588,
0.014516490349630791,0.015945476911556157,0.01788660043164176,0.020426109635275476,0.01859124655992908,0.02038966738383273,0.02030693123739091,0.016782222160161047,0.011536952962241323,
0.013372452146577056,0.014446227034211346,0.01621586197678087,0.016946745179094138,0.018605901695996376,0.02065573950147375,0.019426123559302063,0.018615208511469646,0.013331669305891927,
0.011660857054272125,0.011330043590755222,0.013866280208310166,0.01399011395341243,0.014183960601982768,0.015431285602742779,0.015332215351650767,0.012840410052956651,0.00859969582995937,
0.010938506548513542,0.011569652520823103,0.014293421951123271,0.014357733508488551,0.01441251274881765,0.0137310486548212,0.01263740017882382,0.009175337317280216,0.006184006935431184,
0.015022666407699302,0.016386691587368666,0.015916134594773052,0.01979738298282057,0.022428144643319436,0.02106661258029942,0.019545492632070238,0.013949738003072237,0.00822632738050684,
0.022115091506748844,0.0274130941879707,0.029654100925899488,0.031958817755693786,0.035630535997213816,0.038299132441906414,0.039848136117934065,0.04160920188236684,0.03822983360440564,
0.029725767019966508,0.03190287332981376,0.035668971620766786,0.04195789342360095,0.04363295913111023,0.054570618978213026,0.04538092742078527,0.03995319560816682,0.030707149527469318,
0.012477899445878566,0.016804297057101777,0.016516718540175508,0.017660854904221222,0.01907399213718584,0.018024802505513828,0.014666910371583382,0.00917870757377721,0.0051229359789945784,
0.006362408086893523,0.006737330789362661,0.007208968090065474,0.006845279458767739,0.006559956862819591,0.005603846862239566,0.004675461167150407,0.0031036505704726816,0.0017889031362493134,
0.013863043171075937,0.019319158328220253,0.02103881518674584,0.021653516998773673,0.025671611315557567,0.023563867217135555,0.02112402256372924,0.01911601774031926,0.012768187853645138,
0.016453549284506847,0.021069659503688064,0.022345637057123217,0.02598184436461587,0.028601659348301268,0.030566785844109153,0.025539705002897675,0.022142436044012427,0.014086363886857065,
0.0123140179489813,0.013204028681623178,0.013112095991355825,0.01392766848027486,0.014463020947872161,0.013724805048683987,0.01120648960465188,0.007876235449657255,0.004489102878232891,
0.02267588023025221,0.02368691097493221,0.025673535517357734,0.030631651608196763,0.03219824174428364,0.03626958320043743,0.03827009475422978,0.03101821161340761,0.024666750226075538,
0.016698500698693823,0.014949705820197898,0.01780603412541607,0.02223295958883832,0.022534546205924183,0.022580044352640764,0.02209175580677303,0.018636761477457367,0.01293403224062751,
0.009810907633033578,0.011844432449974735,0.012926867934790616,0.012159117429300826,0.012864565989322261,0.012405253849827205,0.011921921550433312,0.007629488021684382,0.006353540669557099,
0.016369833071907102,0.020344936173681806,0.02275748094337396,0.02454730413374781,0.028298238443257122,0.035147420782143154,0.032283430980618984,0.030256662432430723,0.023767195358569332,
0.0027332626147156974,0.0033336230848486016,0.003098620167181808,0.003085157743108478,0.0028107211188977115,0.001957489266337128,0.0010598219078022289,0.0007524729311114371,0.00018806071822114042,
0.01739774689646618,0.020067900612467916,0.02331604836219221,0.026107900588927084,0.02821884697897939,0.028383357639149287,0.033983287956290784,0.03073789539575488,0.022610064038800323,
0.014774316270425726,0.02170478905162489,0.018509030813569097,0.02314855956533204,0.023000898864846832,0.026367819986997693,0.024995314827518343,0.023906985228530176,0.018590014043003235,
0.0168658337087354,0.018177853193985235,0.02300712386405103,0.023512107495264997,0.02496041868618576,0.0278254698495965,0.030437622946110396,0.02479103144544277,0.017210182846666266,
0.01114112047486948,0.012831332729052259,0.012853103414695036,0.012497598746907592,0.012506388734439043,0.011640822502015214,0.00860425833160101,0.006507977711073979,0.0034145917840919747,
0.011837113166409067,0.013760540418627273,0.015819282822147788,0.018198505332474735,0.017571661684459457,0.016067314821860922,0.01682784944384836,0.013510563345540379,0.0080642030354538,
0.014388919026823191,0.01698595945266537,0.01735567442157706,0.017952865080333117,0.018534969924415313,0.020459826440269405,0.017939728083551723,0.014560537320365862,0.010145470878307007,
0.012495537755838972,0.012920712604772027,0.016310720751659846,0.016600923527129958,0.018591079431147572,0.018400562370322074,0.01629339076313157,0.014223313247755895,0.009584370537954983,
0.01434427036089863,0.015041838024318499,0.017077691127443655,0.0178466237592904,0.018371369956162575,0.017589181304399598,0.016446773905299604,0.012638999405567682,0.006903539123802894,
0.01013112920863476,0.01359547472281827,0.012776016696677772,0.013249067172735886,0.013159412569031175,0.01348656390945041,0.011746307288535084,0.009179012048459568,0.0041621761121601345,
0.022076899180651626,0.020264858125118326,0.02530183060403443,0.026030592363050956,0.026670511501332452,0.03025389560509548,0.03062651602686639,0.02787147374778119,0.021355447183633244,
0.019447744854376066,0.019572224140155452,0.025033746528676997,0.02543928126311324,0.03177888260120993,0.03091080575446562,0.03565419502380092,0.03683368154002068,0.026150513286289683,
0.011503688148721731,0.014476281038227463,0.01541961152602125,0.01727653737948211,0.019516418163606455,0.016873519189569405,0.01677457659140958,0.012567022185454654,0.007877571045323039,
0.009783513865286624,0.010432785291009064,0.011333959973145678,0.01224976057250445,0.012124574593877181,0.011257330496853086,0.00857402891795268,0.005058235675925688,0.002578094086237449,
0.013160487532797333,0.015488710586807968,0.016571089298715327,0.01732231344104368,0.01866012461618678,0.016686081873350692,0.015130970380284063,0.010589909706245118,0.006646267539446167,
0.014357755247556505,0.013847410636233999,0.013446785291443122,0.016417137001391705,0.014652788025417529,0.014633968228318696,0.010942609715252388,0.0071694055921411644,0.004301823936949337,
0.01577706076309594,0.01842801760660041,0.02127942478148065,0.01982077973009431,0.023080063171029445,0.02619592290978016,0.02387102003029643,0.01864936879503997,0.012355506921234294,
0.015523420351605628,0.017268655015557386,0.019302807762953067,0.019127041615652637,0.022927060277129357,0.020795674615095464,0.022750711555456524,0.0164755230857167,0.014060214212314515,
0.013756652750882548,0.012965806517721407,0.0170732730037523,0.01986484053915492,0.021048250062739554,0.0220979024495782,0.018924016194073152,0.017354330779734854,0.019225789541464266,
0.009997035205710261,0.010197020050221321,0.010734758804836405,0.012498513291509009,0.011350065887318395,0.009718872773229498,0.008532959764103695,0.005265928235728824,0.002036325128077747,
0.015002043686900696,0.017288655980362926,0.01877987702591632,0.022692588799093884,0.021777709042972986,0.023184090806560045,0.024681243879977447,0.021456793219868896,0.015200702341195877,
0.01633599105487329,0.019870352719341757,0.021841168319651744,0.02394037129289828,0.0252034647356098,0.03018410618387392,0.03433592879020346,0.030286360596308095,0.026052006064528666,
0.005513706526928733,0.006009016259819851,0.006564657444215649,0.006457572707319012,0.005885606808895963,0.004683820160928282,0.0032274113955962427,0.001666873556899897,0.0007496571258044204,
0.015368496465763952,0.019929229333065478,0.020656594410867365,0.022536680028936742,0.023129486741475146,0.023658695267767624,0.021890202402897425,0.0176252734895359,0.010153570218232032,
0.004488009432835811,0.004870978559466259,0.005251140109310164,0.004626375074696381,0.004844705061194752,0.003632564297223423,0.003307784614100725,0.0019119065826299461,0.0005811070540838043,
0.007470709270549858,0.007456957647934089,0.00938033803541256,0.0096431285387808,0.008600727264641391,0.007221966168523471,0.005451528078820854,0.0042758797359655236,0.005731934635519724,
0.024679085561125705,0.02881366538534218,0.03437187653067586,0.03729715406450461,0.043208943758767555,0.04716085895728583,0.05081615699029101,0.04989714239783041,0.04891159933801117,
0.015913124923669617,0.020137768960829073,0.01919709774928613,0.024383605869205374,0.023258579878815504,0.018781859210339626,0.016859041464494816,0.012177956899644517,0.0070261039522599876,
0.005139235964203269,0.0056358763502711165,0.005674177442455599,0.005499127756179429,0.005491293631862932,0.005461972703602502,0.004243525525047695,0.0026143030638903593,0.0019160943232134275,
0.01719084670536089,0.02223148819621334,0.022289168901758458,0.02364359935647309,0.025275791949066765,0.027021374698502205,0.023676410561399186,0.021239788862688035,0.014720562073019812,
0.014216701649713713,0.011896717358308611,0.015826251097269105,0.01779822884423283,0.017825325327178534,0.0187466797329686,0.01710718240057103,0.014449800403813974,0.012370618920494509,
0.0011093983165465688,0.0011189289495179033,0.0011343426099205622,0.000929955074613574,0.0007242840002266384,0.0008844889943801784,0.0011347344224916598,nan,nan,
0.017555628187591626,0.020490444594534165,0.022192641412551107,0.0231359346850599,0.02718968693280041,0.029031937603767037,0.03080976715159412,0.025763434047072504,0.019837252245218897,
0.013730284306602778,0.01688640214205727,0.01566436036482944,0.018292479073556682,0.018653278093446857,0.019910028845825888,0.017669292332412514,0.01405608503527103,0.008594656565281023,
0.019524335090647788,0.01964182240381553,0.021508300239630518,0.026302904994919777,0.02650270447507692,0.028716041029679652,0.031598748794922624,0.029836045639768827,0.024125142729456667,
0.018763501721014236,0.020129474919129895,0.02025717241011869,0.023443441375908335,0.02538210343672822,0.023510566541540462,0.0247766336631629,0.021471115476518234,0.01607629723626276,
0.014874634680418454,0.022153573907486974,0.020976871512734988,0.024152048197034554,0.027328015171690385,0.025497028484855164,0.029937538585826422,0.023077829180556855,0.02091223757271537,
0.014380685752319511,0.012979907933845746,0.01725864139613714,0.02043971286377525,0.03141391186608087,0.017483449620992703,0.017968099676463137,0.015153459802087897,0.009086277490632951,
0.012849385834453006,0.015393677591043485,0.0139075897406138,0.01709671670825425,0.015904837357963532,0.014252264032629946,0.011843924635315797,0.008630853137909842,0.0055643389578078715,
0.008564883797318469,0.009600511800227422,0.010332902714572658,0.010552997727438054,0.01166893111502044,0.008612254713630944,0.007401910027485185,0.005575031720400317,0.0036773794273346283,
0.011173527374640602,0.01225948467494795,0.013253764813083392,0.013877735781419147,0.013997962599630766,0.011714230157461088,0.008914659241919497,0.00543332619816363,0.003385734930935433,
0.007006974175878533,0.006725753658010853,0.006470535090342788,0.007191646145491824,0.005583592328721937,0.005102208826628289,0.004590429004269629,0.003786760712929679,0.0034255260386233154,
0.01598127630716302,0.016890835291348757,0.019943747064927114,0.02094842780596642,0.020927091914003045,0.02283053108102026,0.023017659227325023,0.017989333491224863,0.013861889078434083,
0.007134281488706754,0.008023529237439445,0.010590921959731846,0.00962986733197612,0.008686939692307709,0.00807232028542838,0.00595560753439454,0.004291343742049507,0.001741109836248611,
0.014989325258164021,0.020388270187594336,0.02229419757169721,0.023298907726913936,0.027257728961806203,0.027346280409360334,0.027312884021082923,0.023167096281831757,0.018318387023543988,
0.01875989424800424,0.02510772943371143,0.02735975432645459,0.02659895851247568,0.028879700668582472,0.03144171106045221,0.03175363015473369,0.02581289842689274,0.0178062298123452,
0.015661810402506027,0.015807980674219523,0.017726608865083874,0.018040275694975905,0.02118638527861817,0.021021288131190825,0.020868061749965708,0.01691696009483294,0.010684118785809337,
0.02051318149187323,0.020019794538995595,0.022894579110872147,0.025392548068852935,0.027721336048925422,0.029153480333918843,0.030635196678373017,0.029782351173589853,0.021263529340272726,
0.016028206550804572,0.018064824731277265,0.018004391403435793,0.020309630270227797,0.02214932542543381,0.020264578345587085,0.021183973494397875,0.017890108742771804,0.011766518659961865,
0.008568735583713237,0.01023820903098657,0.009503162973371703,0.010473158141731151,0.00979325263799635,0.009010385859993992,0.009831186570769162,0.007163693298182314,0.00454686003436352,
0.011667898033491832,0.013999953816682408,0.015577625422705113,0.01921522670026255,0.017918523126721625,0.019401787115671816,0.019470054025002254,0.015028139308310203,0.008702055059077202,
0.012318534999178487,0.012905936918752615,0.012987135300677584,0.015095977898812516,0.014648298327118314,0.013464558740033593,0.011080784841583691,0.007578871915908597,0.005288248626557163,
0.01139197409703852,0.012372710792921179,0.014498523535748568,0.014703265726615093,0.014598211699006373,0.014271017355890559,0.014502098394894554,0.010889494323943635,0.007605508271535508,
0.01676608219334018,0.016492667243060456,0.016050285800011853,0.019344812548158882,0.02162644978088476,0.023387057626530153,0.019913102877361224,0.017328481999802678,0.01385090180387621,
0.008296059430598003,0.008074943824568458,0.009349484537972356,0.009380687426184342,0.00826458723919899,0.005347762612845845,0.0031022700153392545,0.003516641619843013,0.006099753694788141,
0.010882843864696947,0.012884316562510965,0.012732416501871485,0.013795828781627596,0.01529119165407974,0.013860997341831906,0.012083131114152584,0.0075647200491377325,0.005242406758100271,
0.02107650816463421,0.021335370057827013,0.02589344793186601,0.029168539359752405,0.031085288975101835,0.03307227859557143,0.03442953030446545,0.030189799716903148,0.022757492617227603,
0.015499580909190337,0.02024541913909739,0.020588400308571498,0.02143198080629512,0.023829481767208963,0.025308488918886898,0.027714046847185515,0.025576888087288745,0.01816160918476379,
0.018769754132464244,0.021867770989811335,0.022729417669541695,0.02383874568754016,0.03279934855423823,0.03152033875336754,0.032827414726022866,0.028620525936677205,0.021888815910378553,
0.008583009578689836,0.008507908687732312,0.011317551107572514,0.012328171207235197,0.011769793484820164,0.010321226660286223,0.008564910946156867,0.00574684527323764,0.004602847208085365,
0.010807194526606903,0.012747920647354931,0.013598313114635888,0.014884978582148763,0.015192916551702226,0.01451052514025722,0.014122291740788535,0.010387418183603007,0.008936308475915396,
0.002814791491626898,0.0032964218653292574,0.0034071981766912733,0.003369985492241577,0.0031304933381827113,0.0025204617133313483,0.0019491943954820404,0.0012659793228189534,0.0008866530270691548,
0.013660787090400191,0.016606641711292256,0.015717230025011276,0.01752371520732807,0.017399540124763135,0.017470420675995014,0.016781072903358507,0.01358808720651073,0.008047035956953956,
0.009397622470598794,0.009498485970183587,0.010678931085990434,0.011468201618969867,0.010696117058459631,0.010038028144474541,0.008481395972734894,0.005937450903459333,0.0031913946124843304,
0.012295725879644882,0.014067167844343791,0.014968416123681407,0.014040921456920572,0.015764451220468302,0.013321004650614875,0.01429627078381925,0.011001726556639065,0.006830188091842257,
0.015724062289164932,0.01627506806542731,0.019432543648337817,0.022823665351010873,0.02084594934010958,0.022440972388667206,0.019732867844429052,0.01681475433983711,0.01047624340182704,
0.007205370796892002,0.009513788247239542,0.009538605858457103,0.01006832344433897,0.01084355378022022,0.010003996152746367,0.009235018119609462,0.006699237772527398,0.004819683929844115,
0.01569142131361865,0.019174147807841293,0.01835718061836709,0.02030811047452566,0.022852555814109964,0.021615150790504335,0.022164708876188627,0.01693153965172708,0.01004571961125386,
0.018899029585053673,0.02355561069494613,0.023891563632917234,0.028159131154443556,0.028174710153150283,0.03186220147338436,0.03225393404686158,0.0300445013435868,0.023883378177567433,
0.012408782061749873,0.014505156456763812,0.014928331102088485,0.018517966386714775,0.01763149690682956,0.019134470924804973,0.019963333277327588,0.019054758981407724,0.01165905090778241,
0.014386195039704239,0.00839576952876473,0.0059162889773114865,0.004502002691837755,0.0019040662394637369,0.0016314516880208743,0.0012280653211813844,0.0008020456373327672,0.000857326613837972,
0.02018017990328982,0.023380693568891865,0.025898531257545758,0.028345795552177273,0.03131646114171291,0.03301796526502394,0.03282347389546499,0.02976813852659508,0.02604704868769164,
0.0164134045325928,0.016605431270282456,0.01798569940003012,0.019753173921659775,0.020350477108675654,0.023967100891972244,0.024740957510402166,0.023145423804242796,0.017932026277840653,
0.011810217504730786,0.015792764511429386,0.018474941806817916,0.018541716007244583,0.01959371936952748,0.020675680988253516,0.020666302933381515,0.01919017508311643,0.014212329394070149,
0.011816653323991448,0.013463047051826419,0.014196296901552186,0.015570267128816307,0.01460727161720329,0.015493885081902355,0.012942883431468578,0.01095378877005898,0.00625619412774684,
0.006805869387502369,0.007621423230129898,0.008075330041825734,0.007323811326827381,0.006367205204847741,0.0060719194717409625,0.004946345377778863,0.0028159892832643222,0.0012405532850015947,
0.011067963833118652,0.010638464860711946,0.010593618147712,0.010233398700090799,0.008249587952894037,0.006837770974586071,0.004279863220305015,0.0037284361987842676,0.00587774390241237,
0.01869795639832361,0.019285338041858262,0.020242441195428684,0.02280330555375129,0.024769768849885146,0.02697969571173095,0.025203166914246136,0.01928416108175836,0.01469890213529304,
0.013999441847277323,0.02014548694033717,0.022006129474940725,0.02199813112439636,0.0221235927304796,0.025377978827364273,0.023657817010000394,0.02216583498592212,0.014154565677974532,
0.014984251728614385,0.02003570743158897,0.019531646557177082,0.023884984158095,0.025001773268901996,0.02665089341229066,0.027490059612452995,0.023981564956504282,0.01485191050370034,
0.016610839748066878,0.0181808249432629,0.021469620098454156,0.022346786933096156,0.021119029017479973,0.023263253665925455,0.021908581197107795,0.016105826842839552,0.012082958821023278,
0.018903189396855376,0.021148058751603593,0.02317730987952443,0.024453068025885018,0.025156185403860696,0.028770747038059975,0.029266029554602717,0.026032534712310842,0.01896418521774681,
0.016898826150843604,0.018851180981797742,0.019038276088855517,0.025562633954563395,0.025734734149596906,0.02463412375204188,0.026667323704523228,0.021294574359045044,0.014838024721646996,
0.012858610956419086,0.01552084127694086,0.01219118977656238,0.015588055403277666,0.017067280103935146,0.015498933868216706,0.013939182672892833,0.011608832748055218,0.006909641886457749,
0.0006633091969288082,0.001022344861146437,0.0007262778036441482,0.0005457293563322617,nan,0.00013128280880560445,0.00037765705100823886,0.0005505784708876326,nan,
0.016037145206343834,0.016067137633915422,0.020999936125907427,0.019583470455464384,0.02143041790312676,0.022828917778886185,0.021498854380520162,0.01817995582572204,0.012485482092989757,
0.004002999895521533,0.003938763004712293,0.003923608833855285,0.0035466230772004063,0.003412528313668802,0.0028359587596775405,0.0027911447199300836,0.003938954790151641,0.0041418856094662905,
0.011056509572242712,0.012879550207456085,0.013803097382723952,0.015620496165200974,0.018103899148655372,0.01814362211763996,0.017771111356103503,0.015387029080239477,0.01220528005664953,
0.01240816449624876,0.014090640123806788,0.015377404235926867,0.018591896763516285,0.015904237526860782,0.017007768735255467,0.015820167399229427,0.012215074115330722,0.004843936297244895,
0.013711273193633671,0.019266500499919657,0.022512666590752253,0.02421632625035824,0.02622707849727652,0.026069281520129238,0.027632103717352207,0.022333795008732477,0.016768688101684685,
0.028070566405282264,0.028218188935971115,0.03109396969882109,0.033414461699951964,0.0406616013617488,0.04661058853693683,0.04493953989755929,0.044637876495017804,0.04016126553332303,
0.014095577102086577,0.019562352544274846,0.021822482730497268,0.023659007138754254,0.022428655583394717,0.024582237407679626,0.023429421668804244,0.017522304169184266,0.012753579642149612,
0.013059129461835935,0.016488224310595778,0.017118958882565496,0.01876658363833368,0.02092828788862349,0.019748293764696518,0.018593106274762124,0.015870284325269126,0.011338753547185065,
0.001743756840371738,0.0011419497378176158,0.0016280803139294754,0.0019569466152436726,0.001410066658602429,0.001768350087555706,0.0010490569731686566,0.0018299940470353532,0.0019021888122083962,
0.006024813920579523,0.006875058850894429,0.0070953574785522075,0.007905814365196846,0.007083957434040076,0.006980743641723002,0.005479162869543315,0.004446165935273624,0.002278210160098511,
0.016858291307452398,0.019931497805846472,0.022918993624994454,0.02742606332380686,0.026452256957669645,0.0267672406144101,0.03018757795629429,0.027867524256901036,0.016521722052541488,
0.014653795154506847,0.01451455537136627,0.01588575970769669,0.017255211092011575,0.017179933385215222,0.015917056741549133,0.015231985988988363,0.009982568700990338,0.004811574342812777,
0.009004176190694024,0.010764171746198831,0.010715806804523359,0.013031241972959613,0.0100679435170308,0.009699580621574362,0.007871853952695747,0.0064358186051186594,0.0058238293131222234,
0.01408590480847779,0.018455926704524398,0.018888936293117404,0.02184083296187631,0.01919338118821013,0.023683127629620243,0.02194366495024359,0.017247057196810477,0.012004276722848971,
0.008194526213266056,0.0070364059537665275,0.007143002089494052,0.008538893844651348,0.0068547218236771025,0.005995536948063524,0.004410107231049057,0.0030464086116686034,0.002327099548699156,
0.016116026611015553,0.01918955949650001,0.02061870917681503,0.02335895332031693,0.022921432369978345,0.02607212138470274,0.02454245830116186,0.020171705738373815,0.01588227762846683,
0.012603748145066823,0.014404324814417077,0.01455585385089989,0.014736073617420634,0.01695522756481329,0.01383945972034029,0.012049308316947832,0.009140399707466879,0.005605648826353079,
0.01447862726751157,0.01484276001687075,0.0189803518309937,0.018818940758565984,0.021560722819091677,0.02108575239233354,0.024508781131982516,0.01973252006761195,0.01631496990179711,
0.01946382304284735,0.019737936792156217,0.020738050951040306,0.02544555920008114,0.026191327658371323,0.027450135952511837,0.02919876520284871,0.028193493464056835,0.018656238753761843,
0.014485116713232245,0.015442900564083878,0.015459214812328004,0.017775250000643252,0.019570863807662185,0.01859292637549096,0.016392723690983234,0.012843326928322346,0.008044379795157194,
0.0030073325037053324,0.0035419431583180233,0.003457733492202412,0.003663203008274633,0.0031203686646243916,0.0027378722547594723,0.001925750504616741,0.0013453217972042748,0.0006937421068072779,
0.0009916813521318067,nan,nan,nan,0.0010581682158064636,0.00046615234759206435,0.0008903954207922975,nan,nan,
0.01680804305447308,0.019791250886237656,0.02150457650483206,0.02589343974365258,0.027368876839467964,0.02805271533629157,0.0316666968433042,0.03006739076891373,0.021566925517309012,
0.011649720505903752,0.012469725615407639,0.014564823873672948,0.01473786518921479,0.015619914368669444,0.015514043471688535,0.013747160344105674,0.012291517828739672,0.00868028756441389,
0.012371414093326769,0.012211689891183682,0.012941283044780271,0.014340753466932225,0.014010982672638438,0.012935769404272752,0.011121543163137524,0.008900116129043347,0.004944493401646945,
0.010335849445249557,0.01298854325989869,0.013706540746941217,0.014086495516245669,0.014157063533687812,0.015573139382878935,0.012691388400426303,0.010095342724019553,0.005886725654282747,
0.019285930353545564,0.023938861693764652,0.027339355582991616,0.029750599689161085,0.033685396351855884,0.034818249600416754,0.03656470652750177,0.03630360272242976,0.02858232853749299,
0.014274220278444754,0.016894010540194803,0.017995271500856072,0.0200047231480613,0.019247700122079655,0.020892289774481935,0.0195335160952359,0.015219403373200942,0.009625000453458182,
0.018044007734091316,0.02151150800799163,0.02386460284226588,0.027063439441007284,0.02883422665906384,0.032336834551646605,0.03417642672942386,0.03115698935046225,0.022847608919609432,
0.014555318917160555,0.01756445071117135,0.01828436696583306,0.020171188494178437,0.021826710937707453,0.0226372930435013,0.023610772651499527,0.022491692254900955,0.017507743921826406,
0.012153516581269619,0.012102270319105976,0.012390602191911909,0.014510015555015007,0.013134843516206042,0.012792343775164396,0.010680815285111138,0.006340501746824561,0.0026474937584023027,
0.0039046264980580423,0.0050652781992058865,0.003970277451010473,0.0035727432096586595,0.0027293550404074627,0.0025704681212062284,0.00404459187687527,0.0059258961419540465,0.005879689906065971,
0.009529845220994015,0.010455435968398513,0.010527310724919617,0.010792908223234093,0.010914559651729546,0.011075090326072541,0.009302572012345075,0.007288941673418047,0.005228603727504768,
0.009039734004485727,0.010434750676120609,0.011405822189792927,0.012112970646272514,0.012374457141077664,0.011829938453506024,0.010793850260247885,0.007925056507769571,0.0039031323789486838,
0.015470068356807837,0.017104943996734415,0.017484768037886726,0.01913680379442085,0.019869565186099315,0.020235271810132488,0.017156693765209754,0.015098014708580302,0.010511412656471746,
0.008170603505081604,0.010028387302672838,0.010076195197701577,0.010449530117971109,0.010323122198725594,0.009253883453685796,0.007577284343566041,0.005046862457646151,0.003663378969193979,
0.01461366485961035,0.016232194918349256,0.01870259943559166,0.019751510714987174,0.020449625587362824,0.0219907754883324,0.020845311692865125,0.018033124977446503,0.0118764696415225,
0.02106847961514843,0.02379643941746043,0.02612390175223046,0.029988360208952094,0.03616494993819103,0.03351740896887873,0.038855460927335904,0.035521303805056983,0.0329078519543201,
0.01753349935663169,0.019572226567269237,0.024150250978476052,0.02741276101859362,0.03201526101871236,0.032078349923817036,0.03343987607019122,0.030072955459877183,0.026925528565861816,
0.014611463904972265,0.017890622239515895,0.01847981549497207,0.01949195222141494,0.022805516157900208,0.023924424352528395,0.024234475249291128,0.02261988928226511,0.01614661858021255,
0.013451630573148594,0.013684030287520172,0.015891370289515656,0.016146505400426298,0.01613914714925769,0.016685657413967863,0.014662518442798164,0.011605853674524703,0.006850356549104827,
0.01308714125509722,0.014683849781250612,0.015529486439459181,0.017181613752946526,0.018273808468528156,0.017869486609223162,0.01564782229410146,0.01248690915614305,0.00866154005123777,
0.002425787409607634,0.0026355576484725254,0.002675873682863346,0.0025623751399169335,0.0021973245089084627,0.0017289313411474902,0.0012205109622127255,0.0006588335798811953,nan,
0.011636635607951909,0.013683418254373947,0.01406725920568112,0.015667909936809297,0.015496685853764545,0.015306548727774491,0.013032356111090488,0.010436533128629839,0.006352268651394537,
0.024453185582021537,0.028084578997364124,0.03350817665978369,0.03512234817488766,0.03743164418473843,0.04222910962779291,0.050691204311074364,0.04634002302170761,0.040843700325979435,
0.01356376586721203,0.015716575279293873,0.015560266619807268,0.01819131197289361,0.019341963163336324,0.018152536556892702,0.01596467403934972,0.012579440599022895,0.009024790067106065,
0.008820030833946826,0.006812448103572112,0.005275429032527487,0.003804455770321217,0.0033901866723578438,0.0031156685491872016,0.0024872000427685692,0.0017810755830563183,0.001978443156517997,
0.017214160840733236,0.0202611952296233,0.022071586967290988,0.023484011421849048,0.025459694653093848,0.02876292210751001,0.02706443791737482,0.024499734858264812,0.01708184534678251,
0.008790789356011046,0.01057295291198534,0.010171352460133428,0.01046079739159264,0.009544165188021429,0.009018832353325656,0.006816757760998582,0.005078018483538973,0.00306868376514881,
0.010525455097460105,0.011527800379219258,0.013294181576858752,0.014311078727099634,0.014172585555368206,0.013764944394075489,0.011720355815717823,0.008315051170539364,0.004405588813432452,
0.019687649895808523,0.024338847345578916,0.02411036384128965,0.028495622212293903,0.03234339456386714,0.033802261492892574,0.035787395690997405,0.03448180711105463,0.028591962103373305,
0.015776886168131575,0.018046981587330903,0.018887302912280652,0.02214741532296171,0.023341516854553487,0.024376113027760906,0.025024013761096232,0.021999589166085628,0.017289963252150698,
0.014673573826178583,0.01635374809851509,0.02152079709374733,0.022446224893030046,0.025481828122071976,0.02819425039789134,0.027619043446272425,0.027449063882017052,0.02673026259276192,
0.01461077241717803,0.016455870146509555,0.021807403928713075,0.021217230888499302,0.024509191390352073,0.02692070906157413,0.026922083971592972,0.026427119771332955,0.020419430364372975,
0.012214403610768965,0.011860466962757304,0.014316940693114231,0.016318569690294674,0.01565430522062276,0.014401549156288858,0.012206086677279336,0.009383026578385367,0.0047186681151328074,
0.012784205581930195,0.015150667155728985,0.015782439987217,0.017244374581539993,0.017657613737481113,0.0171276286243775,0.01610272494237863,0.015257225066520112,0.010688570191839861,
0.018333557499047786,0.019578516155669638,0.02085743356170884,0.02203327780906178,0.024194915191779645,0.02475123320456056,0.023621667411545328,0.020608736365562177,0.014897220711149073,
0.01625670975451286,0.016701455826700434,0.016793008509989587,0.020090389962981972,0.020403312657130294,0.022357426748595494,0.020140147818367187,0.01596287741673123,0.010100987091461401,
0.014207459142133543,0.01578469555725795,0.019193925526513653,0.02108291341235346,0.023977251429544027,0.02209395769065906,0.019955557789372927,0.017413729133811427,0.011004133645147443,
0.01496753706559343,0.014333301630717454,0.01809691385572297,0.019517687121812257,0.020145339208197346,0.02005181509419164,0.01866555251700565,0.013609507852276681,0.009253308315695244,
0.00971327544988562,0.010984101034063963,0.013496655249503131,0.013480945066952727,0.013614061840823269,0.013695687990523708,0.012672237831087372,0.009357611382511701,0.005512627770113744,
0.013884666578344192,0.014821371928812213,0.01674175490144464,0.019104090754510524,0.021105602194212474,0.022966837721255764,0.02102057579577957,0.01769333801191702,0.012028862539937507,
0.013827479076292577,0.016248836974458718,0.01680139863260404,0.018562938331845386,0.019727965238039973,0.02119890770082593,0.020443903683176855,0.018306777715030854,0.01277572748698816,
0.013537142283975645,0.0122804148132977,0.015183771614970126,0.01613171245268672,0.017152086094233025,0.017977803640315156,0.017373728685219397,0.013637020195298171,0.007512541978996565,
0.0030062309126002024,0.003914370797172807,0.003942260908022234,0.0038413758262954476,0.0031773812706878445,0.002682302751159223,0.001977878102896292,0.0012772195379816315,0.000664742074946973,
0.005969244914329456,0.0067534575526329195,0.006010744782949828,0.005524503971280909,0.005163741037809473,0.003564553097615845,0.0030591759668384733,0.0031463384995583784,0.002361308692102461,
0.01600557231091071,0.01774963895302312,0.020449511534526323,0.023733505138013946,0.024113692456399258,0.024900140665407956,0.02337596713464905,0.018650014917831866,0.011457257782003677,
0.01610242678089396,0.017125950844675355,0.019253965365907556,0.02039444155130918,0.023292731750922807,0.02352351020233849,0.023767035666833743,0.023086116028733013,0.01752790634986988,
0.017092498443644143,0.022371481437907334,0.024415079289439798,0.026186742294790184,0.030138987660946925,0.030473838031255952,0.03125983036092227,0.03065249066782846,0.022920073341035154,
0.00976327090917899,0.010620164017190997,0.010577881591478362,0.011807651543305207,0.011441619082886675,0.01024753367520047,0.00805268371606106,0.005055168836226691,0.0023795791355953966,
0.01794477358603841,0.021888588536298253,0.02083176300815728,0.025447306431906645,0.025069517207732924,0.02787244649900033,0.02487783844005636,0.023519251363105186,0.017228747258367583,
0.010190748577532978,0.010679950848612793,0.011683899244350046,0.011088734688250381,0.011555376953044405,0.010623462829663737,0.0076566795157239015,0.005378076266708343,0.00209306129326186,
0.008086435011241684,0.010279863227554975,0.01065104383390548,0.011865411255232808,0.011199323050168694,0.010635079931690428,0.009868695366405854,0.007916301897831782,0.005843533151301973,
0.013646898450604085,0.01456026521828644,0.017498971280914558,0.019923075623286986,0.021440028506831733,0.021225909549518942,0.019333339248171738,0.014734065839083786,0.008834498666049344,
0.01453283693186529,0.015638848231387878,0.019117564889878036,0.020058353883737584,0.02181099016732089,0.02027427160017201,0.01938355945636405,0.015423942401766802,0.009781960566401415,
0.01372649760836877,0.01632183094675848,0.016345430988571535,0.019631837200056575,0.021119389575518607,0.022582959640699698,0.02150874598496352,0.019033884080284256,0.012380645957197635,
0.011610802713896194,0.013003298565952962,0.013084941189542905,0.013669178513617965,0.013780126270718849,0.014149159063911327,0.012449716649227359,0.009974763116655324,0.0048952545876694165,
0.013587214036029588,0.014816713632024312,0.016639904535522096,0.017533115895014363,0.020927988815199874,0.019879901043525255,0.01797256733815687,0.01581143240513457,0.011842671450598462,
0.01856445745160869,0.017832475580023283,0.022672631219886226,0.026447162592779575,0.02751981891270919,0.029250693898711915,0.02818404380837408,0.027274340071974087,0.02353387690441616,
0.022247328695790283,0.02706011975236628,0.025506228699333153,0.03133980545732575,0.03329476531558495,0.037963847591701995,0.03814553696400645,0.04111245804030371,0.03235955305728136,
0.014534753130406444,0.014919337300400841,0.01474584122445719,0.01439521004611167,0.014569221873082124,0.012182653196152776,0.010316713012879666,0.005850264737601736,0.0028396687290251337,
0.016737918061740586,0.021168061805615052,0.021143788781774395,0.024195312969362486,0.025410469351821088,0.026240818485301964,0.02439061387207761,0.020893012288974964,0.01569276423914527,
0.017953868530755163,0.02230676320284413,0.021384799681394968,0.027047419958988652,0.029234082072954654,0.029343191369328385,0.03159615039414617,0.028754913270231705,0.020767178462347543,
0.004352538213337445,0.004539018774774882,0.00429692085606834,0.004032795484530274,0.00334804176551358,0.002418136918110026,0.001923337407478461,0.0011230619101999149,0.0007141424669999636,
0.020744278904269043,0.023322662263132954,0.027021751635503778,0.03085155764922474,0.03396762389451373,0.03568987938277783,0.03689823828332906,0.03041193579359147,0.025071086216044966,
0.01398080407905804,0.01592051166360465,0.017378817091560927,0.01870463841577581,0.018686858546487634,0.02076941574230029,0.019767217454792013,0.017029357504203903,0.010776423325837977,
0.01466936864625184,0.014970349713424768,0.017162343043374596,0.01862232829007729,0.020070638491360735,0.020907106394000348,0.020099805426352615,0.01664963925933958,0.011486549328586556,
0.012069052271770103,0.013902733376219958,0.014617394873061369,0.015631345655924053,0.01680040620815374,0.015203868884432113,0.01567763723888698,0.01260494378406367,0.008198825500319234,
0.014584804085069446,0.01838022383115112,0.01870267982790089,0.021757991676763278,0.023458023353560828,0.02300025797102885,0.019401962258889578,0.01719560153509965,0.012156678643978663,
0.005080520735299349,0.006053860245920606,0.006317347472710432,0.006693174483932527,0.00696382797978661,0.006232331175851115,0.005305563441327027,0.00419201753412716,0.0036605278847932628,
0.00926048613338649,0.011513146924297979,0.01212584783747633,0.013955249530044733,0.013869850693123116,0.013802448249558492,0.014015439516080747,0.014353630581818383,0.013368287935019218,
0.018296786260028796,0.022902559959103792,0.02527134402503001,0.0279592466034218,0.029778747657520744,0.03336893937368902,0.03604039516867533,0.03189507118767725,0.028104527499032226,
0.01870195305406911,0.020291715944754582,0.021471663868093536,0.024155218873706308,0.02851083563985083,0.030463874261871554,0.029033363312379868,0.026664417308157825,0.020381881052556183,
0.014342293410480643,0.016181708166186505,0.017855165228410564,0.018833881979806302,0.019946487518926782,0.021458798884299097,0.02059377918095566,0.016955971747153614,0.013047483080667523,
0.0026330468719421886,0.0029131382134575338,0.003044830364214704,0.0026738490954418804,0.00236175549865888,0.0019035991960112823,0.0012309837386319659,0.0005118437205549358,0.000732129371751294,
0.020370111298827823,0.019440253911601386,0.0228342968915974,0.024316042286829768,0.024944267421902824,0.027677817171951443,0.023956350702277727,0.02101186559351302,0.01308332905083469,
0.018459381268128437,0.019255822645863438,0.02129061942885019,0.021911079268951892,0.023361085978001715,0.025377283450329847,0.022791912357020327,0.020068519905829137,0.014654428743112336,
0.014022048747823262,0.011442721357344338,0.0118943753350812,0.01212295766869829,0.01159618229473247,0.009883620558906557,0.007436371002193464,0.004311991848943373,0.0025224456530655204,
0.01643168413326501,0.019362667703768766,0.019828853290880542,0.026011362642103752,0.026364377843401343,0.028353530683439838,0.026344184330775473,0.024048176524804513,0.015834646608774625,
0.011870770171778608,0.014875614140701434,0.01462233486383941,0.016039267570332957,0.01707852512824667,0.016523955170424806,0.014201776790653549,0.010988392906492313,0.00812578302310161,
0.005832548757219099,0.006457397140553885,0.006782929825004993,0.0069631864192621785,0.006526751878928643,0.00593491096637164,0.005164618016197207,0.004298778191914793,0.0034189290894283166,
0.0014354400462228605,0.001502209348744964,0.0014625129531346947,0.0009361981127836812,0.0009220006456026876,0.0006681803056765276,0.0002623225167907299,0.00019756503945103814,nan,
0.0047328137611994696,0.005609254185432224,0.005146314639646867,0.005305685282206273,0.005055639183414583,0.004294353479043851,0.0034155567128855385,0.002773594650883157,0.0019838448043059524,
0.005018937452604198,0.005150238674784218,0.005889296509394563,0.005654389823027617,0.005142575959890164,0.004224302436802098,0.0027875271339995534,0.0015722326996619022,0.0007990420810908112,
0.014019609014931893,0.016322930667364257,0.0190920619757031,0.020102216083423333,0.0230517099221049,0.02191222257904946,0.022873550876747695,0.017362335478702424,0.010756844057253353,
0.020167634317857102,0.025538632285812993,0.027325057534134264,0.031197640684343355,0.0330655181094519,0.03686923911631608,0.04267289237563175,0.040860251808185484,0.031635276404428626,
0.003133911619809006,0.002778562426861628,0.00295103527797466,0.002753835091333793,0.0027289067492018647,0.0022155015492664166,0.0017834380290709165,0.0014550659244530796,0.0010171157502573253,
0.012522138940361765,0.013213112346503866,0.012734621814828215,0.013772556571536098,0.013609898895670157,0.0122484292783938,0.009081688736887718,0.006157904298251142,0.004450369960878502,
0.03477256695334291,0.014824884308285786,0.0076376520721222274,0.0007493855261221706,0.0015577975271616649,0.0009095457471659458,0.001110998141502517,0.0012826036008829985,0.0012651227804515212,
0.015578419591398607,0.016955365652903762,0.020817497410415126,0.02051937819978213,0.022564812545627182,0.025447767009987143,0.023376396798247736,0.021482732324750214,0.015255740853455064,
0.015071920061637992,0.018153442945771273,0.01789573124815718,0.019347090540092083,0.02198330896519679,0.021014638134086,0.021705119341400275,0.01702169710204497,0.01277162176824713,
0.015879947450071534,0.019101968165261256,0.019096167766938656,0.02206346212349338,0.02363283000530396,0.026408378507618513,0.02361202213295066,0.020946438220759308,0.014595928310322121,
0.013404378243154045,0.015162371808720742,0.015470939460630335,0.017555690215764596,0.018252627786486477,0.01963607619810588,0.020693976814768075,0.017920946159894383,0.012875522427139647,
0.012065350268150291,0.012097335718550322,0.01305977287199048,0.014241525087569012,0.014850668680273934,0.013286651545213335,0.010915803289865763,0.008000926872626548,0.003876878617092156,
0.01092975395363503,0.012297937942293564,0.01303009400364986,0.014991601137230207,0.013301126047651737,0.013862519980010495,0.013475418121139273,0.010763220734538155,0.007342160440367212,
0.00996244323190676,0.010666371916008707,0.012234702456701666,0.012558408573881612,0.011949095920521393,0.01139794390575807,0.009340220323823962,0.007184707639086664,0.004660164087358344,
0.009345286137120332,0.009992145161287722,0.0114799477085757,0.01252152393453023,0.01185788185453933,0.010020510762650538,0.008249141869478723,0.005263744639283886,0.002428797129771985,
0.01815120406943147,0.01810047868001785,0.021918294251854202,0.02331598396604853,0.025202126703778353,0.02554149623395518,0.025939630156860086,0.02059246421788859,0.013838651010825216,
0.014189466750441667,0.014276057633395596,0.016833259984615236,0.017587553788523575,0.018871723422082945,0.018051929167331372,0.015595118245753443,0.012961773321565173,0.008584199863305846,
0.015403044341808534,0.017551462246903692,0.020878637679203213,0.02104154580902859,0.023400911141652173,0.022704317218557965,0.02023065872018336,0.016642327343044196,0.011490997702769531,
0.021699171725103834,0.02325085596306223,0.02796883587761553,0.02957900369409575,0.03565925686122458,0.03824387068043473,0.038461643982222696,0.03742662605541952,0.03090363082517712,
0.017339890475480062,0.019730610931241347,0.02102853296655834,0.024990799704246596,0.028296575879221176,0.03163699054505114,0.030042043313373172,0.027308289313201336,0.02215300616280203,
0.013266646309336298,0.015083718954042615,0.015628438946624076,0.018750768481683906,0.020619648049320975,0.021411268926664877,0.021136704994034028,0.019220390293860128,0.0161329644263746,
0.01313268310634271,0.01466749639418438,0.016698779008782434,0.01902454252780201,0.018548793959997784,0.019922027116148582,0.018136358432721038,0.014861878925588282,0.009549586174160338,
0.016486989103979784,0.01709957702141119,0.019476980741035838,0.02008583637078057,0.023297864277341505,0.024105929515683036,0.021359101628047498,0.018076244372719864,0.012857082622943973,
0.00932822332239509,0.010699854217613063,0.010880621960125224,0.010641193215375993,0.009757874456408374,0.007283789636439591,0.005062210193844879,0.0054862082973127614,0.008039135500833123,
0.021399142965028477,0.022323006270478916,0.027075182415389913,0.029512955856931394,0.03372449329341327,0.04047207118658309,0.037902196671186376,0.042347267287881955,0.03612712250973244,
0.01938479261313602,0.0212383331079339,0.025730404726744215,0.029038572272488572,0.02988963279463255,0.03476957471297074,0.032877146484981634,0.03242754402475647,0.028745293602877184,
0.015534514806127055,0.018180359809342093,0.020960601554221237,0.022758510357146274,0.022884048289004356,0.025902291137249372,0.026089137821376274,0.025487612731209565,0.02080857566739409,
0.005210780911548815,0.005958766094212719,0.006168839227480315,0.006033459698304174,0.0061630713328705905,0.004945475102822122,0.0036597104429146516,0.0025323207206407773,0.001331011029738216,
0.01619414113169979,0.016838624534139576,0.02002221689260856,0.02188944672158071,0.023409096459568082,0.02327822981893524,0.02273294562730309,0.020106673395293758,0.015495149363167525,
0.01764340345160323,0.02017314879849772,0.023342837411083447,0.026737233467603937,0.028497284678056272,0.03177216721414099,0.03124561505249616,0.03044236116671726,0.02490535373233994,
0.010822618046373007,0.010156026483185442,0.012249521181296429,0.012593825315617023,0.012091254289767513,0.010829465537763868,0.009388349106086042,0.006455436840584912,0.003852804958394096,
0.01675047575085296,0.01722324105621755,0.020857002724166154,0.022711759898018036,0.023936761016567946,0.025736202701095525,0.024161974645027454,0.02169104870945228,0.013996696352509098,
0.007420722864261188,0.004409119860110126,0.004058025316743512,0.003613723269224773,0.003056323727696169,0.0021448788509747393,0.0014533163659143117,0.0006847996747670652,0.0005231882590345454,
0.020267763912561763,0.021734587258247364,0.02497258828765383,0.027634375534023908,0.02999302907575106,0.032309377552676224,0.03309987830517595,0.032446441198709604,0.023486824040382843,
0.007622502156360207,0.008270324148941311,0.008442063266693856,0.00825128754339984,0.008111622628846116,0.00683228751015863,0.005303429029454911,0.0031749445924303425,0.0035709528994290985,
0.018576408238048465,0.020439118756519426,0.023695582422096635,0.02712452360626013,0.026692018469479824,0.029965099237718996,0.026995472845466235,0.021993335175884938,0.015679626271287456,
0.016578903881447473,0.018534485178157877,0.01908406429142478,0.021903956676339813,0.023916055573386236,0.024957506659796895,0.027401888673009762,0.025755902133858522,0.01992408043087489,
0.014619254666896418,0.017140341360966118,0.01639263175283455,0.019441122414515243,0.019783248966811523,0.02115368481821615,0.020194721060003563,0.01674366924846494,0.011395856389802873,
0.01938477797957701,0.01944406181813824,0.022073190445103415,0.023299156166463695,0.023727295596423593,0.025203084150571257,0.024244788476913887,0.020199661028610354,0.016331662793702902,
0.01560491140216919,0.018989674474118742,0.018839379947031668,0.02071873054055183,0.022578690778715663,0.02544742545971406,0.021314834493602698,0.018412655016043354,0.014791607314885753,
0.011754558525971811,0.014123569335423114,0.013352853576760285,0.015006505525147549,0.01465346628511507,0.015661444587678434,0.013990142718222787,0.010435806766689527,0.006025228033908108,
0.0050597692205290035,0.005309338552084322,0.005171812860851828,0.005184644714301973,0.0040694707395918656,0.0033066592463669936,0.0023738867075900815,0.0017738363704112375,0.0013217094970933132,
0.003958794469608642,0.002822981476100581,0.0022911583979783874,0.0022595941994301427,0.003139329121223799,0.0033390270297059843,0.00431100327443196,0.004473438129211113,0.004473164705054001,
0.015341277522036132,0.017569767459195914,0.021516555675576605,0.023244968779479843,0.02485283758708646,0.025785780555585367,0.02635253300996018,0.02433006509970163,0.020066680754465688,
0.007881891910967734,0.009023306912674608,0.009280199541313271,0.010291891562371225,0.00979382207607348,0.008904750409068497,0.007462841423696019,0.005113551757297535,0.003361371953812976,
0.015036716366145689,0.016251736612740004,0.01919617501641482,0.01859266787775364,0.021554413126896883,0.021620287232861152,0.020768593098502253,0.017466882429535622,0.010856715337903783,
0.021358776418516946,0.022279908961943467,0.02553510799343926,0.028609992538865953,0.0303727184212331,0.03418608846248868,0.031467904926893796,0.034094075066590665,0.02693720807692298,
0.012755206591984546,0.012284092844005856,0.01427001404552825,0.015466131092277534,0.01593814936042815,0.01704621956728682,0.015489357836865949,0.013477568852874629,0.008823010438962914,
0.01464679251870212,0.018017171160466416,0.019116746884661147,0.02234044656665686,0.022540213997187055,0.023112716466424495,0.022297944104024334,0.018754207746935442,0.01265648553815531,
0.012070038251505244,0.015018491105796762,0.01517793164982657,0.016628508208433333,0.017456336493787583,0.01807600917665365,0.015802882052700747,0.012676448746208787,0.006916582900689253,
0.013828017763604986,0.01456062625388832,0.01827436851343496,0.019788227378583226,0.020332289026769,0.021685899793346213,0.02053388712504929,0.01587765182429466,0.010902035598811024,
0.008663718591683306,0.009642095619653462,0.01064762859834369,0.010855290211364067,0.011130234743875051,0.009426110416578207,0.007391079494828886,0.004552585009866191,0.0021650651803085514,
0.012284672091792476,0.013762009621726804,0.01579138140081336,0.016350537501610116,0.017392051512001218,0.01610394462606009,0.014640755740662344,0.010782070910177487,0.007346695504909033,
0.016832348902452457,0.019068558839201683,0.021575023289266585,0.024812054956776318,0.024805754116059096,0.03001622748912084,0.032579562601945,0.031525897459198815,0.022859240269124528,
0.006968965225871059,0.008125172062565378,0.008051616502034977,0.007866050465814784,0.007465405309076837,0.006175747582413082,0.004394409341188105,0.0028172762421368154,0.0017427861130829083,
0.009040095909286507,0.010167337692086107,0.010840456707778933,0.01154806583302858,0.011387318471821391,0.010860661979732001,0.009347682431378422,0.00630382470076352,0.0036831429119892393,
0.013565625812160293,0.015967552386739532,0.018486350359214313,0.019796461298125838,0.019859928800218935,0.018142487107532714,0.01526713098647024,0.012035331986076491,0.005351317254342561,
0.011893562124043066,0.012369786987097703,0.01447372913070159,0.015310100626901328,0.015234204531258492,0.014227552624708319,0.011647136199433661,0.008323252769381369,0.006804542499939981,
0.015154485960310885,0.014147182766672615,0.019496986076210615,0.020035634873450562,0.020422276926189684,0.02241759476875236,0.02308567539332773,0.017297284481106175,0.011329976135229809,
0.014545849721400475,0.015878408404742694,0.01819377892114777,0.019139715082413602,0.020174193724613265,0.02027227534973449,0.01805384892332268,0.01648225862330464,0.011581402746338247,
0.01521332147380067,0.01709942907735974,0.01914534541900838,0.020272379966722688,0.02040395991537075,0.019062364463247276,0.018733063928926794,0.012286007690144471,0.006455898603049478,
0.02308502290503164,0.02578570403837032,0.029421291755025072,0.03167176485120963,0.03475466864946126,0.039585945129531674,0.04032075395955294,0.04047066854532714,0.03745773979631173,
0.013868252360996935,0.015474056834916424,0.018263947930503555,0.019319601063863795,0.01952107399194843,0.02004093747320627,0.017963602411641497,0.013953676576436997,0.008741166858911053,
0.01070873164351259,0.01440932671160453,0.015734168484889528,0.0162761971151021,0.016551409618747136,0.016786176693014302,0.016372648606606803,0.01402755904315425,0.008566856370224836,
0.009067145920440008,0.009715918103704396,0.011063943631054894,0.011550624746111703,0.01239810204501974,0.01180732123126416,0.010630071789562552,0.007893744174058807,0.004422672203411071,
0.011897054360500165,0.012946539466733742,0.015502391471011392,0.015278201482723654,0.016829863232207722,0.013843485263046525,0.013583353974645952,0.010969418481619593,0.008319341475529572,
0.009104651403937288,0.009918004070403878,0.010312644003373771,0.010394874979005153,0.010065343050924831,0.00824139502458505,0.006422950135848116,0.00513134151885486,0.006124248822691156,
0.013907109276542144,0.0183724781532528,0.020368692772764378,0.0210131349401122,0.022344190598831342,0.02284729288600524,0.021313871332313345,0.01758590627332577,0.012081759949543193,
0.01311908206031499,0.015315126425144343,0.0176941303187341,0.018374924062772753,0.019000663814678086,0.01886216943736395,0.017765982202947336,0.013048823505323603,0.0070782531943606175,
0.016188972042461454,0.016283837285688177,0.018764999135355783,0.020480563770244996,0.023005162567342197,0.02210911352423058,0.0195372549381883,0.017460021381014296,0.011205882332837747,
0.0166758012099557,0.017992769322687722,0.021909283603749073,0.02471989300308878,0.025860488820669804,0.026012661075703568,0.027462744968580796,0.02362105472848508,0.01649045450466545,
0.011227538297121765,0.01295894668880895,0.01326191150037914,0.014084057963692189,0.013522177400586428,0.013852246613184002,0.011166513119573802,0.007069718166713956,0.0032812157424155918,
0.015312376622660398,0.01605656034889688,0.017304663584534582,0.018610991588237966,0.01974672853732743,0.02123224870768428,0.020602994688337792,0.01791644568458148,0.011811050231237479,
0.01398255075726012,0.01734297023097905,0.018216750268038064,0.0201679417382655,0.02184347449617964,0.023019935727951534,0.01916629577119236,0.017999244787877296,0.01389313696755632,
0.01574490961541393,0.01548886090081863,0.01795991031618815,0.01919167614324143,0.019445264783121363,0.021725310944604424,0.02078679366279308,0.0162003956574603,0.01156555817602653,
0.01467768904440186,0.016448266998768214,0.018384587789214413,0.02040427219747982,0.020754320583541597,0.021745793153071454,0.020976328364292137,0.017752497867806215,0.01194148232394403,
0.014503294737847443,0.017261590836187158,0.019691554568979627,0.02173501995568358,0.024712052744016253,0.023402983920963596,0.021309260050792766,0.018361691308485383,0.012555586319296298,
0.010357422215564648,0.011683874725500022,0.012807715012633381,0.012868309038555441,0.0140236193445361,0.012943192101827605,0.012082280292921736,0.009045308728971961,0.005514732183641974,
0.00976726194280427,0.010835473936429751,0.0115269201102298,0.012148720942049062,0.012324438587743961,0.012365194679522221,0.010814547876142382,0.008078670404341357,0.004825115516169493,
0.004514866940206488,0.0048350758332648845,0.004870131505129638,0.004871620079070049,0.004622440667500376,0.004041047353842085,0.0032020104762241065,0.002538392526429529,0.0017830308536367348,
0.008754752523812356,0.01070083527366132,0.011234376987103145,0.012912779739344732,0.012476971007910512,0.010757362729269956,0.00864336805495835,0.00569030676002385,0.0037732567434972143,
0.018312219307442933,0.020799614347550354,0.02227992818488719,0.024471420107852217,0.027189998281979242,0.027658154318797423,0.025936025975693902,0.021521719374216052,0.015654243082721325,
0.03788392074709702,0.018226029815127952,0.022925756175145966,0.027874564604004504,0.028769567663166226,0.02674061026156644,0.022760734698829863,0.019596383767381587,0.015655236090971834,
0.015213261733968406,0.013017717276061918,0.017092085512347158,0.018083923881842406,0.019332020457960567,0.017256199062118706,0.017299806223958613,0.012270156432095364,0.006763931445207185,
0.010260357761808081,0.010867172555957913,0.011950794755052367,0.0121796124873417,0.012778894499760506,0.01215622302582435,0.011151691698045722,0.008319687031126071,0.006264766219892121,
0.010522080812029036,0.012345939699639114,0.012494577865481658,0.013490510053689918,0.014997046153524193,0.014588808797324692,0.01184865138187407,0.009319201115872991,0.005161714781298398,
0.009540757082243964,0.01072266252400075,0.01205596503785072,0.011496740544733533,0.012415878504599085,0.011860438190603019,0.010458397883518749,0.007958578767427638,0.004298167543263126,
0.010875709255665167,0.012609898395193286,0.013089435197473595,0.015080829260070048,0.014300764838094135,0.011987382460824552,0.010493922529509725,0.00785405640503898,0.003826998059784347,
0.01080652454910398,0.0131166519943382,0.013643732906155,0.015275443034022852,0.01476748102146095,0.013820415075662385,0.012477237903469805,0.008818715909571983,0.004859647870088585,
0.005034706408547526,0.0052503946037260035,0.0055450658392415825,0.005393029116001588,0.005223221855974463,0.003907458582747305,0.002462896331263044,0.0012459909820560493,0.0007622997507086639,
0.01721177182615722,0.017624958260423144,0.02192210720342943,0.022201523689921794,0.025010806212652597,0.02598035797867396,0.024545005072705534,0.021971821184551668,0.012259461796429458,
0.006145972252070879,0.00604651836680569,0.006186414841324697,0.006665835885958129,0.0056488985896428244,0.004660355573463297,0.004043029520078203,0.003160299787335993,0.0023127942301834252,
0.009724129307378095,0.01200532619556919,0.0117656111681987,0.012935467608847765,0.012980519810057852,0.011335825213072512,0.010075040302999216,0.00812342346765904,0.00524066816433106,
0.013163299258279876,0.013902536562391956,0.01627148048389449,0.017420959485156415,0.018439034422457194,0.021238172849574435,0.02306205938907046,0.021131901882366112,0.017619453050159658,
0.008944078678337433,0.009960126535397802,0.010522088239382615,0.01125934559745327,0.01092183498106194,0.01098688449320295,0.010263541600426284,0.008242183016711261,0.007725019360914474,
0.006773606701997046,0.007802650810138463,0.00812344605206577,0.008185671791926209,0.007306285475108187,0.006565551856625114,0.004843116275932732,0.0030488662787551703,0.0022058048471101824,
0.016232571567965603,0.016962233879768404,0.018978307531228606,0.01996392281517492,0.02200001769920334,0.021202360543705435,0.020034765178272438,0.01521837711273176,0.009402274083766605,
0.015862548420559796,0.015538676174069647,0.01767562344197774,0.020009344496771216,0.022387394670409882,0.022344260647271314,0.02127303297240832,0.0192100692549767,0.014338509911261524,
0.014297064708146243,0.01755774009173459,0.01826808182300771,0.019594784014762105,0.02049812968512239,0.02134645286606569,0.019895231372863528,0.016778625933391935,0.013649111181773928,
0.01817574763416746,0.019254794290524464,0.020399428185795456,0.022839547768970295,0.023888948433109874,0.025192394184923788,0.024158222511224566,0.021657891428690023,0.015411617691356414,
0.018384782456821555,0.01980178019135338,0.020400775975136877,0.023746978271863024,0.02628705062030032,0.026997223058793336,0.02782874275125305,0.02429719262520029,0.0182587552556084,
0.016611523235472353,0.021071267438061394,0.01964325643166217,0.024430692337708428,0.02670754001862562,0.0266357960483033,0.025762529219995875,0.02223340255425639,0.01439887226656031,
0.00437539509081607,0.005194625405608108,0.005772672816852278,0.005858820935541262,0.00534580822976068,0.0045060068192178115,0.0032527246214458434,0.0023579460649165765,0.0013962037819032838,
0.014359744799822018,0.01469636822038918,0.018526387283234257,0.018724303557286125,0.02214253216954524,0.02278813096112067,0.023006533589393825,0.018144003349464866,0.01320276243770097,
0.013849392854663356,0.013800518511802104,0.015281905312224864,0.017619505489664747,0.016892195259601134,0.01600988364838188,0.013828872581596787,0.009650502151889822,0.006468542870314203,
0.014319034447749675,0.013901876072402437,0.018030731684778815,0.018744362688780263,0.018909819694981966,0.021537573432723257,0.019477789337698385,0.017025153374461397,0.010851157761534889,
0.01775406696216614,0.021005160260244952,0.02157946465245888,0.024361481683849134,0.026350140972028924,0.03222104222942807,0.03269969308828053,0.030564431994343843,0.023961703653844348,
0.020718343866053313,0.023320886074953667,0.02362186416203102,0.02827485602656813,0.030584979188499988,0.03305280510938148,0.03098947849005624,0.031362809916165864,0.02225823316411423,
0.0176483427462005,0.01967133874382066,0.021106967546969783,0.024042071717654503,0.025465636195999904,0.02657468875199135,0.026615245058345036,0.024477420263961866,0.015768495544096456,
0.014369242091531799,0.015770502252991023,0.019033214432714253,0.020758094620672525,0.021438271676728203,0.02376082052667694,0.02375899378009193,0.0215727096999457,0.018434381058480886,
0.00888859806513484,0.010291025942717155,0.010930378138835075,0.010462302519684446,0.011410783457529902,0.009652185144550057,0.0089527123147115,0.005640385456040295,0.0028024577444070763,
0.019738134794566813,0.02223123550027344,0.024374385114092106,0.0272577195273551,0.03139429494198951,0.035230697012138476,0.03764104763175004,0.03543282759690721,0.027216772358130067,
0.01325507529008224,0.01578498586547266,0.015592762666352417,0.015233194872397158,0.016105790505467267,0.0149837151515855,0.012526394978198019,0.007869138380582714,0.00394039547570787,
0.006919021055670318,0.007040842502997989,0.0076571703120313014,0.008141658050410162,0.008173989207572471,0.006718753552172717,0.005975953838068291,0.004404978662870805,0.0024354198304576517,
0.013552295624428428,0.01708493775731973,0.019152058973418665,0.021314590145890593,0.02180990767260348,0.024346482142905114,0.023408456809260632,0.023026879564569253,0.01667595782661433,
0.00975541298401561,0.01120225601277589,0.012431861978174459,0.013088494237818854,0.01449871275692772,0.013040404393278214,0.012423868922681743,0.01066206724082388,0.006439192024032297,
0.01609698879380203,0.018440526090831952,0.02217110109620854,0.022854785121457905,0.02446539022736326,0.026743805689637187,0.024848390585829654,0.021943615971562788,0.013069886969783498,
0.008119927487448003,0.008386173597660408,0.009908199562147307,0.00948021674649819,0.00898761629801353,0.007826689788738484,0.006265959606060349,0.004065252348652822,0.001941506753639674,
0.01425819683040332,0.0153823185489486,0.01759712720387231,0.01871588540849506,0.02146940813799284,0.02023994321633184,0.020285428886055137,0.01634814542234019,0.010923805898152925,
0.012439327476270223,0.013887951879149395,0.014535074270782863,0.015028065707715458,0.014404378516135479,0.014220283764298413,0.010207510532039159,0.007690895042902739,0.003917998449371468,
0.006991680728624647,0.008048535099118096,0.008703849179536012,0.008320833854143856,0.008776222937131801,0.007228937546135258,0.005849618615856095,0.003871418418427672,0.002527363591032903,
0.014532460056602258,0.01729019078154763,0.01757483469452045,0.018790721804838824,0.02061903359539794,0.021082622263265988,0.02047608622261823,0.018456907969840487,0.013845236153393508,
0.005384917829391386,0.00614815840547918,0.006433296956464404,0.006208371390481443,0.005206559156536815,0.004015276702523804,0.0035330828675963527,0.004762315350302858,0.006235775763105015,
0.016983112777771706,0.018486541853430506,0.02105558302096858,0.024564572465630305,0.02700460877879737,0.02794642478143632,0.027863746903013676,0.0255318143660847,0.02122355786307182,
0.019857813736909875,0.024170111223826975,0.025985098309508795,0.029718153311402283,0.035035929625505016,0.03706924696290083,0.041604069981413,0.038953103525657125,0.03268723914477879,
0.008973701469312248,0.009706607268989215,0.010110780521048017,0.010831519028459033,0.00912346943304713,0.008592850591882977,0.007090171842462032,0.004584441153814627,0.0029561028864540286,
0.010996092904429744,0.012095287060086581,0.012793014575273024,0.014595269404762861,0.015295254034016152,0.015080918517307104,0.013359926193756269,0.010103836695263707,0.005668696089443074,
0.01773155420335405,0.021449737937960112,0.025413964285518002,0.027480117324592407,0.029391639953109016,0.03281730229480939,0.038124861277584,0.036608926161571916,0.031040711342681035,
0.00465971398521057,0.005513301216709146,0.005917021974209636,0.005163771549428265,0.004596607814990165,0.0032650533590559048,0.0023970459109639384,0.001712135032207445,0.001330069654113225,
0.014845222865700034,0.01709550120028891,0.019133969355836358,0.022318233831826077,0.02353022438334146,0.023406381692568715,0.02321860266305831,0.01791937983510371,0.013023756364174957,
0.016283859418053916,0.01793598405667559,0.020930329882716377,0.023386532539034752,0.027190450551170572,0.029446713528680245,0.031146258064760186,0.02949137402355397,0.024380839712660855,
0.013386685112595097,0.014561971074922032,0.018262375344990058,0.019647083376609715,0.023162854556060996,0.022294034270642398,0.019835959463391457,0.016272402348225003,0.012822493697910746,
0.00932173004766043,0.010565087175387858,0.01135506808685886,0.012259634756273983,0.01179749522064401,0.010973411439421248,0.009040325766970664,0.007051786616051069,0.00515278954671201,
0.021485075220920104,0.023990131247592736,0.025204152927609455,0.029892649727469706,0.03163518539703117,0.03338287604378653,0.03714570482038794,0.032550707506406804,0.02427087324003471,
0.005933836984837824,0.006675235135765755,0.0065383444602459114,0.00667561655576239,0.007147867147174192,0.006521396898006828,0.005476637580397253,0.004076924589215282,0.0024145559548973583,
0.015401833113860829,0.017091813841917308,0.01828137451567386,0.019484169966114698,0.020958359441931307,0.019704903137087698,0.018907214894550505,0.016021510252383193,0.009527146631624897,
0.014290626552419087,0.01615724662484689,0.01758689962271342,0.01974086790793394,0.019616843159045716,0.02092711307022951,0.02065668639303607,0.01759447254098845,0.011167687762839279,
0.02110821908427127,0.021876820976776106,0.024877557913896193,0.0290473078634986,0.03104185919439745,0.03305944861940698,0.03266724066979651,0.03164698823805075,0.02719204984074363,
0.011490956266088799,0.013995147204632517,0.014685709703440767,0.016463567773978012,0.01594673003691913,0.017393909839127975,0.015929736711955862,0.010558211352993513,0.005837294646899625,
0.003581312221845592,0.0036760240545986303,0.003821035070192061,0.0034986184874442492,0.0029849344887114275,0.0022719473514629706,0.001556719231937039,0.0011097304175511438,0.0008228631835261635,
0.011901473408915082,0.012806850737294649,0.0141895607278743,0.015446206589985492,0.015863587840156342,0.017436535296988315,0.015891248944571494,0.012950731622470098,0.009001684446684532,
0.016513214942988432,0.02022729208035701,0.02099689627199434,0.023655697698640794,0.024089889163463857,0.02496125434053974,0.02637893506818438,0.02272059308549519,0.017386230487159253,
0.021109932605225906,0.02650148579305366,0.02821728837425581,0.029914643565961963,0.033741714707745854,0.035762546161541765,0.03760169601154082,0.03750283743489286,0.030145214378090965,
0.012429105852583503,0.013281850586057192,0.014169713544755293,0.014451268269631005,0.014354798905782572,0.013730142234580064,0.01245410010236176,0.009836565944008393,0.006078994032904301,
0.0021450144879323176,0.002667403453450605,0.002875990508663662,0.002133685759755693,0.0018518265366425798,0.0009445594741280185,0.0005629516456421018,nan,0.0013526254876426909,
0.009128446240467589,0.01027016492376614,0.010487704307090865,0.011091541811469036,0.01123231279305685,0.010419696162483281,0.007452668669735364,0.006007742609834365,0.002079688366203477,
0.010078578201731914,0.009031265001711515,0.010862371043421895,0.010943044297017116,0.010437486708466682,0.007473295403570493,0.005444536857500499,0.003017233766209815,0.0038062696140260294,
0.017808273922083062,0.019482144966580132,0.023337907272356795,0.02423448682127281,0.028995330142596788,0.027451273212180247,0.024567119162004235,0.02436218908549585,0.017103916456226234,
0.0035928592404862207,0.004495670622459694,0.004926713156056209,0.003945711702122038,0.004322802287214292,0.003264990025298767,0.001762302404321326,0.0011571820910908311,0.0006893793124845536,
0.012896773574065911,0.018575701537111123,0.017463573772856216,0.02067066334063356,0.022284926371382865,0.022298346640266482,0.017776461441827318,0.013217857549141024,0.007710389373263141,
0.016029282576251563,0.016224555450255206,0.01833483211727387,0.02033138788246654,0.02099609024167786,0.02251210092802048,0.019837203730687404,0.013771239476063415,0.011653425040569376,
0.016410821395178684,0.021157421949214227,0.020796476875649113,0.022653871920695984,0.024177310277810726,0.022307178907841785,0.02028618035613185,0.01584944653003921,0.008873122380935466,
