685.384,821.386,960.247,1096.162,1220.068,1327.213,1406.879,1459.045,1480.94,1484.194,1484.249,1477.296,1454.453,1401.982,1321.122,1214.4,1090.287,955.24,816.875,682.595,
459.037,637.756,874.836,1175.637,1538.245,1946.113,2368.094,2747.518,3033.064,3176.557,3180.189,3039.375,2757.075,2373.573,1955.286,1543.605,1181.627,879.322,641.927,462.021,
472.545,540.456,610.614,680.001,742.823,795.52,833.497,855.093,863.521,866.081,867.513,868.062,861.659,841.737,804.683,752.179,688.792,619.266,548.232,478.663,
80.147,76.12,72.208,68.318,64.639,60.952,57.328,54.028,51.48,49.998,49.969,51.382,53.924,57.213,60.742,64.405,68.126,71.958,75.833,79.808,
389.22,430.978,469.132,502.721,528.494,545.258,552.906,552.153,546.9,542.406,542.075,546.847,552.495,553.062,545.44,527.954,501.171,467.655,428.753,387.624,
568.134,654.298,738.893,817.692,886.279,939.184,970.225,982.915,983.006,978.955,979.558,984.57,985.593,974.284,942.397,890.807,821.604,742.627,657.433,570.573,
613.427,691.492,767.185,836.51,896.109,941.151,969.241,980.523,979.541,976.172,975.793,980.813,981.99,971.489,943.923,899.081,840.573,770.719,695.505,617.867,
364.329,393.091,418.805,439.876,455.771,464.908,467.116,464.192,457.935,453.966,453.934,457.509,462.744,465.829,462.761,453.435,437.277,415.932,390.837,362.391,
593.173,736.112,890.68,1051.699,1208.558,1347.578,1456.188,1526.176,1558.771,1567.55,1567.746,1559.422,1527.812,1458.884,1351.542,1213.851,1056.598,894.489,738.214,595.107,
382.214,400.445,414.081,422.718,425.915,422.992,415.478,404.065,393.211,386.137,385.942,392.231,403.309,414.186,422.049,424.738,422.059,413.244,399.584,381.415,
606.952,688.633,759.03,813.28,848.646,865.183,865.0,853.023,837.717,826.512,826.621,837.602,853.585,865.307,865.804,849.444,813.96,760.025,689.451,607.125,
568.103,653.742,737.292,815.757,882.847,935.454,969.239,985.302,988.001,985.915,985.734,988.024,985.444,969.818,935.679,883.301,815.718,737.716,653.803,568.052,
509.151,620.838,741.397,865.703,985.508,1091.916,1176.35,1231.754,1259.63,1267.071,1266.294,1257.618,1228.348,1171.741,1087.034,980.297,860.043,736.511,616.025,505.256,
684.943,841.175,1009.089,1177.939,1338.224,1477.479,1586.733,1658.719,1689.856,1699.958,1699.358,1692.127,1660.373,1587.012,1475.3,1333.795,1174.47,1005.95,837.156,680.174,
658.495,808.713,963.234,1110.239,1238.821,1340.216,1408.896,1448.856,1469.894,1477.729,1478.66,1473.573,1456.244,1418.023,1351.307,1251.849,1123.351,975.012,819.791,667.803,
500.764,743.546,1058.612,1450.301,1909.979,2410.509,2914.534,3388.883,3775.119,3989.768,3993.005,3770.887,3396.835,2917.654,2407.239,1905.168,1449.168,1057.601,742.998,501.612,
635.014,887.19,1171.491,1466.383,1737.48,1973.84,2165.147,2306.441,2392.612,2422.972,2424.002,2385.59,2303.422,2171.202,1978.271,1741.101,1472.686,1175.363,886.947,633.034,
557.152,678.59,812.061,952.559,1093.278,1226.305,1339.767,1427.889,1480.615,1500.237,1501.301,1480.969,1429.496,1341.499,1228.968,1095.176,954.41,814.141,680.712,558.602,
267.668,273.657,276.216,275.591,272.064,265.593,256.941,247.542,239.229,234.155,234.026,238.831,247.763,257.189,265.646,272.0,275.469,276.064,273.327,267.612,
165.75,167.97,169.221,169.142,167.39,164.533,160.324,155.617,151.159,148.411,148.148,150.461,154.715,159.514,163.995,167.156,169.073,169.479,168.507,166.325,
632.497,752.847,875.703,996.095,1109.407,1208.27,1286.029,1338.922,1367.686,1375.932,1376.453,1367.835,1340.296,1287.156,1208.897,1110.274,997.475,876.437,753.831,632.568,
557.663,717.345,902.706,1106.01,1320.807,1531.528,1719.719,1871.037,1969.461,2013.607,2012.313,1967.432,1868.603,1717.421,1527.781,1319.03,1105.335,902.535,718.846,558.473,
62.279,57.006,52.721,49.132,46.041,43.236,40.62,38.312,36.491,35.471,35.474,36.492,38.309,40.648,43.226,46.044,49.174,52.771,57.157,62.489,
558.461,642.43,724.144,799.226,864.51,916.069,948.608,964.842,968.711,966.729,966.881,969.013,966.397,951.131,917.911,867.988,803.034,728.932,649.0,564.638,
476.658,564.71,656.871,748.617,833.629,906.591,961.679,995.463,1012.568,1017.178,1016.233,1010.871,992.245,956.361,900.461,827.111,741.687,650.348,558.73,471.584,
680.356,790.584,899.184,1001.709,1091.457,1160.865,1206.126,1228.928,1231.617,1227.752,1227.688,1231.328,1227.538,1205.974,1160.566,1090.815,1000.276,898.157,790.532,680.309,
218.422,218.263,215.54,210.543,204.038,196.324,187.723,179.037,171.799,167.518,167.493,171.658,178.837,187.588,196.3,204.236,210.577,215.099,217.842,218.134,
663.752,846.418,1049.202,1260.712,1474.011,1666.408,1829.918,1946.463,2012.699,2032.368,2035.309,2014.271,1951.38,1834.823,1676.125,1481.952,1271.938,1061.531,858.963,674.727,
542.395,645.469,753.255,861.943,964.178,1051.935,1118.839,1160.127,1178.351,1183.902,1183.627,1178.668,1160.88,1119.524,1052.508,963.983,861.78,753.957,645.737,542.153,
381.713,420.142,454.944,484.625,507.484,522.448,529.732,528.825,524.46,521.122,520.997,525.298,529.587,529.895,523.175,508.497,485.643,456.194,421.195,382.793,
630.013,792.22,964.161,1137.097,1304.408,1449.454,1568.03,1646.192,1688.121,1704.114,1704.51,1688.278,1645.654,1567.048,1451.638,1305.31,1139.176,965.051,792.786,630.471,
552.138,690.501,841.759,998.929,1151.463,1287.983,1393.031,1461.195,1494.402,1505.653,1504.48,1491.08,1456.211,1385.551,1279.288,1145.318,994.155,837.824,687.717,550.294,
277.724,284.759,287.007,284.962,279.609,270.75,259.511,247.804,237.764,231.949,231.74,237.637,247.504,259.393,270.335,278.812,284.534,286.098,283.837,276.79,
152.366,147.993,143.892,139.834,135.619,130.957,125.861,120.72,116.539,113.958,114.139,116.607,120.931,125.975,131.172,135.785,140.266,144.31,148.595,153.131,
667.78,800.119,936.535,1073.968,1203.943,1317.233,1400.613,1445.398,1456.037,1452.934,1451.358,1453.979,1441.681,1395.172,1310.962,1195.877,1067.22,930.033,793.749,663.224,
780.03,926.164,1071.488,1210.099,1331.611,1428.909,1496.566,1530.731,1539.076,1536.463,1536.553,1539.539,1531.08,1496.38,1430.588,1332.872,1211.099,1073.021,927.41,779.973,
330.568,363.312,395.167,424.748,450.461,470.136,482.631,487.919,487.919,486.801,487.49,489.171,489.964,485.485,472.948,453.219,427.232,397.389,365.0,332.086,
737.412,965.522,1226.715,1520.912,1845.163,2183.772,2511.605,2796.169,2998.928,3093.943,3097.474,3002.918,2804.09,2521.162,2194.165,1854.525,1529.822,1233.047,968.734,740.167,
798.666,1052.268,1353.865,1699.313,2075.948,2455.259,2802.917,3085.736,3271.659,3353.684,3354.989,3271.801,3086.632,2805.252,2457.276,2077.355,1701.615,1355.463,1052.796,799.26,
446.07,619.382,835.365,1092.942,1382.561,1690.443,1991.788,2256.265,2446.061,2539.623,2539.098,2445.298,2253.3,1989.293,1686.912,1378.949,1088.197,831.262,615.039,441.554,
614.12,792.063,1003.081,1243.943,1497.98,1754.078,1986.318,2170.739,2288.964,2341.192,2342.239,2288.841,2170.222,1985.38,1753.961,1498.365,1242.903,1004.693,793.474,614.734,
594.135,629.709,652.198,660.735,657.089,642.058,619.016,592.829,570.104,555.888,555.918,569.544,593.0,618.987,641.486,656.433,659.524,650.2,628.068,592.384,
452.832,685.87,993.607,1386.563,1855.372,2388.927,2956.113,3506.171,3957.912,4212.24,4214.208,3959.703,3508.376,2958.269,2394.348,1861.766,1390.172,997.509,687.209,453.064,
438.345,501.416,566.554,631.468,690.913,740.603,776.677,797.216,805.687,807.213,806.662,805.826,798.045,777.197,740.889,691.116,631.67,566.989,500.948,437.838,
625.639,721.181,816.821,907.766,987.846,1051.0,1093.851,1114.902,1119.773,1118.36,1117.893,1119.86,1114.576,1093.171,1050.721,987.073,907.509,816.706,721.378,625.854,
638.895,728.267,811.859,885.672,946.619,990.892,1016.717,1026.06,1023.521,1018.183,1018.373,1023.772,1026.029,1016.958,990.866,947.747,885.895,812.503,728.14,638.708,
229.41,235.445,239.472,241.138,240.477,237.731,232.565,226.344,220.174,216.514,216.51,220.14,226.302,232.724,237.895,240.962,241.558,239.601,235.478,229.537,
711.926,857.616,1012.701,1169.777,1320.065,1452.04,1556.902,1627.4,1664.33,1677.65,1677.468,1664.25,1625.964,1556.297,1452.121,1321.427,1171.066,1014.634,859.408,713.71,
272.043,285.96,296.406,303.248,304.932,303.077,297.108,289.29,281.712,277.106,277.39,282.149,290.243,298.123,304.22,306.777,304.617,297.897,287.415,273.602,
488.507,624.818,787.201,968.485,1164.177,1360.624,1541.686,1689.562,1787.938,1833.488,1831.979,1787.504,1687.824,1541.304,1360.827,1164.279,968.358,786.823,625.773,489.183,
226.235,231.194,233.805,233.832,231.944,227.825,222.095,215.103,208.624,204.937,204.955,208.816,214.866,221.887,227.591,231.732,233.646,233.426,230.959,226.204,
552.238,645.96,739.69,828.888,906.545,970.636,1014.412,1037.764,1045.486,1044.955,1045.279,1045.208,1038.523,1014.089,971.121,907.496,829.41,740.561,646.678,552.357,
419.333,561.567,748.694,987.625,1283.943,1631.466,2011.152,2380.758,2679.762,2843.257,2844.445,2676.312,2376.038,2006.152,1627.428,1279.546,984.29,745.538,559.081,417.722,
673.829,834.212,1016.194,1212.733,1416.923,1619.411,1801.85,1949.847,2045.931,2086.61,2084.227,2041.129,1944.911,1799.015,1616.268,1416.847,1212.358,1016.845,838.158,677.757,
750.604,961.353,1191.281,1432.386,1660.045,1855.346,2014.588,2136.216,2211.825,2244.331,2245.816,2213.617,2138.004,2016.213,1857.076,1663.228,1433.951,1193.978,963.36,755.006,
197.234,193.273,188.271,182.617,176.269,169.395,162.106,155.13,149.208,145.854,145.752,149.202,155.121,162.204,169.496,176.251,182.393,188.122,192.85,196.709,
118.807,113.044,107.742,102.851,98.032,93.391,88.829,84.492,81.079,79.102,79.101,81.17,84.569,88.901,93.482,98.21,102.901,107.855,113.187,118.843,
148.571,148.798,148.925,148.053,146.195,143.138,139.065,134.435,130.158,127.827,127.724,130.109,134.001,138.609,142.606,145.673,147.486,148.296,148.247,147.919,
287.67,315.716,342.446,366.548,385.327,397.319,401.28,398.573,392.61,388.095,387.539,392.092,397.491,399.959,395.882,384.433,365.692,342.333,315.922,288.075,
615.346,706.682,795.747,878.864,950.48,1005.752,1040.738,1055.208,1053.692,1047.391,1048.083,1052.925,1054.558,1040.264,1004.288,949.288,878.156,795.988,706.482,614.755,
444.709,489.096,528.189,560.842,584.412,598.496,601.727,596.361,587.247,580.516,580.642,587.061,595.82,600.311,596.113,582.434,558.765,526.613,488.003,443.8,
656.038,788.299,929.817,1075.881,1221.447,1350.218,1461.6,1541.853,1586.331,1601.251,1604.16,1587.794,1541.811,1459.951,1348.808,1218.66,1073.022,925.917,784.076,653.822,
505.833,617.987,745.872,886.266,1035.233,1183.987,1319.19,1428.524,1499.156,1532.337,1531.208,1498.556,1424.996,1314.271,1178.837,1030.527,882.656,742.413,616.589,505.314,
508.408,673.105,878.745,1129.201,1421.04,1741.843,2065.744,2355.583,2571.086,2681.724,2684.134,2577.392,2365.671,2075.111,1749.326,1426.257,1131.161,878.749,671.819,507.638,
739.416,937.027,1170.483,1441.116,1745.929,2074.577,2408.853,2712.284,2942.761,3056.074,3054.867,2936.924,2705.486,2402.007,2068.272,1738.138,1434.014,1164.562,931.264,736.622,
827.546,955.437,1063.226,1142.396,1189.062,1203.793,1194.032,1169.021,1141.356,1123.262,1123.208,1142.065,1170.085,1196.545,1207.045,1192.186,1146.371,1066.956,959.402,831.944,
653.75,910.958,1192.058,1463.881,1712.714,1927.905,2092.26,2199.358,2253.536,2270.709,2269.769,2251.114,2197.752,2087.62,1923.083,1708.511,1461.443,1189.777,908.659,653.201,
403.287,443.304,476.245,500.191,513.727,516.208,509.743,497.356,484.333,475.278,475.71,484.248,497.14,509.756,516.421,514.133,500.756,476.888,443.8,404.061,
297.761,316.213,331.482,343.426,351.512,355.031,354.064,350.241,344.981,340.686,340.76,344.733,350.353,354.737,355.531,351.694,343.695,331.58,316.227,297.738,
524.776,727.838,990.609,1316.672,1706.015,2132.844,2562.115,2938.93,3212.585,3344.578,3344.571,3214.879,2932.552,2556.499,2128.408,1697.557,1312.946,986.03,724.744,520.747,
534.768,654.328,790.202,943.757,1112.167,1286.755,1455.123,1600.046,1703.914,1753.778,1752.969,1702.772,1598.72,1452.281,1284.193,1110.231,943.407,792.642,655.754,536.208,
432.617,473.254,509.092,538.468,559.876,571.654,573.692,567.944,559.036,553.067,553.249,559.628,568.848,574.958,573.034,561.531,540.469,511.107,475.417,434.704,
295.004,307.505,317.27,324.033,326.961,326.276,322.14,315.164,307.978,303.415,303.281,307.768,314.855,321.506,325.82,326.706,323.634,316.895,307.117,294.69,
520.607,582.041,639.087,688.102,725.949,748.155,753.334,745.9,733.789,724.492,723.59,731.571,740.99,744.358,735.041,710.719,673.587,626.467,570.328,510.572,
514.284,622.723,739.307,863.051,984.082,1093.157,1184.645,1249.165,1286.656,1300.378,1299.883,1286.307,1249.912,1184.621,1094.647,984.457,864.107,740.618,623.137,514.322,
561.058,643.988,720.069,787.027,838.986,873.584,890.515,889.638,880.308,872.77,873.161,883.23,893.306,894.764,879.413,844.68,792.023,725.177,648.149,564.225,
504.03,575.173,645.062,711.524,770.048,819.849,854.629,876.015,885.95,888.39,888.689,885.482,874.805,852.819,817.065,768.392,708.549,642.196,572.493,501.238,
650.604,791.237,942.829,1098.085,1250.738,1391.209,1509.291,1592.618,1636.946,1653.697,1653.856,1636.785,1591.5,1508.724,1388.929,1246.947,1093.242,937.035,786.587,647.801,
710.877,888.96,1079.651,1272.791,1456.795,1623.821,1756.263,1845.983,1891.625,1903.566,1901.567,1885.889,1842.576,1750.88,1614.462,1450.436,1266.092,1073.123,883.838,708.245,
697.307,917.641,1161.283,1418.114,1666.94,1892.042,2083.415,2208.286,2277.399,2302.492,2304.747,2285.243,2217.211,2094.309,1915.165,1684.755,1433.083,1181.268,930.131,704.507,
145.078,142.636,139.519,135.497,130.574,124.894,118.902,113.099,108.294,105.536,105.514,108.196,112.834,118.541,124.499,130.093,134.958,138.97,142.072,144.414,
505.951,584.001,662.969,738.971,806.512,860.745,898.511,918.169,923.305,921.864,922.72,923.646,920.07,900.898,863.92,809.402,741.303,665.351,584.944,506.553,
631.922,791.567,965.481,1145.235,1323.98,1490.493,1630.29,1734.574,1797.14,1822.0,1822.39,1796.903,1734.271,1628.605,1489.467,1323.245,1144.15,963.35,790.81,631.136,
775.774,957.45,1151.969,1350.379,1539.521,1706.697,1840.415,1931.47,1980.535,1998.067,1997.435,1978.447,1927.42,1835.935,1702.203,1532.966,1343.185,1144.693,950.005,769.173,
504.502,576.781,644.569,702.29,745.486,770.467,778.195,771.909,758.942,748.864,749.235,758.223,770.282,776.667,768.079,742.034,698.428,639.951,573.003,500.586,
495.648,551.074,601.517,643.338,674.514,692.453,697.698,692.087,682.192,674.612,674.645,682.055,691.079,696.248,691.135,672.656,641.521,599.634,549.644,493.26,
544.657,635.243,727.845,817.084,897.132,961.162,1005.497,1028.053,1034.698,1033.313,1032.735,1033.318,1026.354,1003.109,959.182,895.414,815.948,727.61,634.996,544.858,
641.812,767.159,890.002,1005.153,1102.001,1178.364,1227.649,1248.022,1247.804,1243.56,1241.892,1249.336,1248.448,1228.268,1181.174,1104.371,1007.241,892.636,770.194,645.38,
615.108,810.423,1026.118,1255.458,1483.162,1698.206,1879.332,2014.741,2096.047,2130.865,2130.101,2098.433,2019.278,1883.066,1700.717,1486.981,1257.704,1027.979,811.62,615.909,
664.562,771.463,873.221,964.336,1042.969,1103.656,1143.992,1163.558,1167.905,1166.925,1167.358,1171.455,1169.639,1152.09,1113.499,1053.749,975.952,883.784,781.051,673.314,
461.161,540.734,623.747,707.699,789.052,865.156,929.425,979.733,1010.618,1024.1,1023.873,1009.827,978.013,930.395,864.64,789.308,707.69,623.304,539.843,460.149,
411.328,580.696,811.755,1112.144,1485.881,1925.491,2394.989,2843.17,3188.588,3368.62,3370.158,3189.799,2842.386,2396.804,1925.207,1486.39,1111.369,810.943,579.951,410.309,
513.665,583.962,653.926,719.661,775.949,819.897,846.807,858.875,859.403,856.563,856.821,860.45,861.02,850.2,823.679,780.647,724.364,658.467,588.653,518.137,
312.217,331.245,347.961,361.166,370.153,374.15,372.892,367.702,361.349,356.688,356.396,360.956,367.064,371.959,372.764,368.356,359.255,345.607,329.07,309.989,
538.288,619.811,701.161,779.507,848.313,901.008,934.431,948.896,947.345,943.756,943.708,947.641,949.028,935.992,902.841,849.339,781.172,703.761,621.643,540.46,
476.295,523.705,566.381,603.677,631.509,649.181,655.446,652.424,644.608,637.973,637.735,643.494,650.577,653.043,645.903,628.497,600.329,563.439,520.213,473.173,
513.64,604.145,697.271,790.626,877.82,952.294,1009.096,1045.529,1061.876,1065.772,1065.874,1060.632,1044.888,1008.105,951.073,877.41,790.883,698.381,604.546,516.015,
662.086,804.762,954.011,1103.435,1243.382,1364.007,1456.585,1516.834,1548.445,1558.362,1557.722,1547.425,1515.521,1455.402,1362.124,1241.65,1102.282,952.963,803.421,661.212,
444.114,493.497,540.785,583.328,618.32,643.316,655.878,657.174,651.854,646.831,646.009,651.411,656.653,655.342,642.96,617.949,583.509,541.155,494.357,444.875,
444.068,476.816,503.614,523.809,535.929,539.875,536.224,527.512,516.983,510.159,510.378,517.468,527.824,537.029,540.567,536.162,524.016,503.545,476.414,443.33,
611.814,826.557,1081.338,1378.649,1726.699,2118.671,2530.613,2914.839,3207.954,3357.917,3357.825,3205.843,2910.815,2528.215,2119.207,1730.315,1384.966,1086.345,831.491,615.914,
665.605,802.038,938.371,1068.323,1183.801,1277.779,1342.235,1378.623,1389.536,1387.767,1387.399,1388.6,1375.418,1337.167,1271.028,1175.899,1060.42,930.925,794.374,659.143,
244.769,246.41,245.177,241.878,235.759,227.837,218.269,208.347,199.963,195.086,195.078,200.014,208.237,218.131,228.043,235.894,241.746,245.423,246.362,244.692,
520.441,601.071,682.978,761.566,832.172,891.173,933.411,958.197,966.778,968.275,968.11,967.161,958.408,934.114,891.981,833.388,761.809,682.917,601.108,519.942,
176.348,175.488,172.821,169.126,164.062,158.096,151.422,144.581,139.038,135.776,135.804,139.01,144.573,151.295,158.235,163.941,168.969,172.649,175.248,176.13,
408.042,439.281,464.49,482.588,493.69,496.866,493.118,484.527,474.759,467.73,468.282,474.912,484.559,492.795,496.355,493.296,482.262,463.79,438.367,406.954,
480.139,585.085,702.232,829.184,960.568,1089.807,1207.47,1305.282,1372.215,1404.814,1404.373,1372.187,1305.304,1207.332,1088.542,958.593,826.579,700.616,584.267,479.326,
702.655,938.681,1211.342,1518.089,1847.109,2174.593,2478.141,2736.406,2915.781,2998.674,3001.266,2914.895,2731.652,2481.925,2175.303,1849.208,1522.492,1213.617,940.214,704.192,
343.01,347.408,346.627,341.429,332.556,321.124,307.47,293.699,282.268,275.534,275.465,282.274,293.91,307.623,321.475,332.979,341.744,346.855,347.657,343.03,
500.109,609.99,728.022,852.257,975.004,1087.014,1179.494,1246.668,1286.623,1302.473,1301.802,1283.649,1244.668,1175.468,1080.407,968.026,845.79,722.746,604.712,495.395,
388.242,407.187,419.583,425.257,423.914,417.356,405.681,391.709,379.251,371.077,371.356,379.184,391.629,406.068,417.289,424.421,425.119,419.291,406.909,388.068,
92.381,86.178,80.501,75.351,70.84,66.906,63.32,60.049,57.46,55.982,55.968,57.428,60.004,63.314,66.875,70.888,75.332,80.474,86.164,92.39,
673.433,798.499,922.116,1040.865,1147.197,1230.98,1289.346,1317.958,1324.046,1320.962,1321.145,1322.928,1318.127,1288.623,1231.749,1147.687,1041.151,923.453,799.784,674.901,
512.449,611.209,716.273,822.704,923.276,1006.748,1063.742,1092.46,1098.88,1096.444,1096.606,1097.678,1090.621,1061.355,1002.708,919.252,819.353,713.445,608.169,509.945,
565.809,685.775,813.128,942.491,1063.625,1169.128,1244.112,1288.576,1304.51,1308.088,1308.642,1304.98,1287.944,1244.63,1168.493,1065.344,943.095,814.02,686.267,566.1,
353.7,387.08,417.009,442.612,461.523,472.511,476.221,473.116,466.041,460.89,460.497,465.324,472.146,474.999,471.862,460.237,441.165,416.075,385.902,352.468,
395.283,439.252,481.062,518.246,548.257,568.771,579.483,580.713,576.101,572.318,571.871,576.871,581.15,580.532,570.596,550.023,519.857,483.213,441.176,396.846,
460.184,515.31,567.372,612.979,651.309,679.302,696.327,701.304,699.501,696.085,695.973,700.24,702.766,698.027,681.917,654.416,616.465,569.935,517.688,462.42,
269.882,294.643,318.639,340.964,360.044,374.158,382.283,385.193,384.477,382.999,383.658,385.342,386.479,383.941,375.908,362.032,343.143,320.269,296.025,271.104,
247.333,249.823,248.971,245.296,239.055,230.32,220.162,210.005,201.119,196.162,196.201,201.073,209.707,220.023,229.982,238.598,245.045,248.643,249.336,246.811,
497.836,562.16,621.701,674.702,719.693,752.479,772.707,781.137,780.961,778.836,779.026,782.691,783.146,776.073,756.155,724.239,680.827,626.964,567.175,502.537,
257.19,263.971,267.869,269.159,267.848,263.511,256.828,249.072,241.692,237.154,237.065,241.385,248.899,256.716,263.14,267.277,269.006,267.487,263.705,257.208,
594.387,686.854,774.968,852.199,912.618,953.088,970.781,969.45,959.574,950.239,950.105,959.73,970.496,971.902,954.654,915.035,855.042,777.166,689.399,596.285,
333.675,342.489,344.99,340.603,330.341,315.999,300.438,285.436,273.925,267.514,267.707,274.05,285.484,300.099,315.619,329.592,338.933,343.255,340.545,331.218,
602.63,738.871,886.964,1039.086,1186.491,1315.019,1413.038,1474.295,1501.616,1512.308,1513.446,1507.358,1481.723,1423.643,1325.744,1195.611,1046.682,891.623,742.102,604.197,
489.149,575.596,669.296,765.802,861.042,945.33,1010.979,1052.785,1072.883,1077.716,1076.704,1069.482,1047.734,1004.733,938.655,853.108,759.77,663.756,571.318,484.831,
476.568,580.318,689.926,799.851,906.383,1000.101,1076.254,1129.53,1161.01,1174.29,1174.903,1164.447,1134.425,1084.22,1007.87,913.853,807.976,695.808,585.595,481.756,
589.37,797.462,1037.747,1303.115,1585.077,1868.986,2147.391,2385.683,2556.141,2641.466,2640.743,2555.002,2383.315,2142.926,1866.433,1578.896,1298.93,1033.396,793.935,586.908,
651.407,785.635,932.524,1092.437,1255.604,1412.011,1546.079,1646.79,1705.547,1729.654,1728.557,1702.143,1641.113,1539.135,1403.282,1248.351,1085.467,926.658,779.263,645.976,
463.004,487.614,505.518,515.357,516.731,510.647,497.846,481.798,466.965,457.64,457.618,466.928,481.754,497.849,510.401,516.862,515.599,505.754,488.247,463.886,
713.712,808.992,893.052,962.43,1012.649,1041.35,1047.833,1038.872,1021.953,1009.764,1009.734,1022.292,1038.866,1049.737,1043.044,1014.137,965.086,895.407,810.302,714.547,
347.582,388.332,428.199,464.996,497.489,522.158,537.418,543.521,543.064,540.383,540.519,542.399,543.497,537.238,522.099,496.733,464.947,427.622,387.512,347.224,
537.269,623.386,706.703,784.422,849.196,898.142,926.706,936.167,934.72,929.972,929.686,933.309,933.921,922.897,893.875,845.185,779.711,702.689,619.027,533.626,
453.182,506.828,554.708,593.218,621.653,638.482,643.927,638.756,631.311,624.033,624.381,631.004,639.588,643.266,638.104,621.882,593.282,554.44,506.919,453.423,
369.235,400.792,429.432,454.056,473.339,486.308,492.052,491.384,486.918,482.428,482.539,485.886,490.824,491.221,484.54,471.519,451.964,427.111,398.543,367.154,
489.371,553.199,612.598,667.367,713.536,747.966,770.107,778.833,778.996,776.617,776.196,778.015,777.034,767.599,745.565,710.378,663.573,609.049,549.345,486.043,
625.288,776.522,932.461,1086.221,1225.423,1346.038,1440.042,1500.948,1529.803,1536.94,1537.506,1531.535,1505.081,1444.328,1350.027,1229.494,1089.478,936.83,779.77,627.688,
758.559,1008.07,1317.764,1689.699,2116.834,2577.402,3033.87,3434.07,3719.15,3852.487,3852.352,3719.522,3432.009,3033.354,2577.496,2116.822,1689.861,1318.573,1008.703,760.75,
653.722,874.356,1130.873,1416.325,1716.592,2011.263,2272.916,2477.793,2608.754,2668.704,2668.007,2609.97,2479.13,2274.853,2013.787,1721.565,1420.955,1135.979,878.127,657.124,
423.246,451.872,472.995,486.228,491.049,488.074,478.628,464.716,451.445,443.359,443.048,451.498,464.738,478.418,488.048,490.929,486.076,472.741,451.402,423.023,
440.931,467.679,483.208,487.508,482.894,471.231,455.604,438.431,423.479,414.563,414.412,423.734,439.537,457.744,474.66,487.042,492.891,488.823,473.193,445.807,
156.46,155.334,153.127,149.946,145.622,140.28,134.338,128.308,123.27,120.443,120.431,123.302,128.412,134.317,140.315,145.518,149.85,153.106,155.242,156.374,
600.497,757.229,940.534,1151.156,1384.628,1633.53,1878.025,2092.081,2243.176,2315.231,2316.657,2245.628,2095.323,1882.927,1637.546,1388.683,1152.958,943.821,761.252,604.493,
542.531,582.8,613.164,632.743,640.971,638.34,625.531,607.256,588.739,577.354,576.818,588.82,607.516,626.094,638.979,642.294,634.448,615.038,585.077,544.87,
505.948,601.927,701.43,801.531,897.999,983.701,1051.06,1098.519,1122.359,1130.578,1130.998,1124.778,1101.4,1056.717,988.199,902.558,805.561,704.562,603.803,507.04,
503.459,557.454,609.106,655.194,694.206,723.727,740.369,745.528,741.701,736.755,736.661,741.782,745.163,740.504,723.579,694.575,654.989,608.515,556.843,502.733,
247.046,246.968,243.393,237.179,228.656,218.415,207.161,196.082,187.096,181.992,181.843,187.057,195.868,206.863,218.005,228.242,236.698,242.902,246.223,246.437,
533.903,634.773,738.39,838.834,931.145,1007.007,1063.891,1096.807,1111.518,1115.152,1114.64,1110.825,1096.207,1061.982,1006.162,929.102,837.167,737.404,634.157,532.702,
597.371,728.274,874.209,1029.839,1187.591,1334.675,1460.702,1554.439,1610.659,1630.704,1630.53,1610.358,1553.55,1459.689,1334.698,1186.704,1029.307,873.754,728.37,596.717,
667.956,860.285,1097.307,1380.974,1706.465,2059.141,2410.681,2724.456,2955.495,3069.059,3068.115,2953.107,2718.9,2403.852,2051.675,1697.7,1372.254,1089.996,854.352,664.311,
105.217,107.899,111.34,115.87,121.53,128.573,136.692,145.235,152.72,157.049,157.098,152.795,145.38,136.837,128.595,121.543,115.874,111.407,107.926,105.226,
491.149,642.163,818.469,1015.302,1222.389,1429.135,1619.036,1775.678,1884.527,1937.495,1939.136,1888.316,1781.421,1625.422,1435.638,1227.117,1019.177,822.08,644.211,492.64,
471.097,652.39,883.428,1161.635,1474.256,1796.459,2094.857,2336.322,2497.207,2568.917,2570.194,2497.187,2336.347,2095.689,1798.75,1478.456,1167.135,889.443,658.912,476.783,
735.455,1089.238,1505.394,1937.019,2329.015,2646.117,2866.973,2982.6,3015.818,3013.806,3013.5,3012.863,2979.358,2864.253,2646.437,2331.844,1943.142,1515.139,1099.131,745.07,
664.135,754.63,837.592,910.183,967.427,1004.758,1020.605,1017.907,1003.199,989.86,988.388,999.0,1011.679,1013.497,997.122,959.139,902.036,830.082,747.78,658.768,
321.948,328.265,330.213,328.334,322.686,313.726,302.337,290.251,279.801,273.615,273.651,279.875,290.387,302.407,313.83,322.875,328.444,330.534,328.573,322.209,
434.047,496.131,558.087,618.304,671.89,715.101,746.047,761.243,764.646,762.735,763.847,765.276,762.795,748.158,717.699,674.172,620.506,560.913,497.62,435.972,
425.803,491.694,558.908,625.143,686.642,740.439,781.424,808.324,820.126,824.159,824.674,821.721,810.039,784.548,743.644,690.454,628.461,562.253,494.65,427.963,
749.896,900.747,1062.509,1227.298,1383.533,1519.097,1622.071,1686.425,1716.86,1722.993,1723.091,1715.222,1684.644,1619.164,1516.119,1380.721,1224.818,1060.151,898.47,747.417,
715.617,889.56,1077.926,1272.298,1463.092,1635.117,1775.834,1874.416,1929.639,1949.283,1949.217,1927.053,1870.84,1771.143,1630.933,1459.437,1269.663,1075.405,888.91,715.599,
465.562,530.282,594.614,655.698,709.728,752.61,780.915,794.114,795.884,793.956,793.271,794.857,792.543,778.943,750.671,707.57,654.113,592.861,529.292,464.185,
442.034,616.136,838.189,1110.449,1428.509,1785.023,2153.293,2492.061,2746.725,2874.699,2872.712,2747.248,2483.741,2143.072,1772.81,1416.361,1098.566,830.86,611.881,440.656,
570.088,643.409,714.127,780.878,838.667,884.952,916.648,933.119,938.128,937.42,937.657,938.359,933.913,917.389,885.768,839.165,780.882,714.322,643.116,570.256,
700.081,839.845,987.291,1136.313,1281.791,1411.361,1515.321,1584.007,1617.346,1627.757,1626.974,1617.965,1584.547,1515.705,1413.219,1283.088,1137.585,987.082,839.588,700.273,
46.312,40.777,36.49,33.086,30.266,27.858,25.778,24.035,22.734,22.029,22.008,22.691,23.951,25.671,27.742,30.144,32.942,36.373,40.661,46.165,
464.32,523.457,579.517,629.489,671.253,701.214,718.817,724.334,721.843,717.56,717.318,721.528,723.289,717.975,700.32,669.647,628.241,578.345,521.78,462.18,
192.022,186.877,180.851,174.638,167.792,160.881,153.606,146.871,141.143,138.06,137.989,141.266,146.645,153.349,160.524,167.456,174.061,180.407,186.212,191.591,
924.698,1208.779,1511.773,1813.402,2087.764,2308.34,2459.69,2539.85,2562.441,2561.502,2559.757,2558.729,2532.265,2451.68,2298.116,2076.631,1802.079,1501.566,1198.915,916.26,
549.204,631.054,708.5,776.996,834.119,877.032,903.461,915.141,916.581,914.217,913.793,916.845,916.789,904.395,877.364,834.71,777.839,708.764,631.334,548.712,
890.477,1127.715,1359.462,1568.317,1737.401,1857.254,1928.265,1958.968,1959.323,1952.356,1952.497,1959.437,1958.971,1928.345,1857.352,1737.417,1570.239,1362.124,1130.489,894.433,
529.251,666.228,827.86,1009.694,1205.142,1402.033,1591.712,1747.223,1859.765,1909.686,1909.079,1856.546,1746.799,1588.516,1398.017,1202.132,1006.572,826.403,666.529,526.934,
578.398,695.61,818.423,940.51,1051.873,1145.944,1212.931,1252.052,1269.648,1272.453,1272.372,1269.247,1253.811,1214.721,1147.944,1055.424,944.185,822.063,698.251,580.78,
778.776,999.207,1234.932,1474.001,1707.567,1925.38,2108.42,2243.062,2318.722,2350.883,2352.738,2324.12,2248.572,2117.688,1932.618,1716.674,1482.212,1241.956,1005.051,781.793,
72.18,66.674,62.21,58.392,55.051,51.899,48.954,46.304,44.277,43.06,43.04,44.202,46.204,48.829,51.777,54.941,58.255,62.086,66.592,72.094,
361.061,371.396,376.039,374.972,369.081,358.095,343.758,328.781,315.984,308.361,308.569,316.057,328.941,343.866,358.2,369.094,375.299,376.427,371.871,361.418,
402.606,464.255,524.354,579.675,626.374,661.877,682.574,690.396,688.99,685.34,684.847,688.069,688.809,680.385,658.927,624.33,578.151,522.976,463.355,402.196,
483.239,588.351,704.772,830.224,956.915,1077.632,1179.616,1254.239,1297.407,1312.816,1312.598,1297.862,1254.896,1180.119,1077.105,957.561,829.476,703.984,587.749,482.64,
433.898,474.881,511.169,540.631,562.267,574.634,578.692,576.234,570.467,565.938,565.702,570.546,577.056,579.905,575.786,563.145,541.155,512.238,475.626,434.31,
577.208,699.282,827.144,954.943,1072.953,1174.35,1252.17,1301.36,1324.984,1332.051,1331.62,1325.04,1300.763,1250.37,1173.34,1071.481,952.61,825.592,698.076,575.364,
395.398,429.714,459.698,484.347,502.009,511.487,512.466,507.862,499.705,494.183,493.81,499.141,506.203,510.91,509.401,499.177,481.967,457.315,427.519,393.701,
352.255,387.592,421.463,452.876,479.323,498.982,512.011,516.422,515.184,512.806,512.483,514.426,514.964,510.092,497.495,477.463,450.836,419.993,386.015,351.206,
444.729,502.393,559.336,611.401,658.371,695.13,718.323,730.385,731.542,730.368,729.522,731.179,727.92,716.0,692.013,655.263,609.742,556.297,500.325,442.036,
674.344,966.177,1321.821,1735.325,2177.635,2615.163,3003.058,3303.229,3495.69,3579.917,3581.201,3497.824,3305.229,3006.142,2620.058,2181.11,1737.254,1325.288,967.517,675.84,
628.653,767.978,907.114,1036.433,1148.585,1235.17,1292.648,1321.684,1330.389,1329.441,1328.142,1327.277,1318.137,1287.726,1229.175,1141.927,1031.048,902.625,763.58,624.448,
437.84,503.652,569.938,634.25,691.217,736.215,765.623,779.708,781.462,779.743,779.331,779.904,775.92,761.115,730.837,685.668,628.503,564.929,498.614,433.509,
107.642,104.1,101.124,98.079,94.707,90.997,86.862,82.717,79.346,77.367,77.392,79.376,82.735,86.836,90.936,94.772,98.117,101.192,104.31,107.841,
27.409,25.255,23.768,22.688,21.817,20.999,20.187,19.362,18.654,18.258,18.241,18.638,19.301,20.112,20.916,21.727,22.542,23.58,25.009,27.118,
622.529,790.897,976.104,1176.555,1382.702,1581.138,1758.609,1896.523,1988.9,2025.501,2026.289,1987.881,1896.814,1758.986,1581.752,1383.361,1178.836,979.259,791.792,623.971,
628.751,784.391,947.481,1111.322,1264.874,1398.461,1500.564,1565.317,1596.039,1605.288,1605.61,1596.748,1566.95,1503.099,1401.549,1268.06,1112.991,949.678,785.823,630.222,
429.655,470.838,507.455,537.768,560.261,573.138,576.857,572.64,565.27,559.564,559.793,565.608,573.244,577.446,573.915,561.009,538.731,508.301,471.475,430.405,
494.792,561.29,626.24,685.776,735.039,770.089,788.687,793.061,788.314,782.93,782.932,788.316,793.331,789.9,771.318,737.029,688.177,628.792,563.75,497.249,
604.913,740.787,887.485,1038.684,1189.044,1330.19,1451.728,1544.417,1599.813,1624.919,1621.836,1598.963,1541.406,1449.944,1326.267,1187.517,1036.79,884.976,738.648,604.551,
630.028,763.062,905.481,1053.759,1200.827,1335.224,1446.437,1523.715,1566.492,1580.884,1580.887,1566.252,1523.864,1446.022,1335.036,1199.632,1052.058,903.558,760.13,627.973,
605.219,723.399,849.284,976.851,1099.975,1207.925,1292.211,1347.866,1376.729,1386.066,1386.329,1377.483,1349.019,1294.855,1210.519,1102.875,979.525,851.206,725.241,606.354,
560.316,796.801,1088.258,1439.74,1859.6,2337.494,2834.757,3289.79,3630.417,3799.466,3799.233,3626.713,3284.182,2829.494,2331.052,1856.694,1439.079,1088.282,798.221,561.388,
557.777,631.413,702.49,766.718,820.701,860.392,883.016,889.366,884.508,878.027,877.987,883.804,887.888,881.199,858.245,818.84,764.723,700.212,629.605,556.207,
227.374,226.549,224.063,220.227,215.106,208.938,202.01,194.749,188.487,184.769,184.817,188.466,194.779,201.911,208.968,215.165,220.302,224.13,226.647,227.43,
568.094,649.476,726.677,795.675,851.996,892.297,915.826,922.842,920.467,916.177,915.896,920.57,923.897,916.784,893.528,852.969,796.975,727.856,650.594,569.18,
621.248,714.515,805.234,889.394,960.859,1014.834,1046.654,1057.899,1054.372,1047.905,1047.863,1054.253,1057.827,1046.413,1014.088,960.634,888.866,804.867,713.971,621.585,
634.738,851.321,1121.891,1449.572,1831.36,2252.88,2682.478,3070.192,3355.508,3485.921,3482.52,3351.694,3066.906,2679.424,2248.544,1828.645,1447.81,1122.414,852.401,636.483,
369.172,402.922,433.274,458.502,477.412,488.835,492.287,489.476,483.507,478.883,478.739,483.327,489.299,492.187,488.603,477.176,458.391,433.09,402.615,368.814,
738.6,851.293,948.764,1024.501,1074.049,1098.495,1099.348,1082.998,1061.487,1046.259,1046.799,1062.507,1084.725,1101.692,1101.006,1077.333,1027.879,952.287,854.737,741.862,
449.717,536.943,631.631,729.177,825.958,914.503,987.23,1038.852,1067.576,1078.676,1077.877,1066.466,1037.272,985.211,912.268,823.813,727.928,630.064,536.073,448.68,
385.855,435.394,484.185,529.765,568.996,599.37,618.886,627.668,628.735,627.174,626.756,627.414,625.754,616.011,596.221,565.748,526.31,480.803,432.243,382.989,
641.74,813.694,1008.116,1217.389,1427.805,1624.375,1792.408,1915.248,1989.534,2019.067,2015.5,1988.315,1913.456,1787.643,1620.447,1424.229,1212.465,1005.416,810.249,638.544,
556.923,689.548,831.853,978.575,1118.244,1239.518,1330.445,1385.015,1408.44,1414.328,1413.706,1406.949,1382.39,1326.1,1234.653,1113.15,973.769,827.674,685.428,553.874,
484.034,550.794,615.889,676.024,728.698,769.958,797.64,812.236,816.215,815.181,815.236,815.3,810.815,795.971,767.71,726.262,673.499,613.572,549.101,482.572,
104.561,100.994,97.119,92.962,88.701,84.389,80.106,76.078,72.873,71.073,71.078,72.883,76.099,80.112,84.427,88.77,93.006,97.135,101.067,104.678,
448.823,483.457,512.933,536.321,552.906,561.418,561.582,555.473,546.726,540.491,540.224,546.392,554.866,560.937,560.498,551.872,535.44,511.863,482.202,447.747,
553.087,684.297,828.256,985.174,1148.648,1308.886,1456.212,1577.261,1655.597,1692.391,1692.712,1654.284,1574.279,1453.43,1306.217,1145.291,982.559,826.215,681.078,550.213,
470.455,523.621,574.285,619.215,655.27,679.278,690.268,690.208,683.96,678.316,677.776,682.55,688.047,687.356,675.719,651.177,614.79,569.933,519.524,466.317,
167.682,174.874,177.351,172.761,161.936,148.895,137.937,131.478,129.684,130.089,130.839,131.493,134.167,141.351,153.353,167.423,178.654,182.833,179.408,171.024,
581.851,695.504,818.682,947.882,1075.801,1196.605,1299.264,1376.2,1422.398,1440.094,1439.78,1422.66,1375.897,1298.95,1196.714,1076.507,948.333,819.77,696.666,583.208,
421.466,453.451,479.331,497.64,508.152,510.152,505.277,495.294,484.606,477.609,477.44,484.474,495.055,505.037,510.112,507.68,497.362,479.017,453.383,421.339,
423.714,476.547,529.331,578.906,621.794,655.018,675.805,684.073,682.459,679.136,678.812,681.875,682.261,673.603,652.279,618.771,575.753,526.392,474.443,422.128,
532.369,664.066,814.7,982.036,1160.924,1343.625,1514.494,1658.139,1757.573,1805.324,1804.26,1756.342,1656.065,1512.167,1341.231,1159.281,980.962,813.531,663.782,531.827,
460.678,624.74,822.59,1048.555,1293.105,1534.462,1749.987,1914.719,2014.389,2056.729,2057.491,2014.201,1912.643,1747.11,1532.184,1290.585,1047.584,821.489,624.548,460.84,
367.885,419.815,472.838,523.856,569.961,607.753,634.326,648.742,653.553,653.696,653.121,652.507,646.964,632.744,606.426,568.596,522.356,471.167,418.674,367.076,
602.822,927.719,1345.939,1837.709,2368.284,2896.227,3377.227,3769.363,4037.755,4163.274,4166.643,4045.913,3781.068,3387.694,2903.903,2372.29,1836.617,1342.509,923.595,599.761,
340.363,369.02,394.763,416.29,431.48,439.21,439.172,432.419,423.504,416.8,416.902,423.633,433.231,440.076,440.898,433.468,418.326,396.827,371.102,342.139,
623.873,730.997,835.306,931.292,1011.889,1071.84,1107.454,1120.615,1118.465,1113.244,1112.987,1118.384,1120.341,1107.046,1071.435,1011.164,930.09,833.753,728.656,620.957,
725.59,838.181,948.581,1052.641,1144.984,1221.375,1275.709,1307.041,1319.123,1320.93,1320.737,1318.526,1305.467,1273.533,1218.917,1142.751,1049.617,945.006,834.398,721.306,
524.965,665.355,824.114,994.696,1168.528,1335.29,1481.727,1594.936,1665.801,1695.496,1696.752,1668.65,1599.172,1486.472,1340.916,1174.313,999.539,828.514,668.265,526.252,
383.759,435.382,486.272,533.421,573.03,601.983,618.437,623.018,620.134,616.191,616.18,619.363,621.924,617.437,600.936,571.973,532.674,485.756,435.18,383.736,
606.836,700.524,791.011,874.631,947.266,1004.982,1044.156,1064.241,1069.675,1068.606,1068.984,1070.878,1066.561,1047.558,1009.625,953.506,881.274,796.812,706.019,611.539,
426.652,462.198,492.432,516.182,530.967,536.267,532.336,522.059,510.007,502.221,502.157,509.78,521.679,531.883,535.716,530.287,515.403,491.843,461.552,426.191,
573.913,667.292,763.344,857.129,942.055,1011.056,1057.798,1081.467,1087.378,1085.792,1086.528,1088.09,1082.719,1059.352,1012.993,944.049,859.07,765.222,669.046,575.456,
655.656,816.251,987.826,1162.397,1333.5,1489.206,1620.884,1717.374,1772.473,1789.265,1789.381,1772.929,1716.871,1620.916,1490.82,1334.658,1164.163,989.514,817.338,657.107,
712.354,876.589,1051.003,1232.108,1408.931,1570.638,1701.809,1798.697,1851.565,1866.785,1867.222,1848.751,1795.226,1698.474,1564.833,1401.985,1225.905,1045.978,871.866,709.571,
147.528,145.513,142.795,139.326,134.956,129.778,124.033,118.19,113.418,110.616,110.639,113.478,118.322,124.146,130.008,135.195,139.589,143.095,145.904,147.929,
243.377,257.717,270.401,280.1,285.09,284.302,277.455,266.344,254.69,246.944,246.448,253.009,263.825,274.168,280.201,280.762,275.916,266.277,253.907,240.426,
511.738,580.808,645.005,701.711,747.363,779.334,795.706,797.993,792.158,786.089,786.411,792.525,798.891,796.841,780.597,749.022,703.042,646.33,581.753,512.349,
482.536,647.492,852.923,1098.244,1371.764,1652.552,1912.389,2122.29,2263.033,2327.873,2326.993,2262.208,2121.642,1911.551,1651.173,1370.23,1096.954,852.005,646.607,481.927,
779.21,920.468,1069.365,1218.972,1362.032,1488.472,1589.06,1655.534,1690.401,1700.881,1700.712,1688.977,1654.124,1585.976,1485.487,1359.046,1215.673,1066.177,917.484,775.863,
393.716,417.344,434.372,444.926,447.882,444.334,434.839,422.077,409.802,401.69,401.986,409.606,422.152,434.759,444.126,448.146,444.959,434.39,417.329,393.782,
648.023,874.283,1152.136,1490.572,1894.411,2363.565,2874.552,3377.098,3787.433,4006.23,4007.251,3785.491,3376.725,2874.594,2365.257,1899.501,1498.207,1161.13,883.159,656.521,
323.354,334.595,340.89,342.128,338.743,331.208,320.731,309.141,298.771,292.572,292.786,298.878,308.867,320.472,330.859,338.214,341.497,340.234,334.089,322.765,
579.342,664.354,747.528,825.692,894.568,949.366,987.144,1005.966,1011.81,1011.056,1010.835,1011.512,1005.668,985.79,948.613,893.676,824.711,747.129,663.98,579.159,
624.37,748.225,878.528,1006.18,1121.022,1213.81,1276.772,1309.22,1318.095,1317.12,1318.509,1319.981,1312.417,1281.015,1218.285,1125.295,1010.387,882.599,751.945,627.464,
429.56,478.122,525.094,567.874,603.112,627.975,640.815,642.724,638.163,633.481,633.116,637.878,642.775,640.996,628.15,603.989,568.864,526.195,479.488,430.954,
848.033,1043.172,1253.965,1468.323,1673.443,1850.386,1986.372,2072.759,2111.788,2120.45,2120.178,2111.311,2072.073,1984.568,1848.198,1671.431,1466.701,1252.968,1042.678,847.871,
755.299,977.963,1212.301,1450.808,1678.539,1878.828,2036.656,2138.072,2185.478,2197.8,2198.262,2188.908,2145.487,2046.304,1893.684,1691.692,1463.311,1224.556,987.37,764.049,
716.668,941.302,1191.945,1455.728,1714.06,1948.006,2139.74,2281.792,2367.014,2402.633,2402.697,2367.682,2281.334,2139.448,1947.495,1714.719,1456.092,1192.186,941.207,716.378,
683.078,794.078,893.559,974.782,1033.861,1068.627,1081.419,1077.454,1065.107,1055.119,1055.008,1064.845,1076.125,1079.716,1066.204,1030.498,971.105,889.085,789.514,678.94,
643.308,881.993,1170.14,1506.386,1886.1,2300.151,2727.164,3123.52,3429.404,3589.479,3590.021,3431.156,3125.476,2730.621,2305.322,1892.773,1512.145,1175.443,885.978,646.533,
410.87,443.224,470.261,490.93,504.15,509.588,508.102,501.185,492.414,486.384,486.811,492.752,501.816,508.636,510.726,505.286,492.153,471.862,445.002,412.602,
444.039,503.056,561.223,614.657,660.298,694.959,716.891,726.164,726.477,724.51,724.422,726.679,725.971,716.662,694.953,660.012,614.318,560.636,502.392,443.123,
578.207,720.252,878.821,1047.376,1214.395,1366.172,1490.025,1576.739,1622.889,1639.07,1639.209,1623.086,1575.756,1489.191,1365.897,1214.647,1048.208,880.351,722.293,580.02,
194.159,192.955,190.138,185.731,180.267,173.918,166.752,159.704,153.73,150.195,150.185,153.708,159.661,166.738,173.853,180.301,185.877,190.228,193.205,194.494,
552.368,663.445,780.691,900.926,1017.84,1124.335,1212.429,1277.223,1314.441,1329.896,1330.103,1314.537,1276.05,1211.895,1124.128,1017.671,900.821,781.323,663.626,552.596,
631.349,831.383,1065.879,1330.088,1614.608,1901.501,2164.823,2377.805,2521.304,2584.394,2584.968,2522.18,2380.252,2167.064,1903.555,1617.154,1331.64,1066.427,831.848,631.183,
680.057,825.325,978.277,1131.618,1275.533,1399.261,1494.227,1554.105,1583.239,1591.974,1591.869,1583.813,1555.122,1494.805,1400.396,1276.809,1133.254,980.071,827.328,682.402,
717.528,826.669,933.206,1033.848,1122.094,1191.22,1236.044,1255.789,1257.512,1253.259,1252.891,1256.349,1254.108,1233.665,1188.53,1119.425,1030.983,930.859,824.126,715.39,
550.384,646.14,744.296,842.095,934.785,1013.306,1073.522,1110.228,1125.707,1128.768,1128.673,1124.531,1108.76,1071.597,1011.031,931.553,839.861,742.492,644.318,548.958,
277.324,274.643,268.518,259.829,249.405,237.809,225.659,214.144,204.77,199.465,199.522,204.779,214.036,225.559,237.72,249.183,259.408,267.931,274.036,276.584,
239.353,253.952,266.391,276.17,282.072,283.775,281.49,276.573,270.841,267.022,266.921,270.554,275.937,280.888,282.909,281.119,275.306,265.794,253.412,239.016,
633.474,757.025,888.425,1024.412,1159.798,1285.828,1392.798,1474.011,1522.835,1543.143,1543.874,1523.402,1474.768,1395.285,1287.821,1162.393,1027.271,890.986,759.502,635.879,
686.973,864.871,1060.867,1266.07,1467.248,1648.023,1792.005,1890.009,1940.598,1959.994,1960.063,1941.957,1892.039,1795.005,1651.626,1470.893,1269.846,1064.251,868.275,689.868,
807.493,1030.511,1277.853,1537.442,1793.809,2025.121,2208.406,2327.088,2382.233,2396.984,2397.26,2384.798,2330.288,2212.248,2029.856,1797.804,1541.89,1280.926,1033.174,809.626,
137.368,131.345,125.547,119.885,114.154,108.216,102.287,96.753,92.38,89.884,89.875,92.359,96.742,102.298,108.177,114.098,119.854,125.492,131.243,137.266,
458.908,533.293,612.51,693.755,772.484,844.165,902.33,943.388,965.622,974.139,974.397,966.86,945.156,904.469,846.47,774.863,696.338,614.988,535.473,460.682,
474.064,523.968,569.383,606.805,635.999,654.403,661.634,659.682,652.604,646.609,646.889,653.023,659.98,662.04,654.712,636.592,608.041,569.809,524.889,474.87,
309.668,329.977,348.773,365.518,379.033,388.143,392.304,392.037,389.009,386.397,386.551,389.225,392.261,392.78,388.511,379.388,365.948,349.289,330.549,310.471,
442.627,492.376,539.024,581.111,616.109,641.65,655.35,658.268,654.512,650.026,650.292,655.313,659.817,657.162,643.199,617.931,582.712,540.305,493.714,443.688,
607.54,676.94,742.373,799.333,843.499,871.821,883.395,881.009,871.914,864.076,864.195,872.384,882.517,885.001,873.705,845.554,801.52,744.327,678.99,609.193,
326.082,336.65,342.282,343.135,339.616,332.348,322.182,310.775,300.66,294.665,294.681,300.685,310.833,322.219,332.303,339.548,342.932,342.051,336.324,325.337,
80.946,75.35,70.351,65.887,61.848,58.17,54.776,51.738,49.343,48.031,48.011,49.366,51.74,54.784,58.161,61.809,65.785,70.23,75.182,80.694,
251.748,251.073,247.404,241.501,233.868,224.843,214.982,205.252,197.171,192.663,192.616,197.168,205.261,214.976,224.886,233.922,241.684,247.608,251.239,252.219,
195.572,194.674,192.096,187.971,182.404,175.883,168.489,161.342,155.323,151.887,151.921,155.372,161.295,168.498,175.843,182.422,188.051,192.313,194.916,195.833,
664.072,802.745,943.745,1080.343,1206.153,1312.571,1393.039,1444.16,1468.319,1475.749,1475.741,1468.044,1444.071,1392.621,1312.098,1205.237,1079.552,942.344,801.704,662.451,
494.147,661.863,870.809,1120.941,1407.287,1717.175,2025.357,2298.193,2501.442,2604.31,2604.136,2500.06,2297.408,2024.333,1716.992,1407.485,1120.631,871.11,662.035,494.356,
140.345,132.308,125.195,118.802,113.007,107.532,102.27,97.476,93.656,91.52,91.529,93.652,97.529,102.295,107.527,113.018,118.798,125.16,132.233,140.162,
449.408,496.6,539.102,576.117,605.085,624.772,633.614,632.344,625.221,619.043,619.046,624.574,631.161,632.094,623.091,603.104,573.549,537.024,494.458,447.971,
69.286,70.586,73.274,78.009,85.34,95.493,108.86,124.437,140.788,152.191,152.648,143.072,127.529,111.119,97.8,88.074,79.926,74.328,70.739,68.861,
803.979,1010.393,1205.356,1368.164,1483.278,1550.382,1574.993,1565.688,1539.004,1518.821,1519.476,1542.839,1570.339,1580.872,1558.014,1491.205,1374.55,1211.44,1014.821,807.834,
628.656,803.171,1000.149,1211.344,1426.824,1631.63,1809.595,1945.092,2029.23,2065.072,2063.789,2026.377,1940.276,1804.049,1626.386,1421.552,1207.047,996.305,800.331,626.41,
533.774,637.118,743.516,847.772,942.288,1021.174,1078.246,1112.466,1125.013,1126.857,1126.928,1125.366,1112.294,1077.371,1020.13,941.249,846.596,742.487,636.301,532.943,
667.132,866.003,1098.335,1358.088,1636.671,1913.374,2166.999,2372.843,2507.908,2566.494,2568.539,2513.261,2379.611,2175.582,1923.364,1644.488,1365.928,1104.008,870.878,670.287,
439.496,484.09,524.278,558.074,583.174,599.424,605.628,603.603,597.581,592.366,592.566,597.687,604.111,606.03,599.881,583.901,558.351,524.754,484.681,439.881,
588.652,684.376,781.757,877.463,964.204,1035.956,1086.984,1116.114,1126.476,1127.863,1128.38,1128.254,1118.576,1090.345,1039.056,967.538,880.182,784.485,686.062,590.23,
423.334,450.415,470.926,483.834,489.106,486.076,476.295,462.335,448.87,440.438,440.568,448.893,462.43,476.334,486.192,489.298,484.434,471.435,450.672,423.438,
343.084,370.559,394.659,414.057,426.865,432.278,430.154,422.62,413.398,407.08,407.058,413.24,422.493,430.047,432.187,427.09,414.369,394.991,370.733,343.288,
548.63,649.535,756.661,863.618,963.542,1047.669,1109.096,1146.198,1162.06,1166.345,1165.978,1162.982,1147.011,1110.829,1049.067,965.519,865.538,758.658,651.738,550.677,
537.68,616.067,691.546,761.538,821.383,868.155,897.385,910.258,911.204,907.869,907.353,909.668,908.152,894.493,864.575,817.946,757.86,688.302,612.68,534.969,
465.233,524.781,583.365,638.202,685.698,723.863,748.501,760.33,762.399,761.067,761.007,762.855,760.508,749.088,723.989,686.704,638.73,584.194,525.353,466.008,
654.246,821.697,1009.798,1213.251,1422.97,1627.802,1808.65,1950.984,2044.214,2084.753,2084.933,2044.52,1952.354,1810.546,1629.203,1425.32,1215.472,1011.842,823.205,655.287,
477.228,547.266,615.959,680.06,734.343,775.095,798.781,807.151,805.841,802.169,801.639,805.378,806.624,798.192,774.319,734.423,680.14,616.471,547.934,478.255,
730.404,860.217,993.139,1125.761,1250.039,1359.122,1444.555,1499.907,1527.726,1536.112,1535.368,1527.427,1499.981,1444.03,1358.856,1249.579,1124.486,991.937,858.953,728.753,
511.779,582.801,653.344,719.988,777.73,822.426,849.976,861.903,862.454,859.811,859.68,862.272,861.602,849.49,821.526,777.105,719.391,652.435,581.871,510.723,
555.393,636.005,712.077,779.751,835.004,874.822,896.727,902.677,898.911,893.205,893.623,898.938,903.152,897.157,874.956,835.173,779.695,711.9,635.715,555.351,
419.026,469.652,518.016,561.717,597.979,624.987,640.83,645.97,644.182,641.161,641.262,645.092,647.008,641.965,626.398,599.29,563.106,519.215,470.801,420.03,
532.616,688.387,869.949,1076.097,1292.386,1508.781,1708.133,1866.602,1975.725,2020.705,2020.112,1971.864,1864.74,1704.059,1505.182,1289.33,1073.825,870.004,687.884,532.803,
586.977,731.41,891.163,1061.545,1239.224,1409.846,1560.368,1671.824,1738.228,1764.24,1765.384,1740.524,1674.583,1562.439,1411.322,1239.717,1063.406,891.845,731.5,586.955,
870.811,1090.94,1326.041,1563.138,1788.348,1987.053,2147.596,2259.3,2317.925,2336.375,2338.147,2318.967,2262.292,2151.427,1990.126,1789.533,1565.13,1328.804,1095.461,874.51,
200.075,203.607,205.037,204.199,201.181,196.074,189.534,182.399,176.187,172.388,172.416,176.146,182.493,189.694,196.233,201.374,204.48,205.441,204.154,200.66,
445.406,603.941,811.197,1069.718,1376.281,1718.321,2067.787,2387.369,2628.947,2752.813,2755.618,2637.626,2399.34,2080.849,1730.355,1386.455,1077.996,817.245,609.008,448.591,
493.262,658.834,874.467,1153.178,1507.979,1944.929,2451.064,2975.234,3420.273,3671.92,3669.973,3417.007,2972.444,2447.34,1943.695,1508.578,1153.688,875.481,660.933,495.155,
354.814,397.191,438.241,475.434,506.759,529.643,543.06,547.997,546.542,543.887,543.873,545.833,546.515,541.558,527.773,504.626,473.122,436.089,395.331,353.137,
628.698,783.307,958.113,1146.538,1337.963,1517.294,1667.621,1776.801,1840.408,1864.191,1864.934,1840.769,1777.934,1668.853,1518.053,1338.756,1147.163,958.014,783.413,628.94,
136.701,135.82,135.248,134.875,134.492,133.912,133.233,132.497,132.056,132.169,132.764,133.739,134.761,135.661,136.406,136.758,136.984,137.171,137.515,138.298,
593.432,782.177,1016.845,1298.267,1619.091,1962.341,2297.678,2587.447,2794.878,2893.674,2893.225,2794.018,2585.755,2294.491,1957.381,1613.832,1292.281,1010.898,776.296,588.236,
341.817,362.069,378.824,391.042,398.38,400.658,397.666,391.085,383.471,378.513,378.535,383.645,391.184,397.912,400.999,398.94,391.313,379.053,362.427,342.148,
593.121,698.679,809.525,919.582,1021.475,1108.201,1172.342,1211.548,1228.847,1233.946,1233.738,1228.646,1210.796,1171.224,1106.467,1020.062,917.784,807.575,696.998,591.36,
642.756,834.036,1036.311,1237.66,1429.075,1600.131,1735.565,1826.58,1872.978,1888.479,1889.041,1873.117,1828.847,1737.304,1600.613,1430.495,1238.251,1037.849,836.951,644.636,
764.815,985.195,1237.295,1512.594,1795.869,2065.252,2293.259,2458.823,2552.302,2586.045,2586.187,2550.995,2456.132,2290.686,2062.267,1793.827,1511.794,1235.96,984.161,763.925,
506.008,575.854,642.564,701.384,749.708,782.88,800.254,802.31,795.394,787.529,787.083,794.34,801.543,799.484,781.861,747.666,699.873,640.885,574.833,504.49,
615.73,735.3,858.228,978.468,1088.255,1181.628,1251.289,1296.117,1314.762,1317.117,1315.058,1308.451,1288.729,1246.174,1177.868,1085.929,975.853,855.599,732.838,613.45,
531.346,629.511,727.581,819.838,899.988,962.502,1003.821,1023.672,1028.252,1026.442,1026.67,1029.001,1024.615,1005.141,964.117,901.536,821.142,728.891,630.785,532.632,
192.652,191.688,190.085,187.68,184.374,180.038,174.595,168.831,163.627,160.637,160.669,163.797,169.048,174.895,180.392,184.814,188.199,190.506,192.119,193.128,
90.207,89.98,89.915,89.852,89.795,89.826,90.008,90.437,91.064,91.744,91.967,91.739,91.285,90.797,90.491,90.301,90.225,90.11,90.108,90.217,
653.127,781.006,918.766,1057.906,1192.702,1312.043,1406.006,1468.267,1498.542,1505.95,1506.014,1498.916,1468.144,1405.545,1311.109,1191.064,1056.961,917.561,780.382,652.002,
567.865,607.422,634.828,649.866,652.576,644.315,627.53,605.731,585.896,573.706,573.77,586.046,606.611,628.654,645.894,654.529,652.568,637.734,610.304,570.37,
412.342,574.696,786.557,1049.436,1357.872,1696.338,2039.695,2349.905,2583.335,2703.001,2704.181,2586.558,2355.183,2045.394,1700.592,1359.708,1048.628,783.95,570.587,408.183,
636.845,811.389,1013.928,1243.564,1495.914,1756.493,2005.128,2214.384,2362.968,2435.182,2436.585,2366.596,2218.08,2006.519,1760.381,1499.564,1249.782,1017.915,813.581,637.982,
688.216,840.46,1001.063,1161.245,1312.204,1442.368,1543.208,1607.469,1636.992,1644.897,1644.896,1635.631,1604.865,1539.647,1438.961,1308.498,1158.446,998.16,838.919,687.005,
417.64,463.215,505.43,541.844,570.995,590.734,599.677,599.492,593.334,588.113,587.775,593.473,599.102,599.167,589.972,570.125,540.89,504.431,461.892,416.722,
562.232,631.686,695.711,750.845,793.08,820.124,831.4,829.434,820.188,812.663,812.141,820.098,829.011,831.379,820.2,793.521,751.108,696.617,632.563,563.399,
626.019,739.664,854.987,966.579,1068.285,1151.014,1210.141,1243.54,1255.074,1254.305,1254.421,1255.075,1243.134,1209.426,1150.342,1067.685,966.872,855.671,740.38,626.72,
381.225,414.078,444.053,469.296,489.049,501.372,505.995,503.645,497.929,493.549,493.348,497.738,503.18,505.468,501.09,488.964,469.061,443.639,413.661,381.002,
382.837,428.711,471.875,509.946,540.369,560.988,571.573,572.696,568.255,564.028,563.737,567.726,571.623,570.159,558.965,538.217,507.391,469.1,426.023,380.404,
425.604,586.637,798.112,1064.862,1384.605,1745.257,2118.357,2462.639,2725.578,2857.533,2856.3,2723.983,2461.184,2116.829,1744.11,1383.509,1064.076,797.515,585.826,425.248,
394.772,414.038,427.43,435.471,437.489,433.748,424.88,413.145,401.859,394.98,394.845,401.975,413.281,425.106,434.035,437.986,435.94,428.493,414.703,395.734,
334.756,348.814,358.699,364.398,365.303,361.647,353.877,343.529,333.692,327.264,327.218,333.407,343.468,353.743,361.697,365.256,364.517,358.895,349.101,335.114,
511.487,584.647,654.304,719.384,776.51,823.118,857.85,878.33,885.947,886.907,886.193,885.905,877.408,856.705,821.765,774.305,716.601,652.325,582.039,509.46,
405.128,446.713,485.246,519.789,547.585,566.669,576.209,577.143,572.546,568.195,567.994,572.15,576.523,575.345,565.295,545.73,517.614,483.098,444.346,403.165,
648.807,772.949,896.943,1011.738,1112.674,1191.871,1246.163,1275.004,1283.889,1283.28,1284.056,1285.042,1277.888,1249.522,1196.091,1116.484,1016.404,900.941,776.998,651.875,
667.527,872.683,1102.778,1345.914,1588.387,1813.01,2002.852,2148.417,2243.208,2289.147,2292.139,2249.265,2159.645,2016.502,1828.585,1603.91,1360.999,1116.055,883.452,675.716,
558.074,642.726,719.748,784.944,834.99,868.663,885.055,886.995,881.07,874.666,874.686,880.981,886.518,883.958,867.488,834.32,783.882,718.917,642.237,558.017,
663.752,884.419,1133.213,1402.721,1676.547,1937.455,2166.907,2351.066,2475.859,2537.223,2537.368,2477.696,2353.64,2170.968,1940.878,1679.754,1406.132,1136.559,885.717,664.558,
519.159,582.883,644.286,700.815,748.009,782.894,803.219,809.895,807.248,803.194,802.697,805.991,807.494,799.946,778.983,743.681,696.262,640.049,578.688,515.47,
615.258,696.155,770.423,836.204,889.724,929.396,953.645,962.566,960.621,955.295,955.322,959.992,961.691,952.508,928.366,889.014,834.487,769.355,694.409,613.51,
609.31,652.193,683.279,702.239,708.514,703.246,688.772,668.753,649.575,637.408,637.534,649.418,668.672,688.566,703.103,708.347,702.156,683.577,652.329,610.04,
467.807,529.433,588.692,642.376,686.562,718.791,736.86,742.28,739.447,735.303,735.083,738.61,741.204,735.63,717.377,685.068,640.364,586.502,527.377,466.0,
484.255,604.984,740.869,887.019,1035.906,1176.964,1299.177,1387.128,1437.851,1456.031,1455.943,1437.46,1386.864,1297.191,1176.188,1035.594,887.276,741.642,606.627,485.902,
515.981,583.629,650.789,714.234,769.518,812.635,840.506,853.302,855.33,853.463,853.532,855.257,853.19,840.315,812.23,768.972,713.462,649.862,582.589,514.937,
413.171,459.338,503.368,543.772,577.837,603.63,618.961,624.546,623.215,620.464,620.281,623.708,625.16,620.145,604.884,579.49,545.206,504.799,460.494,414.062,
541.193,621.237,702.784,781.969,847.763,899.455,933.778,949.127,950.97,948.184,947.66,950.13,947.974,932.359,897.777,845.263,777.736,701.032,620.712,541.26,
718.114,982.225,1295.428,1656.059,2054.437,2468.493,2863.283,3196.798,3424.06,3525.559,3525.074,3421.663,3191.761,2857.757,2462.318,2048.532,1652.325,1292.543,979.778,717.162,
409.559,457.496,503.478,545.104,579.625,604.523,617.808,620.912,617.5,613.859,613.756,617.559,621.001,617.833,604.422,579.819,545.365,503.781,457.806,409.742,
811.326,966.935,1123.518,1273.959,1412.256,1532.746,1634.007,1711.249,1761.684,1784.496,1783.585,1761.978,1711.476,1633.16,1532.002,1411.452,1272.369,1121.391,965.105,810.459,
457.745,535.556,612.469,685.016,749.385,801.359,837.743,857.461,864.29,864.29,863.812,864.101,858.092,838.423,802.55,750.773,686.226,613.522,536.812,458.861,
614.458,713.657,809.883,896.091,966.286,1015.37,1040.325,1045.26,1038.042,1030.327,1030.36,1038.012,1046.102,1041.438,1016.501,967.598,896.868,810.632,714.381,614.614,
693.107,878.04,1067.853,1254.962,1435.379,1598.137,1732.212,1823.585,1872.908,1889.895,1888.689,1871.277,1822.159,1729.078,1595.195,1432.072,1252.079,1065.199,875.942,692.31,
597.865,809.865,1049.733,1308.235,1571.445,1820.421,2038.751,2210.709,2324.054,2379.293,2381.061,2330.92,2220.577,2050.633,1832.78,1583.617,1319.221,1058.732,816.187,602.861,
649.681,762.619,878.384,992.182,1096.015,1182.545,1244.163,1277.123,1288.113,1286.84,1286.697,1287.463,1276.711,1243.958,1182.054,1095.821,991.094,877.804,761.835,649.312,
603.091,676.975,745.587,804.957,852.389,884.4,899.614,900.389,891.979,884.037,883.57,891.884,900.116,899.679,883.899,852.474,804.96,745.724,677.298,602.68,
155.392,152.086,148.957,145.706,141.855,137.229,131.894,126.365,121.669,118.86,118.741,121.363,125.864,131.203,136.364,140.868,144.636,147.883,151.038,154.416,
239.183,249.896,258.136,263.266,264.689,262.616,257.436,250.213,243.202,239.013,238.982,243.294,250.317,257.444,262.73,264.821,263.361,258.23,250.151,239.6,
747.459,946.682,1174.547,1426.003,1696.82,1977.868,2252.107,2489.842,2661.192,2746.348,2746.983,2663.013,2490.465,2253.083,1979.839,1700.108,1430.384,1179.305,952.645,752.781,
357.702,402.788,447.437,489.502,527.158,557.807,579.256,592.064,600.322,607.753,610.694,603.594,594.553,581.337,559.381,528.551,490.767,448.095,402.892,356.562,
499.324,583.064,672.042,763.07,851.25,929.254,990.472,1030.957,1050.503,1056.221,1056.372,1050.649,1031.019,989.909,928.072,849.154,760.996,669.424,580.366,496.641,
702.447,869.891,1026.875,1161.798,1265.531,1333.704,1366.63,1373.024,1363.991,1353.422,1352.666,1362.295,1370.575,1363.789,1328.734,1260.202,1157.409,1022.572,866.67,701.033,
484.002,522.134,550.945,570.017,578.309,576.627,566.433,550.951,535.325,525.768,525.64,535.282,550.699,566.28,576.387,577.885,569.671,550.509,521.695,483.621,
389.581,417.158,439.554,456.026,465.399,467.724,462.93,453.535,443.2,436.449,436.417,443.236,453.441,463.018,467.694,465.756,456.489,440.111,417.543,390.101,
559.411,615.76,661.052,692.683,710.03,712.913,704.504,688.192,671.064,660.076,660.117,671.35,688.565,704.9,713.462,710.407,692.907,661.094,615.447,558.954,
677.084,794.694,906.129,1003.252,1082.084,1137.823,1170.552,1181.179,1178.883,1173.364,1173.591,1179.605,1183.719,1173.341,1141.888,1086.214,1008.085,910.79,799.777,681.509,
253.305,252.112,248.556,242.788,234.908,224.983,213.919,202.955,193.835,188.545,188.528,193.654,202.767,213.694,224.611,234.425,242.385,248.046,251.754,252.896,
548.602,651.002,763.402,883.686,1007.849,1127.192,1232.432,1313.274,1364.3,1386.294,1386.55,1365.856,1315.995,1235.17,1130.196,1010.186,886.032,765.593,652.903,549.72,
292.163,299.325,303.091,303.485,300.435,294.015,284.99,275.09,266.294,260.971,261.037,266.31,274.93,284.848,293.631,299.881,303.002,302.242,298.462,291.213,
497.634,549.861,597.228,637.438,667.104,684.561,688.676,682.357,671.765,663.587,663.853,671.702,682.422,688.3,683.915,666.293,636.628,596.53,548.701,496.552,
649.272,866.155,1131.4,1442.683,1783.244,2132.092,2459.149,2728.476,2903.924,2970.297,2969.01,2904.627,2726.585,2461.557,2131.972,1784.446,1442.35,1130.862,868.393,648.69,
596.95,687.514,775.406,855.497,922.254,971.927,1001.886,1011.986,1008.28,1001.007,1000.967,1007.478,1010.186,1000.226,970.316,920.048,853.066,772.83,685.097,594.108,
236.142,241.47,244.502,245.187,243.433,238.715,231.944,224.127,216.802,212.428,212.249,216.659,223.84,231.71,238.386,242.903,244.915,244.187,241.108,235.759,
497.549,588.371,681.454,771.005,851.802,916.865,961.19,984.296,990.93,990.438,990.535,990.767,983.198,960.091,916.018,851.047,770.653,681.158,588.507,497.054,
557.009,655.29,756.293,854.509,943.708,1017.875,1072.023,1103.934,1117.802,1121.197,1121.249,1118.372,1105.404,1073.879,1019.677,945.369,856.046,757.364,656.321,557.795,
307.018,325.832,339.997,349.613,354.057,353.627,348.618,341.031,333.054,327.934,327.969,332.996,341.067,348.657,353.455,354.034,349.461,339.751,325.461,306.64,
451.74,499.074,541.51,577.327,604.453,622.05,628.653,626.795,620.198,614.852,614.617,620.376,626.906,628.963,622.502,605.101,577.952,541.884,499.32,452.077,
513.473,678.431,872.867,1091.355,1321.45,1547.289,1748.14,1906.823,2008.905,2054.476,2055.107,2009.172,1907.095,1749.042,1547.72,1322.012,1092.033,873.086,678.463,513.242,
516.069,624.934,746.867,877.12,1007.004,1125.773,1222.165,1288.464,1324.339,1338.638,1339.053,1325.645,1289.877,1223.332,1126.767,1007.959,877.947,748.241,626.284,517.08,
172.865,170.706,167.87,164.051,159.416,153.772,147.502,141.154,135.904,132.81,132.832,135.98,141.287,147.667,154.015,159.71,164.429,168.239,171.137,173.397,
526.821,660.369,815.18,995.807,1200.543,1420.196,1641.763,1837.966,1982.222,2052.45,2052.42,1977.809,1830.714,1631.46,1412.881,1192.1,988.972,810.327,656.501,524.924,
507.263,556.212,597.642,630.201,652.168,663.014,663.292,655.241,644.321,636.49,636.581,644.754,656.13,664.658,664.56,654.257,632.255,599.857,558.148,508.959,
664.675,753.457,834.199,902.66,954.713,987.798,1001.328,999.141,989.169,980.37,980.616,989.266,999.536,1001.644,988.134,955.377,903.184,834.587,754.009,665.373,
656.065,830.445,1035.156,1273.049,1549.452,1859.382,2186.653,2492.743,2733.78,2856.262,2857.071,2736.102,2494.84,2185.843,1859.172,1548.672,1272.912,1032.744,826.67,655.354,
667.15,820.91,982.048,1143.193,1293.244,1422.385,1519.502,1580.142,1607.583,1615.261,1615.852,1608.455,1582.674,1523.122,1424.667,1295.337,1144.398,982.968,821.469,667.177,
527.844,639.985,763.706,895.221,1028.816,1155.152,1265.309,1349.443,1401.737,1423.357,1423.179,1402.144,1351.363,1267.69,1157.673,1031.125,897.754,766.193,642.453,530.257,
582.62,746.734,938.33,1151.294,1373.892,1588.058,1772.447,1912.288,1997.657,2033.893,2034.352,1998.313,1913.369,1774.376,1588.867,1374.577,1150.391,936.907,745.242,580.858,
526.476,567.797,602.293,627.599,642.761,647.333,641.643,629.146,614.903,605.413,605.536,614.695,628.434,640.67,646.002,641.26,625.772,599.962,565.441,523.712,
564.874,735.859,939.138,1169.94,1416.853,1663.52,1885.826,2064.281,2180.213,2231.181,2231.603,2179.673,2062.703,1885.266,1662.888,1416.241,1168.727,937.632,733.965,563.428,
580.617,675.545,768.071,857.354,936.891,1003.245,1052.569,1081.153,1093.122,1094.292,1094.251,1093.184,1081.546,1051.873,1002.828,936.397,856.257,767.439,674.218,579.755,
388.951,401.516,407.402,406.903,400.857,389.791,375.367,359.919,346.309,338.453,338.447,346.552,360.254,376.02,390.89,401.978,408.472,409.078,403.31,391.031,
269.835,289.983,308.694,324.425,336.462,343.647,345.537,343.192,338.427,335.151,335.304,338.995,343.711,346.559,344.977,338.056,326.077,310.34,291.793,271.434,
893.662,1069.989,1244.003,1404.613,1544.747,1654.69,1728.204,1764.674,1772.662,1770.201,1770.239,1772.654,1764.518,1728.211,1654.186,1544.028,1403.947,1243.322,1069.914,893.96,
457.11,535.287,616.949,699.239,777.647,846.166,900.146,935.315,952.531,958.522,958.176,950.547,932.013,895.797,841.887,773.241,695.03,613.481,532.458,454.77,
353.948,360.532,361.753,357.715,349.222,336.908,322.408,307.557,295.264,288.27,288.2,295.434,307.67,322.551,337.281,349.619,358.325,362.279,361.29,354.503,
737.914,905.856,1089.271,1280.907,1469.577,1640.276,1779.086,1873.66,1923.262,1940.517,1940.07,1922.571,1872.424,1777.935,1639.888,1469.566,1280.815,1089.445,905.621,738.521,
445.252,482.406,512.957,535.805,549.829,554.325,550.124,540.073,528.118,520.201,520.364,528.117,540.106,550.581,554.853,550.571,536.775,513.783,483.289,446.229,
286.71,298.328,306.935,312.205,313.816,311.721,306.362,298.778,291.213,286.584,286.477,291.138,298.643,306.253,311.664,313.825,312.296,306.842,298.354,286.827,
606.053,739.398,889.994,1055.563,1231.656,1406.656,1566.143,1694.075,1777.034,1813.97,1814.635,1777.816,1694.88,1567.988,1408.499,1233.595,1057.804,892.074,741.527,608.079,
220.548,229.84,236.819,241.194,242.763,241.401,237.293,231.637,226.029,222.45,222.406,226.002,231.81,237.597,241.729,243.247,241.822,237.459,230.577,221.232,
641.153,765.864,891.563,1010.278,1112.909,1192.298,1244.117,1268.096,1272.896,1270.057,1270.324,1272.975,1268.279,1244.16,1193.028,1113.586,1011.395,893.106,767.779,642.73,
674.556,818.763,969.764,1121.517,1266.856,1396.27,1499.966,1571.449,1609.926,1623.221,1623.429,1609.822,1570.914,1499.752,1395.484,1266.352,1121.165,969.76,818.129,674.221,
344.598,356.788,364.148,366.807,364.813,358.532,348.328,336.475,325.552,318.873,319.006,325.517,336.56,348.504,358.5,365.201,367.309,364.724,357.535,345.39,
587.556,720.923,861.979,1005.674,1145.222,1271.375,1374.807,1447.743,1486.901,1499.489,1499.779,1486.743,1447.404,1374.552,1270.961,1144.348,1005.271,861.488,720.628,587.878,
559.216,782.613,1063.063,1399.491,1778.843,2167.375,2555.744,2927.933,3225.657,3385.067,3383.518,3223.473,2924.613,2552.263,2165.192,1776.245,1396.18,1059.984,781.983,557.81,
207.284,209.742,210.844,210.106,207.347,202.872,196.696,189.715,183.425,179.639,179.692,183.479,189.714,196.566,202.839,207.294,209.801,210.417,209.357,206.65,
546.054,619.552,688.221,747.519,792.547,821.854,833.422,830.672,820.722,812.825,812.955,820.686,830.018,832.21,820.152,790.297,744.687,685.252,617.1,543.608,
575.009,746.72,947.948,1170.715,1402.392,1623.735,1813.178,1954.966,2038.754,2069.194,2070.305,2036.825,1953.334,1811.557,1621.739,1400.648,1168.974,945.546,744.585,573.45,
425.799,471.798,516.122,556.334,589.777,613.353,626.665,629.375,625.538,621.369,621.425,625.571,628.848,626.234,613.422,589.421,556.084,515.565,471.309,424.953,
500.677,561.155,617.571,667.552,708.501,737.647,753.954,758.194,754.924,750.872,750.95,755.124,757.761,753.863,737.518,708.068,667.125,617.169,560.686,500.269,
619.04,765.789,934.897,1123.323,1323.96,1523.532,1704.403,1849.037,1943.454,1985.309,1983.753,1940.309,1843.662,1699.716,1519.141,1320.097,1120.462,932.51,764.326,617.722,
417.274,435.778,448.658,455.623,456.514,451.441,441.27,428.381,416.026,408.535,408.502,415.299,426.896,439.272,448.647,453.265,452.07,444.594,431.79,413.207,
486.708,560.42,631.948,697.644,753.825,795.406,820.907,831.117,830.332,827.113,826.462,830.216,830.818,821.138,795.613,753.576,697.409,631.829,560.033,486.644,
706.58,825.083,944.126,1057.427,1157.496,1236.899,1291.986,1320.456,1328.702,1327.608,1327.542,1327.857,1318.278,1289.622,1234.251,1153.469,1052.808,939.711,820.656,702.265,
568.315,701.256,848.016,1009.272,1184.285,1370.006,1554.706,1720.737,1846.158,1908.806,1907.918,1842.628,1717.265,1550.568,1367.827,1184.568,1008.728,846.974,700.349,567.707,
499.57,569.808,640.804,709.863,772.532,824.522,860.727,880.616,886.126,884.047,884.847,886.495,881.166,861.4,824.809,772.643,709.702,640.075,569.452,498.695,
143.444,142.615,141.691,140.262,137.903,134.485,130.066,125.155,120.851,118.306,118.302,120.864,125.211,130.017,134.497,137.934,140.285,141.808,142.763,143.609,
867.227,1022.838,1170.032,1298.695,1400.686,1469.132,1501.2,1500.97,1484.149,1469.179,1469.712,1485.053,1502.281,1502.378,1470.779,1402.475,1299.791,1171.231,1024.557,868.46,
683.797,861.105,1055.775,1260.73,1467.223,1662.584,1832.912,1965.524,2051.758,2089.519,2088.08,2048.839,1961.438,1828.782,1657.163,1461.411,1255.732,1051.759,858.204,681.898,
640.011,815.25,1019.145,1246.86,1490.356,1737.394,1967.622,2158.249,2289.824,2349.601,2348.867,2287.661,2154.987,1964.401,1733.938,1487.057,1244.162,1016.387,813.498,638.524,
548.24,634.827,721.944,805.282,878.542,935.582,971.934,986.591,985.989,981.142,980.941,985.107,985.395,970.978,934.801,877.674,804.522,721.386,634.543,547.89,
127.204,121.646,116.672,112.089,107.56,102.962,98.361,93.842,90.056,87.967,87.961,90.166,93.807,98.496,103.211,107.817,112.264,116.95,121.908,127.436,
174.989,170.973,166.195,160.891,155.086,148.815,142.446,136.091,130.997,128.159,128.152,131.145,136.378,142.675,149.306,155.438,161.217,166.608,171.546,175.511,
215.501,217.047,216.88,215.353,212.469,208.184,202.471,196.08,190.256,186.955,186.867,190.264,196.035,202.133,208.215,212.717,215.528,216.981,217.267,215.543,
618.219,742.695,869.201,992.663,1105.798,1198.408,1264.725,1303.125,1318.048,1321.546,1322.131,1319.596,1304.864,1265.611,1199.05,1106.289,994.7,870.517,743.082,617.638,
164.272,162.359,159.355,155.162,149.929,143.814,137.273,130.796,125.589,122.404,122.495,125.574,130.955,137.183,143.989,149.824,155.052,159.113,162.164,164.037,
525.132,597.105,666.057,729.77,783.006,822.691,848.324,859.205,858.88,856.203,855.591,859.131,859.007,848.582,823.551,783.056,730.278,667.581,598.294,526.006,
677.585,808.359,927.447,1022.114,1090.417,1129.629,1143.97,1139.302,1123.615,1112.184,1112.411,1124.814,1140.061,1146.195,1132.472,1093.081,1026.36,931.331,812.295,680.207,
520.027,617.215,718.995,821.513,919.967,1006.794,1074.339,1119.073,1139.902,1146.528,1147.455,1139.639,1117.538,1073.601,1005.402,919.05,820.86,717.129,615.612,518.309,
