0.8327474601071349,0.8281136439229286,0.8129036678105502,0.8035743563003083,0.7702172673207293,0.7358586492768197,0.6839107328527017,0.6557262793174724,0.6182055866851965,0.5736134823180458,0.5414680539564355,
1.0659139227274879,1.0626389680939439,1.0417808718713617,1.0269827571929877,1.0038651610988651,0.966675798114383,0.9381233385889599,0.8675090898733445,0.8072395824370018,0.7686761431243744,0.722269987074622,
0.7124567355707419,0.7066705649796537,0.7032592527768492,0.6972706966165167,0.6792015060361368,0.6612472425075953,0.6354682594091798,0.6091585790800803,0.5775923889526078,0.5472687957881099,0.5187849633002579,
0.3979892017441507,0.3958544172468687,0.39344335978447265,0.39130347044873237,0.38986945633940095,0.3875708616600548,0.38707701773395115,0.3877492405562945,0.3889540829960974,0.3896215430274897,0.39125833488747525,
0.675745691921151,0.66477387348294,0.6561727197148793,0.6418728015607588,0.629230145237753,0.6127011320654007,0.5752211882371148,0.5513493161251434,0.5163317183832559,0.4900213747451155,0.47313552856539004,
0.7638453555845567,0.7662140776710992,0.7540495307013465,0.7472954734988649,0.7282776027225722,0.7141451074728034,0.6882081892027568,0.6472623499378939,0.620012481032813,0.5945603296988383,0.5511081082617206,
0.6264734523164509,0.6173987200564951,0.6153384730454197,0.602837082776663,0.5918527567834296,0.5728307760191439,0.5572301199550472,0.5313068604149721,0.5108726243905816,0.488756359640451,0.46317533449677933,
0.6407865298103594,0.6376714163493736,0.6332101652686317,0.6294791898719678,0.6231893145745236,0.6105434908922852,0.6011861509482099,0.5841894553722985,0.5653569308236819,0.548748516759543,0.523584123419193,
0.800735189606755,0.7888740433051312,0.7786433484764492,0.7765592533884971,0.7610338438134153,0.7332617099528446,0.6973748390756418,0.6616466569698588,0.6290883932192471,0.5952667393681093,0.5746452089819831,
0.5601782811595586,0.5558139481513735,0.5510941828498981,0.5461824899191261,0.5356496063283522,0.5202747098264814,0.5028301450766479,0.4832376996337207,0.4660209622845616,0.4466326209669838,0.42941244628285724,
0.7540643124301368,0.7455080374212469,0.7337277421496745,0.7239138123282931,0.7112827685423717,0.6940784464693074,0.6571621778720678,0.6272309080878117,0.5986427839083539,0.5706246623830701,0.5315778240030437,
0.705273991066622,0.6947378497424402,0.6766987254426451,0.6670383350889275,0.6547453281124005,0.628510522860133,0.5994047152826253,0.571600869412936,0.547018043580226,0.5242824377706321,0.5111881361090321,
0.7189736579157463,0.7043508249493426,0.697129794935642,0.6884608896237682,0.6648611482635111,0.6389093707168514,0.6104511975099691,0.5822547957021749,0.5546811684981585,0.5228443928657454,0.5002744513090291,
0.8640467317682466,0.8486511047991351,0.8373294864642397,0.8186180121632454,0.7948506844907338,0.7623997702905161,0.7196426925029794,0.6863720729109349,0.6351524034771755,0.5870194945682083,0.5512351014240165,
0.9173645523267904,0.9205985396381952,0.9104514955368647,0.8994968907218267,0.8868124417346462,0.8751761712532836,0.8445856903110665,0.8268495158258011,0.8124743063509715,0.8077983742816502,0.8107417648333183,
1.0351949067356423,1.0308407478272752,1.0067328504426907,0.9917286052955704,0.9624953623379934,0.9162045432261389,0.8650441494973777,0.820254651191806,0.7652011970429216,0.6933581092074576,0.6351974669410235,
1.0438545946292201,1.0432560421821668,1.0342936366847633,1.0195150113487976,1.001274186268451,0.9720349999773736,0.9400206147801669,0.8985683463628173,0.8533687824467263,0.8253637811060018,0.8247769516682999,
0.8365716756328425,0.8229001600954257,0.81762139511568,0.793390945718112,0.7753979706647819,0.736335616679883,0.702147238388422,0.6655409521985755,0.6257930775840946,0.584570101788037,0.5471457965275269,
0.5060427289435362,0.4996401803999415,0.49036826745004863,0.48526344613914674,0.47420131517442554,0.45993591666398254,0.446309883793705,0.4344107824836115,0.4229970803122569,0.4113218606931752,0.4036136786060231,
0.49582183606641256,0.49443375472882267,0.4922880840780019,0.4836339311313232,0.48003002269553613,0.47416896974433914,0.46548449829896105,0.4555177610288612,0.4412586954268865,0.4312973767930841,0.4217341073094303,
0.9363982350999659,0.9273934912798311,0.9267600325787996,0.9177398148272758,0.9087352946004724,0.8784679056689754,0.8490728716939119,0.8096674157863633,0.7649067016873422,0.727056481969632,0.702257253882561,
0.893723763936517,0.8862284195750588,0.8732296879506574,0.8701786620318749,0.8476583677704863,0.8286410661671385,0.7957234249237832,0.7549453796571417,0.7151132679094467,0.6853733877793772,0.6488774942722452,
0.4324451188091372,0.4294417628625977,0.42759362267237955,0.4245677259693146,0.42062543469505115,0.4150803951437892,0.4129005074999035,0.41336467107312225,0.41408376248919376,0.4154484931548641,0.4161205646194316,
0.7893648276018397,0.7843592798072084,0.7838166730181767,0.7740625642282278,0.7520379853044055,0.7305665893349359,0.6983052316226047,0.6656123537523793,0.6403856057254625,0.6206998979364334,0.589746559185563,
0.8845415432333952,0.8798960571198932,0.8815181827702622,0.8744559192018585,0.8664700314901758,0.848012047175929,0.8376030096369597,0.8173331610429649,0.8078702671262533,0.8184211816089458,0.8043370421100297,
0.7780817002278141,0.7635466322724698,0.7562363647746105,0.7428078903182884,0.7228117983177172,0.6892905478036155,0.6596995977440738,0.6274861610120682,0.5868976865405261,0.5558672686526485,0.52575797838726,
0.47342142870062914,0.46769846511020985,0.4638534213302008,0.4600511467811073,0.4518986097302699,0.4399579222628877,0.4254702355801013,0.4161603164798134,0.4059443297173764,0.39985800785987974,0.3935475295859252,
0.8985469804695457,0.889324781412594,0.8789836734879657,0.8572955972446875,0.8377790911555023,0.7951443604644219,0.7606012005494648,0.7097551581448487,0.6603830895008858,0.6213182652175405,0.5561307640740906,
0.7520555310779357,0.7496258207636449,0.7383014393427488,0.7352963903524238,0.7133669884421932,0.6880362590932303,0.6657615478669837,0.6331330658938304,0.5954953063661056,0.577980003578685,0.5626379801622191,
0.7644594703740847,0.7549270711017485,0.7465713901335533,0.7401497087521506,0.7360766122909798,0.7138374370797225,0.6894827460315849,0.6487245286798756,0.6216501279249016,0.5988992791445621,0.5789340866802622,
0.8726411276868532,0.8679860031123644,0.8606248462841076,0.852606326886328,0.8400942689391383,0.8162812074936165,0.7941033115329269,0.7548296984367034,0.7068266264537001,0.6734513961002131,0.6520405943309191,
0.8464683812611989,0.8416478448467473,0.8335120273472144,0.8234128790992125,0.8048332610801946,0.7736117212148835,0.7367708831265204,0.703337237108629,0.6735582098573974,0.6447286391636206,0.6452827497695287,
0.5771266656842983,0.5703358838124813,0.5704782606865529,0.5657616879208204,0.5624702708556181,0.5548384908694813,0.5484606570299831,0.5392722809988054,0.5487048210828639,0.5421873332109829,0.5504234220966783,
0.5474784050044382,0.5451147132871782,0.5428220624852552,0.5393028848226119,0.5329391213505305,0.5236410377389488,0.5099295334425893,0.4966070834955217,0.48196331201126774,0.4685735212253186,0.46098809665353657,
0.8162181217401626,0.8035966815129133,0.7922562370511915,0.7859753929557812,0.7669638427164767,0.746581756497449,0.7086503098899947,0.6688303413890402,0.6326939868064223,0.6035495186941002,0.5714553997779651,
0.7278437872493205,0.710100123986455,0.7016549912859275,0.691757050076977,0.6759862506281933,0.6475070765069992,0.6142707069744435,0.5624053394211478,0.5266451843852725,0.49966799017046176,0.4622795000077067,
0.6480099850021298,0.6456391285382835,0.6436639856079929,0.6425874754600679,0.6325455552956443,0.6223323767215243,0.6039585722119024,0.5855146470780156,0.5743096207113954,0.5633715368924513,0.5349841148876602,
0.8875628844824714,0.8672119694498576,0.8520039756471949,0.8413959502580619,0.8201370017218204,0.7756934678127039,0.7355070254095556,0.6882913894258066,0.6412611671831036,0.6077920907352408,0.563000515008677,
0.8554642723237049,0.8474993351845054,0.8330149594701192,0.8114851755968303,0.7884799465781793,0.7626938896503409,0.721124204316289,0.6585565090101654,0.602612826541005,0.5616719088250557,0.5315145762574331,
0.9956838522413909,0.986360742783115,0.9776198683637353,0.9582766827534746,0.9376030506947567,0.9046400137362829,0.8574066144045326,0.8051247843607402,0.7628221974634304,0.721711078623898,0.6845035626817917,
0.7899150954167729,0.7752009383795502,0.7602354520945027,0.7488317547757518,0.7203120742006989,0.6828932568609468,0.6447148818044087,0.6093595453111238,0.5761450569277307,0.5335671067114713,0.5045579870247465,
0.5759102314096067,0.5668017207118488,0.5566912494537232,0.5482827064605061,0.5382845404301669,0.5227359857945072,0.5045112880270106,0.48645010058006677,0.4691301476796977,0.4538284177723302,0.4396837291407269,
1.156492089250752,1.1436326439792517,1.1365000837790338,1.1116314270116094,1.0858694896065184,1.0397677706486816,0.9922616678914661,0.9268075753489662,0.8757743452660947,0.8220075532605243,0.771518919790705,
0.6737300234607254,0.6704399662286292,0.6669031320527637,0.6531369446638732,0.6462382444768145,0.6217667782022733,0.6043407192820575,0.5694518759637531,0.545508412495609,0.5188146435483545,0.49331774784541166,
0.6644336656021945,0.6555705732831018,0.6489600015069464,0.6401368047137396,0.6249678970965612,0.5999905842137869,0.5768453935673118,0.5472383764348816,0.520261356625817,0.4959232363791889,0.47755453596988495,
0.6719813024180674,0.6646442154190719,0.6572198691119018,0.6527798601568233,0.6352075429906635,0.6171089989107015,0.5898153322164499,0.5616392789276072,0.5288047915599334,0.4944509752941627,0.4662450628292146,
0.5998529940062175,0.600201270373182,0.5967860484586788,0.594967693780327,0.5921939376919364,0.5837086670828172,0.5710345664789009,0.563831168958315,0.5500830097982677,0.5349696217998814,0.5142222203230108,
0.7727546273610805,0.7629406694684063,0.7489433662192416,0.7339598604778308,0.7256168768609368,0.7019038987893887,0.673781547042844,0.6337198283200458,0.6048560025723789,0.5800507620001938,0.5598230583620362,
0.5650548795679112,0.5640632762725641,0.5608686856440915,0.5564922171108573,0.5528180793638588,0.5436900855206083,0.5317252026365689,0.5204965847424643,0.504466788878251,0.4879149999091348,0.4692800139919262,
0.9479339673996465,0.9394137872722683,0.9261983567958149,0.9185924268865788,0.8897063727642428,0.8539192438536558,0.8153655627027014,0.7815029398978579,0.748481116055757,0.6927405271066476,0.6688892696062887,
0.6101825207952176,0.60706478270999,0.610050116156665,0.6077134459102432,0.6068211930708559,0.6017301388705687,0.6020636260139839,0.6031809335419017,0.6099314930803985,0.6201565633189247,0.6311768417631142,
0.7868227043011234,0.7798152156911126,0.7687138902673973,0.7598213258869706,0.7497960301087413,0.7230056482126378,0.6978932580877494,0.6714227853882088,0.6350209018930721,0.6142672586292672,0.5922904495912955,
1.0045250144846978,1.0004540187222941,0.9918574723650371,0.9725772778734854,0.9589777554378186,0.9280880788318573,0.8874647655931244,0.8464675009811983,0.8167226458807858,0.8092461850899814,0.7859727861501011,
0.9119979066941205,0.8997383241425897,0.890263700284061,0.8818736870781696,0.8587442832114484,0.8278878923405506,0.7980068146590485,0.7439939634943104,0.6806447861365916,0.6474970151607475,0.6028524957722304,
0.8598035971195377,0.8518230709771089,0.8416447488340215,0.8324649676939838,0.8150308292605108,0.7859763391427175,0.7472603847410998,0.7120989033900078,0.6756021167548262,0.6341693995295116,0.6096418413801257,
0.5022152595138195,0.497148564177166,0.494833523079111,0.488853161075812,0.4808249653647687,0.468576923070386,0.4546696837331589,0.44303809317538717,0.4297641575766229,0.41881787852344154,0.4016051628587527,
0.5371700375636556,0.5358094252744159,0.5350396592121146,0.5299423954460436,0.5254489634213572,0.5143017540642081,0.5012683842471995,0.4815188087695094,0.4601538774528096,0.43684959739893053,0.4228351916037429,
0.5567558842382282,0.5551537501743133,0.5558530794702973,0.5561388682229694,0.5540443627704595,0.5526412041717903,0.5473135082167694,0.5362662286079738,0.5262306817982256,0.5100801501071047,0.49107824815397777,
0.6290164485806287,0.6320188233049666,0.6330623020797748,0.6333514378735904,0.6266689542545472,0.6182685502087508,0.6074635011546355,0.597385000315127,0.5834811491052416,0.5651129846761239,0.5413813683305426,
0.6806299915095093,0.6692133925821745,0.6600418592552024,0.6487211097958536,0.6318540458651306,0.6085687402609985,0.5815374919122703,0.5554714387737819,0.5223407801217553,0.49702075408685775,0.4651382010314278,
0.6223766739607098,0.6131590624946158,0.6081106691218562,0.5940783968331124,0.5825701663435506,0.5599019258256152,0.5343841864030613,0.5021378111117967,0.4774870844002089,0.4516723043127144,0.428774755227868,
0.8111670525365615,0.8016312547458153,0.7940526843165898,0.7804440231892603,0.7610584226499337,0.7291385257667946,0.6972570584270799,0.6643909760411427,0.6203567665905807,0.5713437211186146,0.525976403004946,
0.9163407843428965,0.910682775128793,0.9102504504811825,0.9033285019850881,0.8784470199427757,0.841012876195883,0.8236053699274414,0.7768143428225078,0.7363332682646945,0.6817727719056866,0.6137383879240468,
0.8401377275573256,0.8315801545049094,0.8223475198540258,0.8101608718546507,0.7866284549969599,0.750534314911767,0.7185334266216299,0.6791790296414598,0.6474848238856511,0.6045976203955429,0.5681712848702005,
0.8472599685344104,0.8296036910284941,0.8110326146853702,0.7961955500526089,0.7721890035539951,0.7344606667278851,0.6930489658674049,0.656137305806901,0.6090614549627125,0.5755774039655122,0.5371847024640328,
0.6813925855137924,0.6740545292515275,0.6696032018989262,0.6580469863876245,0.642100920076996,0.6180940748663837,0.5913259592878852,0.56988331708133,0.5483235863783491,0.5313628267450615,0.5053437031255246,
0.9735696920537231,0.9644380685209406,0.9446865026452663,0.9402640869064209,0.9247442929927899,0.8870059481226221,0.8463066742268198,0.8143409024394642,0.7719616699605898,0.7534851491511444,0.7447367093980087,
0.592639661538534,0.5835050699164719,0.5749697973559792,0.5666231860652771,0.5567067596833184,0.5359912247217333,0.5167964655937315,0.4947643421962084,0.47951547328888655,0.46552670444344196,0.44969605812641056,
0.6993316669334498,0.7062573815201842,0.704777642685336,0.7023488151916345,0.702375340976058,0.7011778426911925,0.6925627303640455,0.6829266141305205,0.685900458370414,0.6847558417394557,0.6777785178804369,
1.0181203590419858,1.0000778472637022,0.9758120593046395,0.968119965011554,0.9295774107962747,0.8999408153031975,0.857874313705099,0.8078522859803358,0.7473408134017265,0.7043303718689372,0.6623232623438685,
0.8887481751964051,0.871207771941639,0.8496214391625112,0.8259040312334832,0.8009840200196545,0.7746054919652565,0.7225935576334694,0.699910389756031,0.6261258493839332,0.5988881069616294,0.5501388627555198,
0.5664244440102346,0.5582855044286389,0.5525330441574009,0.5470794832573068,0.5324033822710775,0.5141074067551623,0.4918540511080138,0.4606725986385516,0.4384041667569849,0.4208154590856744,0.405402338170681,
0.5977809136649986,0.5938312726027236,0.5862678943575982,0.5821576906294201,0.5778830091932342,0.5608969179833083,0.5471181333030194,0.5293705927506608,0.5056843861611563,0.4782349576405029,0.45069832418532463,
0.5846551611926347,0.5827802976637331,0.5784411156418174,0.570083519523343,0.5569661351267924,0.5439712356269393,0.5228207301243353,0.49601204916938996,0.47237944285830624,0.45238133280183607,0.4209594776583003,
0.9427373560134421,0.9401035086949473,0.9349208584897033,0.92500803657444,0.9088270331537042,0.8855648914080863,0.8547710022383599,0.8087253743259334,0.770870053067374,0.7457376922235848,0.70809851617109,
0.7888495820378193,0.7829523357732256,0.7828884644558359,0.7684738348934965,0.7663333236135332,0.7438555033312081,0.7237540762527926,0.7014517157989477,0.6819175120705058,0.6673846850355574,0.6416407624494807,
0.7917214711993698,0.7921175806124814,0.7919225218523476,0.7852062615503496,0.7832542330508392,0.7715372529802559,0.7494801735455816,0.7333864077628822,0.7034892823160536,0.6936371265015852,0.6339849434798271,
0.8351482097767988,0.8289819139281709,0.8189839576166078,0.8124928041512504,0.789222754391137,0.7635501618121786,0.7294171612335385,0.6968100774860856,0.6639575562739665,0.6343806201176861,0.6124863470776724,
0.8980527708560393,0.8865558962906523,0.8795539693602445,0.8632113946917734,0.8401564211971537,0.808296777155214,0.7641744861878633,0.7210346262381736,0.68041294509058,0.6297324825354665,0.590774877963619,
0.9849868288234152,0.9795733019010522,0.9706765092192461,0.958728598590144,0.9381537343817714,0.9108664085056563,0.8556933742787969,0.8070615170167945,0.7732217919560547,0.723478815484582,0.6941395888006096,
0.4369786054186396,0.4353812645199154,0.4326631564508184,0.4302976026501647,0.42755123498582,0.4241330534317896,0.4209914214861855,0.4186885999676151,0.4179973744469781,0.4185090728055362,0.4177677294613236,
0.6668597102186956,0.6608756942389074,0.6512502819473062,0.6405816853664849,0.6315098897298838,0.6123814294534272,0.5885666491485543,0.5636905642530066,0.531859847353878,0.49311648819806325,0.4651133544283545,
0.9468307705084587,0.9377742823672369,0.9340335450080711,0.9269597463313451,0.9105636583265208,0.8879351898242764,0.8502188975697567,0.8147805417963999,0.7599509463720148,0.723332863961421,0.6903985246893777,
0.8357104381790902,0.8307189437763356,0.8203173208525074,0.8114801788496815,0.8055050513318124,0.7831109661123393,0.7589105687780657,0.7308392033376634,0.7009761749004619,0.6689908235625873,0.6463218972131748,
0.7060336911241123,0.7012704548625985,0.6974021153515038,0.6917557757139607,0.6786803672701911,0.6587459800455171,0.6422059901537115,0.6149571478821084,0.5968107329586282,0.5666507562586762,0.542574063764788,
0.644750155737964,0.636642791253696,0.6292196202764418,0.6223764311270022,0.6107220301499412,0.5916662939289123,0.5736642063482792,0.5561712409591127,0.5366566062208294,0.5133766855542807,0.5059580025047898,
0.6949098506099809,0.6877395168895263,0.6811711421889465,0.6675506983882449,0.6592549946950657,0.6364127457282139,0.6088070569798616,0.588187620061004,0.5610348085113527,0.5452547939242642,0.53552661060429,
0.8112635443808944,0.8014258087482002,0.7886611940796786,0.7794249879678437,0.7622730246613707,0.7419247927300765,0.7042989413572934,0.6630877769774739,0.618930335710647,0.5785490500257195,0.541030776912356,
0.9885042997711,0.9823283441109973,0.9794501103110591,0.9612346916132865,0.9452224180653109,0.9202030794069759,0.8820222862189371,0.8330835901457329,0.7890702236297522,0.740246825944335,0.6885884692672647,
0.7308701674320196,0.7202096105700514,0.7102716994762258,0.7020468658674319,0.6859442239755082,0.6595124140686739,0.6336684587826982,0.5999741929001943,0.566796835001732,0.5303394738514224,0.49373537725062583,
0.9705977003211691,0.9767148533204155,0.9720846010031116,0.9689838408861219,0.961277899797308,0.951736709347324,0.939075091705705,0.9213441104707157,0.9271975187676462,0.9462306455035647,0.9799429426884988,
1.062273955612379,1.0566727064093788,1.0384159812867524,1.0355885558158466,1.005837196236388,0.9655523040178551,0.9383684117877082,0.8958271581090689,0.8357842172034844,0.7886080724315834,0.7581131314567863,
0.6195193096176186,0.6113834915888002,0.6035795870011612,0.5933474344563963,0.5780091644067397,0.5586284542233887,0.5345828909653507,0.5124826254326051,0.48998679182244737,0.4713812548628542,0.45124704305349744,
0.5592786495788585,0.5580547639581526,0.550453350191846,0.5436429217410953,0.5330212382894376,0.5204074539058922,0.5062841472620601,0.4893190830494574,0.4705528333020109,0.4572325057862823,0.4406457390539678,
0.7547704051598714,0.7473789713757826,0.7403585458164814,0.729481069641017,0.7154288032924945,0.6926086427304307,0.665355295608194,0.6357682030975901,0.6109923942585466,0.5928742316033391,0.5734392627843387,
0.5841472291976364,0.5719426076126088,0.5683953727458264,0.5590976093706725,0.5454564494447869,0.5212539824718662,0.49936090564543445,0.46880134793343087,0.44775106732123326,0.43358452445536394,0.41612034023886335,
0.8189785710521994,0.8147323980189632,0.7993054876476577,0.7922605975929259,0.7728726658737634,0.7410370550528169,0.7065731352588781,0.6663114643988756,0.6299673620758247,0.5981882896348848,0.561332867394355,
0.8244199277839916,0.8166926114485515,0.8108784098440399,0.8075976301464683,0.7847560580682803,0.7618615540930387,0.7291245083367727,0.6908902664813071,0.6559667036559512,0.6395287232500175,0.618109809777644,
0.6880083059694256,0.6851102962869229,0.6881772992199476,0.68479765231112,0.6756260102266453,0.6603676212167787,0.6528452035069201,0.6384200684899181,0.6260489730818443,0.6205817554311627,0.6279632331459066,
0.6334479319786106,0.6264082700693719,0.6170217271164372,0.6163989202620505,0.6072060858316385,0.5925923275504982,0.575360524777947,0.5474590416165628,0.523095872035533,0.4981204477081251,0.4741935621477846,
1.022033016049801,1.0079869739656362,0.9954832124703693,0.9789949660078822,0.9538293265231618,0.9216075016997708,0.8715252049378879,0.8195472234927423,0.7730047790076262,0.7404299395318252,0.7250811106001196,
0.8323335278919543,0.8232700762193556,0.8137883094692575,0.7989093285786896,0.7820956861961067,0.7399813888204195,0.7032798791634897,0.6538430288974786,0.6139807540124129,0.5684636332507496,0.522740332042274,
0.48064086192698485,0.4766430720140816,0.4715596976670523,0.46769916307611437,0.4590281925528328,0.44413834744946695,0.43159661216562284,0.41629561306424007,0.4030937279514243,0.3909759043249815,0.38270557196053473,
0.7709588483082507,0.7590829937130487,0.7498795879566388,0.7375174623210201,0.7223171236971749,0.6867045462055105,0.6488564834890216,0.609577658421966,0.5564472086757897,0.5273967485271255,0.4892408088708944,
0.4814385367914937,0.47823274928886844,0.4745374083955734,0.4713288848489145,0.46451670050968175,0.4557243860466597,0.4470327850612641,0.4380170825902735,0.4256605124542617,0.4149034713921948,0.40562456528510027,
0.6936161489335674,0.691414104129828,0.6865300158493571,0.68368747899235,0.6709425592751471,0.657027719185489,0.6365155839139901,0.6217631899251855,0.6029261396643132,0.595658707568558,0.5953851244446009,
1.037037798412109,1.0395646773097187,1.0491309835336102,1.0449703979787288,1.0423260774327359,1.0423106147203067,1.0266876807777956,1.0023946569929578,1.0025401348366842,0.9871470385510598,0.9975694489572643,
0.8929339055540398,0.8558377317293947,0.8032078645458418,0.7700907419828174,0.7406457053835781,0.6866308991809769,0.6526402313945215,0.624128104242816,0.5786007076119092,0.5492961980260458,0.5029241467293315,
0.5058008777484573,0.5014167586932348,0.4962967475273808,0.4896056344006205,0.48113616618418686,0.46809951398470734,0.4529772880174605,0.4387603939226676,0.42577609407000305,0.41648526376099504,0.4103405834821668,
0.9092041854651594,0.9021887816575718,0.8969899274853333,0.8843992834766504,0.8623502464650638,0.8430377092539276,0.8112609125393693,0.7753739619451886,0.7371218555830488,0.7079274159929926,0.6990245823063779,
0.5937507145743713,0.5909845537736634,0.588001295900805,0.5858899376077998,0.5778984904899059,0.5671053684492953,0.5543603962657159,0.5453471592208073,0.5354524638729222,0.5346851782779832,0.5274596084886203,
0.41839344809892015,0.4155884108037113,0.4121955442741811,0.4103146722593591,0.4053481027579444,0.4004877678084329,0.39805986170417684,0.3977490011397906,0.3991303025554453,0.4043139277598757,0.40573462792222226,
0.8232366513735578,0.8156580886307981,0.8073891816340514,0.7954194869711468,0.7775944652582709,0.7518511145360628,0.7200033377195655,0.6890274186643364,0.6457993623821202,0.6112500193007614,0.5828551874028369,
0.7600886040416822,0.7557733998866706,0.7500564306496025,0.7420629466391607,0.7304801160754496,0.7104118244300027,0.6841497751536997,0.6690934932072455,0.6372815406832067,0.621511782471747,0.6109968039532879,
0.7878459672080235,0.7777359465116124,0.7721675042854,0.7592331391714708,0.7442167041544213,0.7151881965304959,0.6924313984155613,0.6478352826496138,0.6138786076299475,0.5805215256073301,0.5685806852435449,
0.5691053425297711,0.566163107498404,0.5589310008455612,0.5551370956937941,0.5413004843486431,0.5237413466406972,0.5021510479307236,0.4868948261718244,0.45795731370132736,0.4369212825315974,0.42771323558996643,
0.6151173015323922,0.6075745520610846,0.6054958820598486,0.595168686164774,0.5860015261180077,0.5667863214706083,0.5488328887504365,0.5424804928476613,0.52103069595048,0.49854796854221656,0.4800136903501739,
0.7200152081577985,0.7153922750234307,0.709012568341072,0.7015244310582286,0.6884468040943666,0.6663439692131797,0.6405994277532079,0.6101344655653382,0.58235515404006,0.5583351984156377,0.5439184803475563,
0.5660935712519407,0.566744035503297,0.555985712167607,0.5522583615621552,0.543440562000371,0.5209521091780338,0.5055799915383277,0.4912045512061564,0.4695538129302572,0.4532687192736819,0.4402024257282579,
0.48300926318908005,0.47810901050274285,0.4736930944958713,0.46752597154418263,0.4625667073401123,0.4511420396099222,0.4375815172482729,0.4321452432481305,0.4173679848238902,0.4102329928113595,0.4018545226913915,
0.8262461806121002,0.8228415026558844,0.8084989574741428,0.804781205985225,0.774253247453549,0.742751262070935,0.7113613795343834,0.6771655816124066,0.6363491822531394,0.594405337132751,0.5665455218018105,
0.5792089313595439,0.5767430649050335,0.5776359953442446,0.5721230674985655,0.5674145901337846,0.5589554733758942,0.5480179489728463,0.5398955097493545,0.5305504779145613,0.5251565165044313,0.5076636805349527,
0.67908997256009,0.6746350294255891,0.6679366860523733,0.665133994889172,0.6526456914961948,0.6321103364161453,0.6188843863856889,0.5907555564392815,0.5645222442598561,0.5440453772371491,0.5151129368850704,
0.5717491286657453,0.5672688498903039,0.5650434479582792,0.5625571506052165,0.5580624603775478,0.5462134721757007,0.5356207650532704,0.5221582884007353,0.5127139741578299,0.49675931137251356,0.486130255824903,
0.8406271888705327,0.8236527391809615,0.8108298815075138,0.7998601059034606,0.7694449497317513,0.7335662822858818,0.6923994500965828,0.6428796494659461,0.5818479189275586,0.5450978790798614,0.5056753480440698,
0.79745483733854,0.792307043605009,0.7796758484214791,0.7730024414277331,0.7581463178874096,0.7396884858603973,0.7067082878782361,0.6730073071523439,0.6405605485375309,0.619091983224807,0.5760236019224192,
1.014461678220685,1.0145680004294615,1.0101303350971296,1.011081445057455,0.9993232827306144,0.9807890918345963,0.9406492831486947,0.927421807837375,0.8882481496748915,0.8612552199064708,0.8863373115039919,
0.9604134561160546,0.9479163405999379,0.9392934980677617,0.9180719822738586,0.8999753289896599,0.8547893853283476,0.8030023881654572,0.7697436807758715,0.7136759224866162,0.6616548864796559,0.6202611148647156,
0.7536288971860288,0.74008053381521,0.7251562896737257,0.7174849226230865,0.6991858601421589,0.6679198957685867,0.6373489601537634,0.6142740527273939,0.5770303656840077,0.5453368032220298,0.518850844331174,
0.5351135185964373,0.5257714698529349,0.520332399153015,0.5141338816255027,0.5042516038526021,0.49335808068854164,0.4803203142177155,0.4737917835174584,0.4650174790153437,0.4557294277952655,0.44876822571342617,
0.6541389483087369,0.6452555092422074,0.6329242201079878,0.6196821092222571,0.6079147308521026,0.5800944953586552,0.5504801774982274,0.5194436168590469,0.4852713560541164,0.45148566319612743,0.42584157823311386,
0.6523382432067689,0.6492492353911855,0.6393258104087761,0.6321010016592169,0.6176862357647174,0.5984231358547001,0.5745877235906797,0.5532777815868432,0.5317088585785331,0.5135502711517365,0.4931770525512868,
0.6580310948342799,0.6513880544942531,0.6453704674241589,0.6357549735967406,0.6220182088668126,0.5990809299533738,0.5772798254633379,0.5459090328927662,0.5229141643112925,0.5012036008627327,0.4899981750514608,
0.7192421009329915,0.7139941810472346,0.7116835088723752,0.7051096550260254,0.6947308121354882,0.6806598262290949,0.6630398420633729,0.6430267541622342,0.6124189264359586,0.59123422579079,0.5838022102343228,
0.7203325770547301,0.7189572253153047,0.7150993909719467,0.7119304248201579,0.7048408699533456,0.691070954582421,0.6719839071529853,0.6440206435112508,0.6197798692659793,0.595866357863704,0.5708013851369924,
0.7785297903815391,0.7760644643785722,0.7679964175245463,0.7647291742908862,0.7561722872946424,0.7287243730048241,0.7080164386747821,0.675404769434383,0.6507504629782995,0.6260050651535594,0.6050875676704149,
0.8534021387864952,0.8488047857129922,0.8325046712973726,0.8242353308855221,0.8096222692104528,0.7803222140113394,0.766060337299057,0.7366917747891724,0.7128689099725313,0.6876469971305098,0.6717743934150091,
0.8753551444056844,0.8623279410506458,0.8412539158700929,0.8263412957746256,0.7983761458299947,0.7587779458968577,0.7256792188420228,0.6732345602890284,0.6121032672617824,0.5495000487002961,0.5045096441256305,
0.9525395828568397,0.9459257506357198,0.9267209346388036,0.9150548892125299,0.9016222735403158,0.8653049721024166,0.8306265242924173,0.7892894734961701,0.7395965242386909,0.7028681925605882,0.6679155725410916,
0.5564070914595735,0.5465568027340526,0.5407717648954296,0.5318067749581148,0.5173902073807201,0.5029007921172086,0.4862952734962101,0.4659734193477537,0.44838419647749905,0.4359330372746016,0.4240730638457655,
0.623640808158861,0.6201571087751838,0.6139922570177605,0.6093245453164836,0.6051521943503927,0.5935904304109457,0.5857761349616585,0.5838485050800752,0.5935934789271782,0.601002166872883,0.6052849378476803,
0.4848624259707538,0.4820469538010829,0.47809032359014964,0.47592701940403714,0.4680515983787538,0.45892996278206805,0.4473822498449292,0.435872143898716,0.4271005719336397,0.4210754573829693,0.416252452127372,
0.9003462679813613,0.8848919603928024,0.8770892699276478,0.8635534894917656,0.8362798780157088,0.8068934488398762,0.7825533085464969,0.7325517625410564,0.6832376441915722,0.6354370889571714,0.5892475851373727,
0.5521951000546721,0.5432672218351084,0.5364318131357634,0.5275964661134183,0.5144945086811952,0.4926811373571424,0.47118028375842896,0.4485588327673569,0.429599824797845,0.41170373151228995,0.40341595256083185,
0.9660195319865631,0.9638917437115052,0.9583156645676627,0.9644482406042534,0.9466388402041498,0.9253756733847596,0.9040386824215496,0.8657155273849568,0.8333731492990343,0.8299178150082518,0.8293948671877764,
0.6362076473770725,0.6321291167080597,0.6266634666504471,0.6153444022933637,0.6001859948153336,0.5707945867965032,0.5463604435901436,0.5197066247377434,0.4943359181943927,0.470419174908806,0.43008685735475316,
0.4972679445102615,0.4943856402482062,0.4903730807378566,0.48753134492242456,0.48120569150721726,0.4720757487756299,0.46068611201218435,0.4490117501987859,0.4395151530125049,0.42891590378020134,0.42174990546491026,
0.8332854722681173,0.826309999338316,0.8155595662714643,0.797373442454147,0.7831773945212869,0.7536820126937709,0.7063313008204931,0.6733849753018016,0.6228828335951018,0.5767155100719001,0.5408595756323185,
0.7881895301197488,0.778736630142041,0.7713398631091707,0.7558595186848713,0.7338277235695044,0.699857485230549,0.6677807669907846,0.624969756232482,0.5815352877829935,0.5340882160909259,0.4957759709901875,
0.8607785944173937,0.8476460230194154,0.8356770222709793,0.8173435951345998,0.7931419581464487,0.7571747848934454,0.7283227709739638,0.6933595983781629,0.6575763270361694,0.5981208398529761,0.5696500969679817,
0.5368743300203873,0.5260303053461971,0.5206529220996505,0.5264222719490533,0.48973425062580495,0.4830236702082858,0.4621562504709515,0.45143578525146283,0.43190675891952696,0.41532152368927855,0.4015070712892242,
1.0214959272968533,1.019986485809643,1.004838596732388,1.00238179748822,0.9870251690300542,0.9596895149061521,0.9158624303660692,0.901175599665074,0.8619885256097315,0.8339695565847511,0.8360863924583373,
1.0303094151196135,1.0166752480999812,1.0001606501089508,0.9963762749316011,0.9592247732657393,0.9249622790885677,0.8740631247787108,0.8102989938809622,0.7531349525754052,0.6976837629632663,0.6443344496379876,
0.8875256196460974,0.8769983281180909,0.8655037397681212,0.8563135488206995,0.8312274647650411,0.797163149684686,0.7556889535777477,0.7163440338484581,0.6725015296651498,0.6405764158032397,0.6199504461052235,
0.6617445857459943,0.655104392841133,0.6429075519302989,0.6367233296884244,0.6257632156714107,0.607211319344572,0.5804913749511803,0.5604132046089039,0.5410060940308372,0.5194527656865314,0.49843767614001977,
0.558898569446928,0.5552034323506687,0.5502986751291907,0.545370332771956,0.5340175833720912,0.5262856839359327,0.5069077982649363,0.48982248255133876,0.4726763913503246,0.45650051151200055,0.4402026973897228,
0.7697591599540559,0.769279592923448,0.7556132887900212,0.7481141682285216,0.7377440514337832,0.7129158483483334,0.6863055972460789,0.6573283143617161,0.6160458953676538,0.5833521318033751,0.5458880308034215,
0.8875568171008235,0.8839390526776514,0.8850867948365807,0.8742079174207525,0.8646806081366503,0.8440765249526001,0.8150945694286069,0.7927343485894324,0.7607497407527055,0.7625426442442735,0.7709981663020854,
0.7440104399171892,0.7367724875494529,0.7218077100346924,0.7098485118981888,0.6946191721736596,0.6615726578073351,0.6339493045387793,0.6110402232479193,0.5694429326022241,0.533559838900495,0.5058077725077745,
0.8201844078174614,0.8096741950153308,0.7978455725326921,0.7849543558091984,0.771198785713391,0.7445572968970584,0.7192855067784832,0.6734978467392111,0.6358867200742878,0.5863934011021886,0.539879468012151,
0.653980720974937,0.6401336532103673,0.6288273801229353,0.621227471933986,0.6009045696126353,0.5754228465649303,0.5440592231072189,0.5094628248031735,0.47385342944263303,0.4509880689156486,0.42319027790135444,
0.9975028923900291,0.9854669762519741,0.9651233795104123,0.9456275888392852,0.9146412300379639,0.8691502058188488,0.816076573792682,0.7672816842145681,0.7249791873657244,0.674494738885585,0.6448214931557601,
0.6968541844832707,0.6916995857743421,0.6857334875375946,0.6828383677862122,0.6738159694035374,0.6585535503074726,0.6291254070798852,0.6071036995083469,0.5766650454327018,0.5579031571711364,0.5394205347127194,
0.7848443199651013,0.773964435375515,0.7649687950970389,0.7549894017395383,0.7284917304612666,0.6958322880250125,0.6580539231535262,0.6240467164233288,0.5915615455331921,0.5520884595282856,0.5145694574950107,
0.42544390803220894,0.42486944342476035,0.42544311537012064,0.4250203032821834,0.42444717251291214,0.4237745451760624,0.42302419355618154,0.4227392110313337,0.41917077663993024,0.41355511753856017,0.4137927929253062,
0.7718987106282,0.7683804363765938,0.7629994669590309,0.7664090834618613,0.7533679960747567,0.7339943467966163,0.7104991597785545,0.6952109710071392,0.6766719169034985,0.6620030290713685,0.6514991405295619,
0.5566251933670114,0.552593014687806,0.5516593237219268,0.5529347549257054,0.5503012286883702,0.5466572047366839,0.5470046601342468,0.5395516332290495,0.5363928102752082,0.5333958210821564,0.5290044311435155,
0.8093136362923966,0.798804497384071,0.7927829710871749,0.7692414272870052,0.7531027864359403,0.7135712022592353,0.6796297976669768,0.6445464414550874,0.6022320910614442,0.5680882426941049,0.5294151368690667,
0.7994469107214368,0.8003496133808706,0.7939431106715217,0.7944299515072428,0.7825051439300234,0.7637600005494032,0.7444933009183023,0.7167534203278706,0.6911457537694863,0.6640050153139652,0.6513457646775441,
0.7767645906142686,0.7665548887159177,0.7494938365610672,0.7431978166376679,0.7168884628461772,0.6842746532665365,0.6473536560516213,0.6053040070006012,0.5655459769616864,0.5362238232010051,0.5056637148514407,
1.033194340256136,1.0338344128953465,1.0243109024236703,1.0175946649368943,0.9904455064194948,0.957802163746992,0.9192120455091138,0.8819932439281779,0.8443082968677947,0.7627094715547228,0.7437168511370117,
0.751372362905497,0.7422420788916045,0.7323384301317932,0.7245878372996566,0.7079274450127677,0.6659892041818337,0.6395405998274475,0.5873208569631159,0.5512192156224284,0.5151768626850752,0.49145673168563875,
0.8199158375002322,0.8090077906743255,0.8003491194901559,0.7834535102157152,0.7606851182352059,0.7313143348852124,0.6847920709553167,0.6573206296269053,0.6241760025910593,0.5959633585940951,0.5758899454549845,
0.49235072854929135,0.49213007421591387,0.4906628464108643,0.4900352678012924,0.48654391884518444,0.4806710074064293,0.47380894333846835,0.4654837981455337,0.45579869003256135,0.4478756801567565,0.43847300693917746,
0.5149901394568298,0.5103204033932676,0.5061378976969526,0.5002451996161489,0.4922997854475372,0.4818190563084855,0.47035413372573753,0.459908701590964,0.4506610385950387,0.4456375145447857,0.440664998444062,
0.7228570043362481,0.7191520748376982,0.7104870778776656,0.703283501286568,0.6800564406886275,0.6588329105024787,0.6291041505523399,0.5924055246279835,0.5794078941351947,0.5533921793040014,0.5210960290631761,
0.7425278352643999,0.7317481457227374,0.7213011832343498,0.708240760502308,0.6844935270606616,0.6510192004212684,0.6123939040320777,0.5904256062817232,0.549561685155862,0.5107483824863827,0.47882148250136913,
0.7335230106903802,0.7330019763689539,0.7259606890182249,0.7214883711682316,0.7182102690065277,0.7046305841196432,0.6939186597407916,0.6771970491569282,0.6633466710177374,0.6564111405140483,0.6557658342561405,
0.9428631965409507,0.938928371165475,0.9331198951295145,0.9337779148535855,0.9233645149215477,0.8901233445428096,0.8753016023619218,0.8424676877041827,0.7996348684687881,0.7680740125617526,0.7660939550096865,
0.6534611541950086,0.6420838644159512,0.6294541372936757,0.6270450955503031,0.6128105342984222,0.5919289887283402,0.5716250167109757,0.5480110783701335,0.5191429789688622,0.49111215300188954,0.4672689153500476,
0.5921126987111215,0.5857606591299708,0.5794967874937588,0.575431292412237,0.5678759173453379,0.5522764490419234,0.5282509276545992,0.5116935829404906,0.49507905975731986,0.4823368670978817,0.44764462931388666,
0.8065375493157194,0.8000344681119984,0.8027277432621167,0.7961648816549239,0.77239001293044,0.7606712162652619,0.7312194137682395,0.7067107200366116,0.6805038416605821,0.6624798530483694,0.6486038019308706,
0.9669297498978078,0.9492326037058552,0.9350099397234689,0.9205881527030628,0.8855515004308702,0.8553057253767387,0.815031056156515,0.7655042568459086,0.7076532681866721,0.6533067659809476,0.6153683941918705,
0.9589396627303566,0.9583558324093363,0.9542423640145649,0.9423562025831751,0.936094817144267,0.9109422823333888,0.8789170535635452,0.843490527921796,0.8060163666511811,0.7769280563249045,0.7776703428325716,
0.6606130214074293,0.6494651482453684,0.6439577333117916,0.6316358164007171,0.6213740218135422,0.5975985192260774,0.5688934421542324,0.5411252940775277,0.5203316399736065,0.4965671581492584,0.47331328435698095,
0.4768010149751597,0.47429288990008545,0.47300105638168527,0.47081012167569014,0.46761512246170095,0.46207056246936123,0.4565666336588662,0.450355914988064,0.4436293014635754,0.43773329215068535,0.43269609290453825,
0.4669680120005959,0.4653900168577986,0.4623318220124749,0.45969782825111993,0.455787781720771,0.4502592370488518,0.44379391824153114,0.43759200409988785,0.43066879184116863,0.4222951537638938,0.41128113880490685,
0.9595477875149389,0.9496323323346472,0.9464854091990141,0.9374481797117697,0.9196263721805861,0.8942572376807421,0.8682143606876801,0.8233305748726276,0.7862191184209671,0.7343520673040547,0.6998818185286322,
0.839155095270853,0.8320768583224044,0.8194019996728897,0.810104236767711,0.7937246075931614,0.7614024823436382,0.7239518867508925,0.6852354118789252,0.6450758608684695,0.6026810417974529,0.5657310800881254,
0.6244894207564254,0.6164470917125555,0.6137075464982953,0.6074883946995278,0.5985293992565048,0.5844972111889618,0.5667000696344481,0.5496085929246006,0.5289636654854375,0.512293089468852,0.4889818590383152,
0.5913556772937292,0.5853359735751152,0.5787403664546819,0.5706442450264329,0.5564319710651886,0.5381802587528279,0.5216647457159388,0.5007850413882994,0.4822837314109881,0.4717930289134505,0.4600824346145108,
0.9792095101150702,0.9755724830604011,0.9718771994403499,0.9623692843291255,0.9529994343904895,0.9270066531245472,0.8996179940947062,0.8667423182788692,0.8200033766536456,0.7561855558353002,0.7319723956626103,
0.8280331845500879,0.8185172261195919,0.8086394663252872,0.80004346115148,0.7797366177137391,0.7470808798678458,0.7235188403881877,0.6836411860496231,0.6430421843890844,0.6082642851613798,0.5661469872876483,
0.7783393181024448,0.7700712557208181,0.7604275988657803,0.7480284232802018,0.7291180797365254,0.6945664383264987,0.6658659719385237,0.6313003872569973,0.591388662520306,0.563587652698207,0.5331602726976948,
1.0254430696265744,1.0187752435766004,0.9987779384062925,0.9878357739777314,0.9581293169237051,0.9194362480236592,0.8744605570127535,0.8267436677189072,0.7850161562666294,0.7518828100270232,0.7381061937927491,
0.6339768848966144,0.6224969139445221,0.6079216602135832,0.595456754663419,0.5732567733535164,0.5423871575798541,0.5078770083042529,0.4729954849289862,0.4420607842309413,0.42064693115893736,0.4050408211478599,
0.6047595037411724,0.6051603071381377,0.6043307701440902,0.6041435356673845,0.5989817415317246,0.5908175996962202,0.581955306820465,0.5693848543129066,0.5607861043736044,0.5499078736083824,0.532613760540887,
0.7227541525429135,0.7149114791863718,0.7080973208492266,0.7010621893801837,0.6858795386969835,0.6630409413540833,0.6343979603993617,0.6046495830409422,0.5776501914036783,0.5585685692695365,0.5374564013179023,
0.6422026828096703,0.6339056444255103,0.6231761627244777,0.6141333081580629,0.5953215709103437,0.5711174316671925,0.5428401221542966,0.5161735877184072,0.4883859801000695,0.46191504137457784,0.44166578269970336,
0.9569761465154168,0.9464043895425799,0.9277115255665389,0.9124418779989473,0.8787410005357883,0.8270076282407742,0.7710727587293584,0.7083526578383473,0.6533069056332073,0.5978108765510438,0.5468186239561683,
0.6546488289884811,0.651684326293645,0.6461520043919584,0.6443134957501631,0.6343941427526073,0.6219385678135287,0.6039962435441714,0.5860096974411828,0.5696293624270674,0.5592908790894155,0.547066691749125,
0.6794467887006927,0.6737386543697632,0.6642725410573598,0.6586550911663419,0.6387065668402115,0.6161394560924153,0.588990022102395,0.5594899708441331,0.5222895068685076,0.49362375775918055,0.4710445748468525,
0.7974210514921529,0.7841317569922577,0.7746246556942727,0.7685285196223652,0.7493798588998404,0.728083645620661,0.6957866442942593,0.6643578569246357,0.6332980129731823,0.6070598484138592,0.5880551935602232,
0.6981082024563768,0.6957868568638154,0.6953985910141095,0.6930960387670049,0.6890136528140656,0.6764692936870295,0.6655722605979737,0.6510124665200564,0.6401636329715513,0.6348591784565069,0.6349787307862558,
1.045515213467552,1.039950330226358,1.033884938701022,1.017249020865904,0.9933715746663622,0.9586175323300627,0.921023688877305,0.8853072918079637,0.8297237211708076,0.7907424727413244,0.7471993078674314,
0.8581928349095775,0.8521656994950861,0.8464994134650385,0.8377437321696698,0.8234534649937184,0.8030427090834281,0.7813923709700441,0.7470841472579356,0.7234415638271968,0.7063148316977086,0.6978946789176823,
0.7950123067049405,0.7917357015390587,0.7898001313267217,0.7838253386759402,0.7760458313414971,0.7656230996303285,0.7464424537389697,0.7308560683639947,0.707061741096932,0.6900588416203866,0.6742635164037825,
0.47397570959905433,0.47272828315995813,0.4697892328766475,0.469182175985285,0.4641130154943909,0.45852839309724674,0.45243916447372423,0.4450417565462361,0.43730508740497165,0.4291305548882682,0.42359282936940107,
0.6352130841017513,0.6337142507616356,0.6284089642313928,0.6220206479529997,0.6126816601645698,0.5972491918937821,0.5804120340734037,0.5568997955135351,0.5362217959783405,0.5144010529325457,0.4832568586546183,
1.0234039424113575,1.024222757732784,1.018630453071716,1.0063544861013927,0.9914206212704837,0.966468646796771,0.938824618253241,0.8928043189183108,0.8373295885129171,0.7895849142758142,0.7371750818256704,
0.6223458360229401,0.6168996845307554,0.6071407673935201,0.5965087630969793,0.5842835662461151,0.5606373215988529,0.542224434971612,0.5221525427711264,0.5020616219245302,0.487785364960962,0.46745823400357905,
0.5101028874068062,0.507510764806078,0.5104891538635813,0.5020449635017143,0.487292782182972,0.47968538814437545,0.47553294851079914,0.4718035572908741,0.467330139360716,0.46248830501567795,0.4556244859405907,
0.7294300860063747,0.7189911021559037,0.7109014474348467,0.6946971596639113,0.6756473515834743,0.6515141533596008,0.6198065128387552,0.5840749051997594,0.55007727665967,0.5116895616990166,0.4845725319324923,
0.6768882355987927,0.6742926976577504,0.671725319480702,0.6680778405825359,0.6589358439107568,0.6479817630839158,0.6350697062889997,0.6226475791915451,0.6084420196139153,0.5961052465027881,0.5852780056226549,
0.6095001860301991,0.6037520845660643,0.5952857670819317,0.5887169164839335,0.5770293699123047,0.5550097976990888,0.5312886292025494,0.5089019695825691,0.4864969473222554,0.46509301136590253,0.44598178438214686,
0.8504422645542763,0.8368500761781833,0.8254253384754067,0.813482655610699,0.7963579927511751,0.7693686570236957,0.735574594695165,0.703006881609204,0.6669071709811158,0.6425763581720497,0.6180481898503579,
0.9017874093554098,0.8902375282448427,0.8771269229974461,0.8646414150422241,0.8381151312045192,0.8047830078632491,0.768610975723586,0.7285416075258279,0.6900161343360314,0.6544659573553328,0.6387599703464204,
0.7223455725077071,0.7175593924992257,0.7174224074355646,0.7121737178142723,0.7057683042256623,0.6984021072856392,0.6859930256423294,0.6820328382810353,0.6774736223410582,0.6744522378751828,0.6704641647251943,
0.9399128850141906,0.9222579976369246,0.9089716475621087,0.8811290448208594,0.8547761547274253,0.8222058958999992,0.7805902448748023,0.7198121246758001,0.6695004001611562,0.6238958800805996,0.5688776329383635,
0.6213895465892032,0.6193006193514149,0.6123370421147313,0.6077489416847933,0.5960824253245768,0.5784274463095365,0.5590560169863193,0.5387831711009288,0.5166643447470267,0.498050153407477,0.4761175118690809,
0.7170580989476559,0.710073161705837,0.7032506590477375,0.6920996044997856,0.6788579008938803,0.6588836257327463,0.6305713710605529,0.5994915132946493,0.5753550307410079,0.5534037914518015,0.5404194396425357,
0.723208649807651,0.7173670078708138,0.7092511887745789,0.7030899604455508,0.6901133211906278,0.6692906032105089,0.6493989374252328,0.6245128139988292,0.5931834531168755,0.5673264248889852,0.5300947310892646,
0.9663424716181318,0.9600767823154435,0.9519465004625806,0.945631068105602,0.9301589042812691,0.9048714588143588,0.8678474343299553,0.8226968033112325,0.7797698657276926,0.7562174244515928,0.7046593101082761,
0.6066268288052118,0.600621917290314,0.5965662397666642,0.5848456221704549,0.5736644137035986,0.5536827891680913,0.5320545991128547,0.5094281333553027,0.4858227086718887,0.46674555375634996,0.4481041602407931,
0.7799606417638528,0.7712972731279369,0.7633998684151461,0.7571279529992418,0.7415290020366581,0.7122921152242584,0.6817824997779512,0.644782790304458,0.6109461168785465,0.5794708919602584,0.5437883391991939,
0.5422928626485779,0.5362475520020455,0.5314777793797234,0.5264555800693822,0.5184648242206603,0.5058837540395116,0.49269382760967645,0.4793554367816728,0.4668947132832672,0.45720573494491695,0.4454532814826033,
0.7094558593396268,0.7052597946564959,0.6910546900919551,0.6845144677060894,0.6705250049000409,0.6457205029285996,0.6202578549982531,0.5889912676315061,0.5623480195321371,0.5393228933476629,0.5104320721527169,
0.9476165314097642,0.9450005261496037,0.927276234998883,0.9124687181898015,0.8900401685895263,0.8535550253124004,0.8101851155895795,0.772273363039902,0.7111487173136699,0.6711553961839163,0.6095057551816492,
0.8837593918485028,0.875562049367739,0.8642956473286025,0.8505905951039235,0.8230901255789617,0.7846750931120049,0.7462424393912381,0.6995967594184311,0.6596071178565726,0.6105081830766158,0.5795808056759735,
0.4351401194186674,0.43239349995566684,0.42935753824086814,0.4270146582439604,0.42258390042380595,0.41594836097963633,0.4096447989478784,0.4056977282277399,0.4023962139764277,0.3987388296597014,0.3968346164815188,
0.569999651538107,0.5652358806027594,0.5599623304005807,0.5551078904897196,0.5461302415075889,0.5336951424082151,0.518613717522587,0.5084262804261471,0.49169988142935334,0.47526514382985163,0.45833946620448984,
0.7823163611872834,0.7806069383283051,0.7734753065456771,0.7691430897686348,0.761039107355941,0.7468689234119248,0.7265192080352308,0.6934743180174195,0.6837871782690097,0.6704191626683815,0.6422499824223492,
1.0106162326883052,0.9987062235609191,0.9852895114950181,0.9707229410274214,0.9493382412142456,0.9116501074817516,0.8713396708617377,0.8309628417595247,0.8022926088963265,0.779059087260111,0.787020269517736,
0.720162805382079,0.7077997288148884,0.6983563184331472,0.6890215920297956,0.6729921125578352,0.6465272474609565,0.6252912182235465,0.5920117682842175,0.5568237383740948,0.5168409990698928,0.49062927598930595,
0.5631658382570264,0.5584730605591176,0.55146958015621,0.5460589997809548,0.5350724920598492,0.5202436334517145,0.5008762011739873,0.48108648966953704,0.46193772940749617,0.44283548416538726,0.4289404917739947,
0.9647487593727951,0.9578535399700702,0.9354421603712904,0.9192092870782678,0.8792641212042093,0.8298163752574622,0.7827306827459342,0.7337783518862536,0.6842769990176268,0.6322067841130534,0.5857108713691003,
0.58399150281549,0.5804915164040818,0.5769552570399531,0.5738431235241002,0.5673882631025949,0.5606514726658577,0.5463223970391652,0.5356467426940477,0.5215428652798205,0.5005248814680805,0.4727161709997421,
0.7704390153337947,0.7659360056699208,0.7610158036469824,0.7525427316422971,0.7327883021493105,0.710283757958044,0.6822038618158905,0.6514794426339218,0.6209290647604563,0.5963397524374562,0.5712771059126122,
0.688226593097833,0.6787314458722095,0.6677391598441712,0.6560652124087295,0.637307408182248,0.6116931953886855,0.5821464540065157,0.5524411789787903,0.519497917501856,0.4989370551149426,0.4769332788211022,
0.6240504452253328,0.6198849428014849,0.6183270048426774,0.6138889447775491,0.6001016198692551,0.5834201343299534,0.5648816557268184,0.5456808856009605,0.5204396345299167,0.497323864948863,0.47076947511931383,
0.7892919227949793,0.7817373910820149,0.7721419247388962,0.7587626539157902,0.7387959076854426,0.713422376229323,0.6713903825521846,0.6327176610272771,0.5867170470311505,0.5430182612553932,0.5053387025853805,
0.907563315523314,0.8977227536553359,0.8898883622731216,0.8734591700494981,0.8491757663649898,0.8185919660101434,0.7786733957225935,0.7322178466242545,0.6781595301784444,0.6291792955619888,0.5805299761541315,
0.9224957246416254,0.9103028795388572,0.8952747086184106,0.8800429976490546,0.8626276923430576,0.8255571543210488,0.7772761200442485,0.7426641001036766,0.692150065552621,0.6611316825370329,0.63266419528799,
0.7296460278836255,0.7212219779530383,0.7140674950076757,0.703509097745432,0.6876127923164063,0.6654596310525048,0.6357149017044914,0.6047165539086079,0.5844242584456489,0.5694302087981045,0.5637992873028285,
1.0418451199836856,1.033785615561504,1.019232526994434,1.0101019045383968,0.987546825611992,0.9491886222523571,0.9128980833250286,0.8585339686733164,0.8098205865584329,0.7581296759418208,0.7101341710501093,
0.6616244463771603,0.6620088806652944,0.6514458690651256,0.6519993642403289,0.6420002266769066,0.6241065148687931,0.6107041354463585,0.5941078940104152,0.5780729378511911,0.5568613213140493,0.5297384457259571,
0.6928944491320155,0.6870000086415479,0.6793442080615025,0.6774844362187926,0.6631005738041568,0.6455964710411953,0.6316220480115096,0.6162623327439599,0.6003333302736514,0.5934976267221079,0.5823322004871582,
0.8263729714332785,0.8174201821392199,0.8070795487473303,0.7964198066722172,0.7768139611839925,0.7552918223558314,0.7204629480706364,0.680721022856554,0.642774197888296,0.6177867123136404,0.5941727437032378,
0.49254868130030344,0.4896539711028438,0.48515443155722177,0.4829014020015855,0.47662170581015134,0.46720977960455884,0.456162393893987,0.44446979255693464,0.4322982476577211,0.42405396068854523,0.4183419091359378,
0.8668016917329048,0.8664200231462101,0.8593913022119664,0.8500961462332506,0.8363495080076264,0.8045295517897961,0.7756203834553517,0.7434534527997069,0.6958882447593108,0.6672303996052196,0.6339273025572498,
0.9845106427884229,0.9727507092674212,0.953033301882316,0.9382314554869605,0.9175978943394714,0.8794102349657607,0.8393411508720071,0.791761378438299,0.7416458846033618,0.6954311855918186,0.6506978997538192,
0.7560877471016005,0.7502733623373838,0.740694133690445,0.7268365912270508,0.7110634878037986,0.6847410962463303,0.6517238890231133,0.6113140781096006,0.5889062403109794,0.5636320168767036,0.5462493507259313,
0.6887566452694385,0.679364254625064,0.6672351211976765,0.656391696070838,0.6418832953716376,0.6140318183340704,0.5913936629721988,0.5579904853800336,0.5308746813970954,0.5050156509049896,0.4788043905867896,
0.8551963464339235,0.8462362594882785,0.8381236937990464,0.8242456283397191,0.8090011178976461,0.7829183866449929,0.7494241082986085,0.7121430859765836,0.6801928608597205,0.6471529095411814,0.6348612185625034,
0.5457650893174139,0.5420989267990634,0.5386364650569089,0.5345505222355091,0.5289776260075217,0.5229718669356093,0.51721508548648,0.514053774281589,0.5136781343203903,0.5148706240860433,0.5147711797037093,
0.551562264765004,0.5498735293177097,0.5445878126296015,0.5435122670068827,0.5391205887486222,0.5337096406404002,0.5280440673008039,0.5264397702144191,0.5278564342431946,0.5254991866191484,0.5190996729308955,
0.7883914513307013,0.7780418318009813,0.7675462870568657,0.757239791735679,0.7399028724955716,0.7094844125196655,0.6760374058419122,0.636380148948979,0.593185651331924,0.5565636813945838,0.5195961964168765,
0.8051475530314463,0.796063225199032,0.7840877435774078,0.7692827994999493,0.7501706217288064,0.7187550859049129,0.678117876633832,0.6321561532487432,0.5893398705434918,0.5496039726244045,0.5175779911050226,
0.8158388588321681,0.8039112659071372,0.7914996650200457,0.7759305846624801,0.7543978297522095,0.720861708490088,0.6816788941718227,0.6327449279996598,0.5887383136586738,0.5412214602598252,0.4943593299798284,
0.4377761627337279,0.4370212154133381,0.4362100928284752,0.4355061677692415,0.4342159812290037,0.4326417716940244,0.43030947857825064,0.4278395198894206,0.42626545781854447,0.4264718399911288,0.42480210649832323,
0.7404778482821683,0.7302935913412807,0.7190137144874936,0.7146181574938961,0.696397254433276,0.6775975792359044,0.6525004310609863,0.6259070949877491,0.5977170151924324,0.5725836421804591,0.526825953350562,
0.6827248132211947,0.6767634773952386,0.6716569545586819,0.6702320727394522,0.6570677584697902,0.6375705335589812,0.618443753002792,0.5932035624959122,0.5690186555364448,0.5433613047193763,0.5338312820857737,
0.525045264854289,0.5178073747484447,0.5166533388830846,0.5032683851385005,0.499926174875491,0.48898713347894357,0.47489428604638784,0.4540275307113435,0.44553502048979604,0.43141893460386765,0.42048461020108824,
0.6551301455455864,0.6480339450576917,0.6429134170389438,0.6357371765805702,0.6250341207706914,0.6066677111145221,0.5835246703336846,0.5598884894443028,0.5388418010772688,0.5132706163089819,0.491833493041863,
0.6028875048935731,0.5935084592861646,0.5873434678850668,0.5771829469448497,0.5612376407653007,0.5441766464994997,0.520001151082703,0.4938411511004872,0.47389337479752536,0.45792028046449623,0.447812252296061,
0.5905381970276179,0.5875057264293095,0.582606481386622,0.5758286461963626,0.5691531084265985,0.5563780498981563,0.5447364328217844,0.5325255929072426,0.51942491303194,0.5112894759357562,0.4930192351265793,
0.42416457881485803,0.42341578552238157,0.4231181129260136,0.42266597739134976,0.42214075582793836,0.4220188695513367,0.42225622659470713,0.4231122261946519,0.42345044844640223,0.4215961858917252,0.4197198163366415,
0.5453630339052018,0.5436106914154437,0.540019961756535,0.5373405851847828,0.5325865731327615,0.5243731953565014,0.5129082088421218,0.5015148891111216,0.490269943284437,0.4735182778015365,0.46218876919581325,
0.5278073346619714,0.5268527986824848,0.5260367748682245,0.5238855648601384,0.5193177091860615,0.5125161325635463,0.505753074173097,0.4940234123,0.48184746359592157,0.4677429092405977,0.4530334115057197,
0.8694980679214144,0.8671192962758901,0.8553751851452609,0.8491801464532804,0.8354419734809168,0.8074340648808933,0.7719634104545487,0.7351944876561068,0.7014300107413305,0.6662288786551532,0.6314190870110854,
1.111521780930172,1.1086002988157886,1.1006362453025003,1.0844618532695922,1.0655112764137291,1.0284005356731154,0.9858293318890617,0.953127270713859,0.8981158671931917,0.8431738373463985,0.8062938680412443,
0.526297717490745,0.525662758372042,0.5242112389286,0.520742671300095,0.5176709203978768,0.510125780958626,0.500262147756973,0.4878342886501456,0.4735334001226652,0.46159824967536783,0.4473053691574277,
0.7073237563156394,0.6977148556708489,0.696324374156922,0.6902408451256947,0.6792527078590103,0.6592108942790603,0.6388857423565372,0.6236043397650348,0.605473730305896,0.5823888302048371,0.557857285349015,
0.6301957534282701,0.582948697157812,0.5819325042251602,0.5601680611777151,0.5827807869533806,0.5460661647844974,0.5199929377278263,0.4891500612265748,0.4650691758168414,0.45500498478134255,0.43814913217284035,
0.7678098386847904,0.7580165189344428,0.7453513535859307,0.735340997229307,0.7201258343149332,0.6976164857509305,0.6687657190875976,0.6359239867969191,0.6084873272727892,0.5784117774845832,0.5444689128046297,
0.8472076755322592,0.8368595034232499,0.8226934149416132,0.814191182167378,0.7962485235913197,0.7625375772342864,0.7259513059026939,0.6979838464450037,0.6575751490757152,0.6317083466288809,0.6085434499830199,
0.8176177695980973,0.8111020395461824,0.8052914567394969,0.793449203107547,0.7739876757026056,0.7453829669914487,0.7192849607441598,0.6744478205679513,0.6388135708054525,0.6050622499285722,0.5873203232294743,
0.9374069097256142,0.9240778068191261,0.9130451937784645,0.8880228914370571,0.8633555660135603,0.8247778874410292,0.7744925546623531,0.727074511685578,0.6637650288416355,0.6259665191119582,0.5797931984227238,
0.7036931356486945,0.6988561794678334,0.6943057469023323,0.6925207593524334,0.6821622374328263,0.6605361850734196,0.6464542845138611,0.6215479297891582,0.6010186076349119,0.5837294580625104,0.560455986308118,
0.6894380490831752,0.6775911079592227,0.6647194862073014,0.6503210223137605,0.6356290983739963,0.6132027193197307,0.5823132018937497,0.5579047969644615,0.5320906572267853,0.5113932027638187,0.487593967484902,
0.5577855317523323,0.5564052802227504,0.5474263040813303,0.5377657394858093,0.5279308070223646,0.5105008173019997,0.4918476954913887,0.4750504485880015,0.45439717289596826,0.43712544336168524,0.42291328872743433,
0.6071132734364976,0.6038380534098905,0.5993375672357414,0.5977612822838534,0.5896234330339377,0.5788869046973758,0.5663586647909099,0.553680970233499,0.5389382173169094,0.5234944734239146,0.5027062143149259,
0.7415452901631607,0.7343387976811423,0.7225673465230926,0.7091888390400244,0.6925391030807564,0.6612516586948504,0.6241678950967025,0.5796421776683731,0.5467471606628213,0.5137450407738965,0.4870541141474447,
0.7643334354439021,0.7570640393029134,0.7466663546891381,0.7411464289789331,0.7252716433383616,0.7051679921363911,0.6750073837913289,0.649660092343595,0.6261302046457756,0.604690800310361,0.5999147174179321,
0.7740248753562446,0.7715925886845426,0.7663428994656242,0.7623683863685625,0.7463128586684392,0.7229798056460929,0.6906436177169895,0.6658476942458221,0.6331893194656112,0.608553214295033,0.5956523596158915,
0.961323132683703,0.9563879013034886,0.9489388958729016,0.9360543801259528,0.9241998008237126,0.8860428545679516,0.8529569292659456,0.8117357829842581,0.7637486551373063,0.7265689795648641,0.6965022809234725,
0.7291599334605066,0.727947058732812,0.7239671559837205,0.720313778378188,0.708254509560436,0.6944425024784726,0.6764852770794074,0.659003137351768,0.6443461042198514,0.6305851558231599,0.6254196329938089,
0.7497406073239055,0.7405060527147985,0.7304729454548776,0.7194847535217435,0.7016834665142926,0.6784407659243041,0.6497378329330079,0.6171263218798725,0.5888021650199291,0.5616188382676401,0.5405582036133965,
0.6306580110807359,0.6222938315410643,0.6135844171061559,0.6032102734589235,0.5882722365911142,0.5647578250342716,0.5443815203734965,0.516724780333389,0.4979519465951013,0.4730555759168911,0.4564142990140094,
0.6936752638457881,0.6859566017402814,0.6759886527710591,0.667104956280968,0.6450144373814206,0.6153461551995747,0.5822686631305132,0.5440309580950199,0.5080793413037267,0.4797022471230773,0.45312433342988856,
0.756895967698124,0.7525131543406188,0.7410164562793592,0.7327216969449393,0.7171635954477554,0.6917803950309349,0.6559067256258065,0.6193251811289503,0.5872357827855085,0.5623317118264469,0.5358667786073663,
1.0038752170662129,1.0025469561527123,0.9923731175567413,0.9906713355823936,0.9732092250798806,0.9438669335898094,0.913240203231117,0.8754585403554953,0.822698618348818,0.7844480095720516,0.7523902372983006,
0.9246633504590014,0.9162721542124884,0.9075863950832221,0.8915809966446441,0.876592564083569,0.8455710205408461,0.815082904028581,0.7726038772997076,0.7390183297334765,0.7039469590381245,0.6743690042126659,
0.7682095944477961,0.7527407157248068,0.7416039876155368,0.7252280763492611,0.7009627663111051,0.6709343369202506,0.6342595144814923,0.5922996996501522,0.551413165530987,0.5111392822869187,0.4767321442699701,
0.5221517678142661,0.520280986933445,0.5173697500051372,0.5156594085794828,0.5106049525404849,0.5042819711873532,0.4942065886708855,0.484620024517767,0.4730924794947312,0.46277532444089997,0.450164732887986,
0.9431868208498473,0.9304523813325337,0.916720898440387,0.9035225441693037,0.8683035377306116,0.834258032124598,0.7849767511825718,0.739852902214786,0.685886116027049,0.6289878254993778,0.5749184103920577,
1.1233499467678871,1.117731815106695,1.0978684089789592,1.0941163882432512,1.0666005300692807,1.0247150386248614,0.9816025125252477,0.9201750342854831,0.8777646789898327,0.817987309250321,0.7602770408950188,
0.6719524772668906,0.6672876430871124,0.6616858056521423,0.6562647672588865,0.6472971236067758,0.6316240285010642,0.608416434459451,0.5884913463317165,0.5683858229807076,0.5496993903409609,0.5151689192739289,
0.8048413406922957,0.795942813658452,0.7826085653364878,0.7736274124592808,0.7512173514482186,0.7199182236970534,0.6855438666383612,0.6517604138489377,0.6177747422419722,0.5747503824248185,0.5375483670631832,
0.46595320269410545,0.46328584932792366,0.45392818567201976,0.4523407230340886,0.4509272495622597,0.4436703356305306,0.42810055479898573,0.42375595311686964,0.42137742425249786,0.4201228481689693,0.41896778792790357,
0.865581031640073,0.8501530601850732,0.8368520615367749,0.8204340396130334,0.8006696948975972,0.7626737544780572,0.7224501693757092,0.679322314760955,0.6358397645668967,0.593326068586555,0.5603474927019855,
0.6719147538570639,0.6686198881749315,0.6688955859984,0.6672513429145805,0.6605297852104216,0.6528978068701332,0.6419305893948786,0.6309108560033823,0.6184778448873264,0.6087909751243047,0.6018439860129999,
0.7434138053242298,0.7356029496153866,0.7236139252274443,0.7148285987256036,0.6919678017131453,0.6651455051729098,0.6260306248926386,0.5775580962246069,0.5438242535931699,0.5055765048511285,0.4726577595672907,
0.9678407425856742,0.9608509586381577,0.9540436426013017,0.9440049009240906,0.9288282638780917,0.9034491996205068,0.8718454599703364,0.8352290122313274,0.7944053835598873,0.7717191826694721,0.7681403592647503,
0.7632992338323638,0.7509795231941618,0.7383453266413721,0.7266126603351707,0.6981989742946833,0.6651605804879245,0.6320047084459212,0.5964907762349487,0.553514522488501,0.5169611441190647,0.48748165520237124,
0.7249480819523669,0.7218474925861829,0.7204640107082306,0.7131792010953518,0.7028881354720214,0.6828503669058233,0.6649076698964788,0.6398537871646832,0.6146134633690673,0.5878037763044283,0.5579546863978062,
0.819790382369893,0.8095893725254403,0.8050620899901662,0.7985023528959228,0.7790705325114007,0.7554715885613548,0.7258672731040173,0.6968214483554304,0.6666633187481195,0.6468551830931075,0.6400804082589596,
0.831285834047382,0.8274351238854065,0.8220470263439866,0.8184295166115072,0.807579017571718,0.7886613374408111,0.7720203220181194,0.7504493334365435,0.7291820640107842,0.7108832525560973,0.708102536856704,
0.5509879820045974,0.5501456721593162,0.5482244649244635,0.545742014097995,0.5425792445652399,0.5337043371031643,0.5231642503987012,0.5104137079823414,0.49404631612598593,0.4767136240156082,0.46046715393607984,
0.5483549731906838,0.5336058947245269,0.5317312743552567,0.5347890441695636,0.531974840886012,0.5181078550412473,0.5139253919143268,0.504208221913784,0.4845013657597888,0.46967195158351094,0.4551139937415676,
0.763985021146402,0.755443683488224,0.7386492864803774,0.7293494855313597,0.7122102612584533,0.6807135613221635,0.6454627031917074,0.6081481849600734,0.567078742956284,0.5297682826661347,0.4970006325001986,
0.6509913805726739,0.6471110261625659,0.6428818511823029,0.6363400897216437,0.6276401160911785,0.6161760897406817,0.6001486519337556,0.5811597332014761,0.5617295501569617,0.5435651795089909,0.5197397867079387,
0.879820512431466,0.8661803467838918,0.8484152860375689,0.8304045774523412,0.8069811909489321,0.7669584551570924,0.7274382912204477,0.6835060372284889,0.6402671879561157,0.5959893429978285,0.5615774290542082,
1.043741996863778,1.0338980369650952,1.02873503475242,1.018163951924015,1.0018624349562764,0.9747798601961248,0.933606448596482,0.8883276076107679,0.831886232020045,0.7867680303717421,0.7319535206107847,
0.8246406219726573,0.8087951643521893,0.7968030689168014,0.7845139941101087,0.7580710250553222,0.7219588690184846,0.6772430515355595,0.6395003332337589,0.5926952349903578,0.5548571276922822,0.519274986175399,
0.6012075432519841,0.5947678027188418,0.5878035421383329,0.5778710360244276,0.5633145170992402,0.5437070621925099,0.522388693814046,0.49622630496020126,0.4688195536486318,0.4422141361605873,0.4186083641076133,
0.6421057879728558,0.6350650158714478,0.624577024286847,0.6156938616631811,0.600234127990782,0.5735884336431544,0.5438992905764443,0.5182595341940651,0.49192772709901034,0.46643673044783895,0.4456462689296641,
0.719177605391498,0.7077934324492055,0.6993878211899531,0.6916054832732638,0.6732480405859411,0.6487845333791065,0.621031902486949,0.5860404266144007,0.5480132948288028,0.5125345699548842,0.4763613321767133,
0.6246921172431685,0.620580386011872,0.6156789027251941,0.6114760544809714,0.6004025288374207,0.5828609446578418,0.561291431638388,0.5433206496046049,0.5204105873587019,0.4987544461931809,0.4708727466290298,
0.6620574071640093,0.6530361479263783,0.6470620030269194,0.6422189851598388,0.6295830639613423,0.6057058333295842,0.5866559172680489,0.5650680427400298,0.5496677448106088,0.5320629115864526,0.5145740155963205,
1.0188637268087528,1.0096636043491236,0.9978499255249154,0.9799333814589744,0.9523886553803151,0.9092322693717454,0.8646146515406002,0.808588812447908,0.7616187545112476,0.723980748722622,0.6817813702325695,
0.5901107251093703,0.5841897763367169,0.5778084483685043,0.5705507074035318,0.5571394742397843,0.5367676794009775,0.5158387704056089,0.49457098374152353,0.47180528994084675,0.4512002456669505,0.43406784714257346,
0.5379958674249838,0.5336884776077612,0.5275411497634932,0.5220541363967353,0.5134100674453763,0.4977863774879083,0.4823080920138369,0.46231514608883445,0.4405933033184602,0.4243198575444364,0.41049486769151794,
0.8646997686120426,0.8655959972875339,0.8594503937702169,0.8507772821677592,0.8450109287161293,0.8241369697500633,0.8098571439159031,0.7886202486034355,0.7683516339484893,0.7393940205974061,0.7180187761864333,
0.6312185422546613,0.6257997146776499,0.6180829539494231,0.6085869081596965,0.5960601569466947,0.5739206196938907,0.5531736771057623,0.5309163644514612,0.5070683274294225,0.4967127795904141,0.47801601156919515,
0.8658461293295167,0.8612233957670128,0.8499930928020004,0.8399046883676877,0.8233307520949077,0.796188054304709,0.7556936692064663,0.7104178842616078,0.6616549609905654,0.6186405366781046,0.5781792777454162,
0.8921510506055443,0.8818411720398859,0.8732800460213388,0.8625485253053322,0.838689929116243,0.8074585511076126,0.7752946305164814,0.7335373386184468,0.6960588634524718,0.6571725034088298,0.6218793480733491,
0.8011297541027876,0.7968343006805455,0.7884168170570919,0.7791817011778831,0.7664037137004183,0.7418515247048557,0.7139606678795065,0.6835018909156871,0.6564831393635909,0.6280297183894664,0.6034975133036438,
1.0027176104014361,0.9974110322713235,0.9858945817855606,0.9767560875797915,0.9627357224911631,0.9384796561151287,0.9041657182604271,0.8673622099557927,0.8244988468092832,0.7757030244541973,0.7490680944222033,
0.6419021696186283,0.6407272182639602,0.632178513534781,0.6243975822058982,0.6170550606408809,0.5971094262223159,0.5689067331792383,0.5448720561039514,0.523443830936172,0.5049602877678585,0.4789176434588035,
0.7634182404018929,0.7557680782529255,0.7487210826110104,0.7450240121298467,0.7286587807290286,0.7099794712230897,0.6801837150708853,0.6472686541654499,0.612122110097308,0.5750082887709915,0.5384000720508197,
0.5626613913827224,0.5563288497838088,0.5487110404043359,0.5399082882105474,0.5293956870347591,0.5133289438649381,0.4971121496884529,0.48142778415670734,0.4661369729802665,0.4529168973760775,0.4420055038670432,
0.6964670916592269,0.6895242820633538,0.6836896052339942,0.67776638115105,0.6702365459461662,0.6542915177247624,0.636947130409599,0.6323512163412564,0.6233625824184789,0.6222072053300673,0.6232347715184166,
0.9036227503642417,0.8958519364678389,0.8918896993690929,0.8786661677456618,0.859076163931442,0.8334375941237232,0.7968016580189604,0.7588376837043262,0.7118760011014768,0.6730989149656276,0.6335365736882393,
0.6359821507552846,0.632143984740002,0.6227482263807711,0.6155815786154125,0.6038308299532065,0.5837171968667296,0.5652735241777351,0.5476448001938143,0.5290245838253523,0.5104950583401866,0.48679094963986336,
0.7093587794350286,0.7066473797358124,0.7007305108430499,0.6954957852246625,0.6827696084924147,0.6614053211514775,0.644603579221171,0.6183950385581182,0.5945458065740499,0.5648071752986025,0.5362895921565177,
0.6154448995223963,0.606020583996036,0.5936593675600265,0.5874827410994318,0.5746236353253571,0.552179905757981,0.5274511228050122,0.5041100207689271,0.4790501103314764,0.45959651458827555,0.4372251825390557,
0.9346014975819681,0.9179412045328311,0.9020351745701131,0.880157676315974,0.8592431328213205,0.813277846543129,0.7692726919773777,0.7148178585944405,0.6526108500355191,0.6095080306773862,0.5668936503795772,
0.6468652799881941,0.6384557073023808,0.6320321472260478,0.6223848250175499,0.609993893183381,0.5867596037006896,0.5620871841194499,0.5356963886940495,0.5108202322605995,0.48609063846034456,0.4626285223708626,
0.7810460974940776,0.7744910546965881,0.7669378667125138,0.7597494936030265,0.7442192366143098,0.7193253531796787,0.6922683185760264,0.6548324072781955,0.6155087159352812,0.5841502892953835,0.5516909630130921,
0.8748876125191328,0.8746325991023328,0.8731781128315572,0.8679422603197401,0.8617294273493376,0.855646838199196,0.846822143628732,0.8307395165279888,0.8317344865359584,0.8511218199576965,0.9047883599159866,
0.6685957336079882,0.6611025647832244,0.6533029142531004,0.6426718737203974,0.6260235277599886,0.6064858173895985,0.5811267389564956,0.5584874817900295,0.5349716615219509,0.51723127896988,0.5039411250605698,
0.9233049015695054,0.9126059125918298,0.8986783284708886,0.8927261031543874,0.8739210890339844,0.8504559166985965,0.8173283277826585,0.7861038812281349,0.7519978622261717,0.7264435477357605,0.7177999699083644,
1.0703687526911458,1.0682450982867302,1.0548361186832433,1.0499272828360477,1.0330498571612314,1.0013647116394901,0.9592690141607211,0.9283823359477325,0.8682511387296892,0.8254673822368459,0.7737625080227749,
0.7471271921608398,0.7383564666439426,0.7302638022897536,0.7210678551090918,0.7014352547869884,0.6756462058065081,0.6417166707703611,0.6091513676960567,0.5753022935046471,0.5448711186358809,0.5210084029637884,
0.684913584468573,0.671674647055461,0.662935037135043,0.6498753855383177,0.6333200163543161,0.6039863189876356,0.5743779821501569,0.5381676626192868,0.5014134660304774,0.4672606189617104,0.4400259686070843,
0.4748005845387249,0.4745981227702064,0.4744368972492583,0.47275911588364167,0.4717097649371471,0.4701944657320519,0.46732974798800564,0.46554420676753266,0.46132494081950354,0.45722663878976266,0.44993857082933014,
0.542915523320619,0.5416835386647928,0.5373400196938577,0.5328814290227559,0.5251798098215125,0.513131724382752,0.4983091798990173,0.4859679318306403,0.4666277892097485,0.4548099231523524,0.436459302923848,
0.8266150211799357,0.8086414580556958,0.7924222483151865,0.7736256384458607,0.7514938059536433,0.71381384585054,0.6694008855022123,0.6194738661401115,0.5748353276702819,0.5439599960650991,0.5021572226300687,
0.8467708541635351,0.8500995608385903,0.8530277378778134,0.8535885480272647,0.8563811699102366,0.8516722892845946,0.8496053758087438,0.8521037185802699,0.8668301363871468,0.9106684404168306,0.9594108570338301,
0.7338172966727725,0.72687477793001,0.7170939248437059,0.709947453462693,0.6972089914035865,0.6745230496034915,0.6495188167049477,0.6205732936077247,0.5912913532906222,0.5604917913442304,0.5284250416503431,
0.8632002174655511,0.8542679692622387,0.8461714525435106,0.8388737821656045,0.8208118052195194,0.792500426322916,0.7607171525464353,0.7192911535378258,0.680410404825707,0.6559230971039599,0.6351969582356803,
0.6852112156337715,0.6849702737535793,0.6809158753422455,0.6774751909817143,0.675513033578895,0.6655535687005564,0.6558402086993349,0.6429024057544606,0.637015697932029,0.6338741571099238,0.6400043156025205,
0.5781978060974854,0.5719055728107472,0.5690062690740332,0.5617394831999857,0.5516329064716908,0.5372808813895094,0.5197571241986418,0.5079360207650768,0.49143405568258003,0.4757289705470793,0.4632939248941816,
0.6988779834181063,0.6937073885513291,0.6845233639806134,0.6780343200073303,0.6688775559104086,0.6522889973633005,0.6334768918607874,0.6063777952462934,0.5877503593255994,0.5696178003156562,0.549350729339615,
0.8579950617131644,0.8532499614374232,0.8479995743843811,0.8420190618499275,0.8276349823824604,0.8003546187259362,0.7757522906392478,0.7396667562130644,0.7096628496430278,0.6781221435692101,0.6606479350636695,
0.45570711756412086,0.45119009280562833,0.447872164930385,0.44322466501636415,0.4361907763342346,0.4268409783794321,0.4163272957427971,0.40900602400070585,0.40343665623095026,0.40159712206847437,0.4034866968882624,
0.8012961039965305,0.7960635456553915,0.7816717489964323,0.7778864779154339,0.7558026081744199,0.7310512759248239,0.6998099988145818,0.6669134897958716,0.6362780144231376,0.6048748365261046,0.5685146440009428,
0.6036823436105796,0.6033072066147823,0.6005581309012052,0.6009554858620181,0.5969229251238873,0.5912409581301888,0.5847293176889035,0.5741825003050792,0.5605389816455685,0.5419842834988636,0.5213256890822232,
0.6080688573075755,0.6022452050228465,0.5962258738145721,0.5869144684576078,0.5755252361530675,0.558473742312752,0.5390413985675552,0.5226661922982581,0.5019871256306815,0.48670468122019744,0.47061341674660057,
0.89417841031718,0.8754918915793151,0.8583389409565453,0.8383030136987906,0.8157759214846046,0.773331313454652,0.7265108786547588,0.679625882567408,0.6210464192060513,0.5719776249300479,0.5228352694926311,
0.7046081300128109,0.6952191144289311,0.6838821164661123,0.6740070819202241,0.6566400438415511,0.6326940447638818,0.6053424889155246,0.5793893724813479,0.5466547957768154,0.5183171249519264,0.4852837261568426,
0.5078434465927715,0.5025086476148803,0.4969268878258921,0.49144699472038583,0.48121907123655777,0.46696774753733766,0.4556019275877571,0.44019225860453454,0.42652954741433835,0.4165395264942155,0.4098003779630182,
0.7983026270965681,0.79387506875137,0.7925144757758416,0.7858356278766656,0.7732748736376698,0.7509037801113251,0.7263158134848714,0.7039807355878495,0.6852891110187875,0.6542945575860415,0.632208135608178,
0.8057223465349772,0.799637065631776,0.7949239955477243,0.7810050571144073,0.7649177349101395,0.7418871696026842,0.7153642176671785,0.6849398879948163,0.6577115374370683,0.6417377610006794,0.631171733218276,
0.5871721262304284,0.5829773107554496,0.5759109252943955,0.570608111163043,0.5642040830393478,0.5457287703858523,0.5305912507591051,0.5068674914463926,0.4910755923340298,0.4750472439678893,0.4573489119706511,
0.6463430934597347,0.6399180257549554,0.6338579115137475,0.6261443636033873,0.6120102655548632,0.5908795340493206,0.568723945509494,0.5418009834964209,0.5088340695431941,0.4843610576911919,0.4569809257998927,
1.011854651116576,1.012643940454767,1.00279074350904,1.0000221845139285,0.9847873566821762,0.9610253392469711,0.9293942839524512,0.9032915673038562,0.8632210294206873,0.8454799507839652,0.837315780963806,
0.7204964355778845,0.716141621107961,0.7033682964825854,0.6914290731438935,0.6777956217794141,0.6475268928550061,0.6212376683548411,0.5883113062203328,0.5571537768552028,0.5304087625929659,0.5056509642211201,
0.473642639502749,0.47232927532169,0.47054037618574274,0.46895648359759085,0.4659843572162815,0.46226075024584573,0.4569455163220242,0.4532153803645065,0.4476106151204303,0.4431417443232813,0.43844923395526925,
0.9970594259065089,0.9932396405452,0.9780272162644178,0.9631563922721059,0.9465789793764587,0.9116169424804066,0.8774728015510728,0.8393480069311835,0.7969626462695439,0.7732733797417198,0.7431719424679101,
0.6477940981086664,0.6398963636503495,0.626254122999185,0.6188086739960267,0.6023667249959235,0.5783089540218039,0.5498654048023678,0.520392069563617,0.49411773533520903,0.47738090050141574,0.46399382076315376,
0.6991923060392781,0.6911497178206952,0.6845774823076668,0.676023600910361,0.6668604091943111,0.6471167082236903,0.6249076289478493,0.5984084957262129,0.5720483289297442,0.5635323888362377,0.5477011998634144,
0.9336080904221874,0.9176897328169437,0.904125785860901,0.8913698745896197,0.8634255498554322,0.8269593549824765,0.7939293849166617,0.7444484365648417,0.7004997490656395,0.6489417583390485,0.6036000161432143,
0.8608335267652499,0.8562910274705152,0.8464787664080157,0.8396958991028778,0.8257972775838072,0.8014861625127853,0.7637430040094845,0.7203889837509544,0.6766068578240304,0.6503815081960842,0.6148645189709937,
0.8077268199343444,0.794307785242431,0.7825215244872011,0.7737216590857193,0.7534913792193403,0.7280019383691597,0.6944590336047766,0.6529840570195721,0.6195519245293235,0.5751549422464114,0.5343481230977619,
0.9906640008157797,0.976819262552519,0.9728069047943417,0.9560573031738631,0.9385648625263423,0.9096532120981533,0.86964939960492,0.8387167127157346,0.7998274958873672,0.7827026593864302,0.7735753255980599,
0.5626328826921914,0.5526436067450204,0.5437138982085409,0.5344621905537129,0.520580352018747,0.5024083985571343,0.48272435401079394,0.4638417919961266,0.44443146322272514,0.42695637381891627,0.4151978834641035,
0.9132464117369793,0.9029370085087283,0.8899782680152692,0.8742041705229451,0.8564344412974955,0.8255229920461062,0.7892328108244364,0.746915175858973,0.7037919811550583,0.6662916207670806,0.6390857140632156,
0.8310548261303384,0.8260415638795621,0.8118112132008858,0.8090572384000866,0.7969005142122668,0.7735136186747734,0.7453345076244096,0.7092421638910374,0.6773945013935636,0.6470404121946004,0.6031986897287582,
0.5496405864049312,0.5449175931610946,0.5407532504006773,0.5305777030584755,0.5231992586297222,0.5113378517630868,0.49786320663628514,0.4829646968847858,0.46819213820272554,0.4534563918600076,0.4368918292714596,
0.5721299810659931,0.5710913600762675,0.5709981089597008,0.5653805770256858,0.5621854125206175,0.5532422288592213,0.5417153248764037,0.5313830967174247,0.5207105050472706,0.5076598602486627,0.49098349552049897,
0.7429114034215811,0.7302057316737735,0.7199709111762088,0.7081070813578568,0.689518791223587,0.6621070165362412,0.631134067285293,0.599223492605955,0.5663898868443549,0.5334156552509715,0.5011804020552794,
0.8545291710221468,0.8532573517489811,0.8494432088904132,0.8426175195288259,0.8337420329078642,0.8138414795683084,0.7966304908158275,0.7721239075189479,0.7537092696406149,0.744869458075689,0.742160789096567,
0.5181848303798181,0.512358444643543,0.5080678029311275,0.5022072827421896,0.4941146555387747,0.48095477107706064,0.469473016769611,0.4568234741158128,0.4436281319413285,0.4335153024576117,0.42479724385595,
0.7414826830423479,0.7295508152352629,0.7198515530144629,0.7066329308484082,0.6822143317968336,0.650739907574155,0.6178947954368215,0.577076267243339,0.5414394303131222,0.5103279141251694,0.48042325717354484,
0.670208337625733,0.6719997619286099,0.6677793930614684,0.6612149990477548,0.6511368751201223,0.6383089355266285,0.6255392785271388,0.6037170051066818,0.5920281379892401,0.5835885349215532,0.5554097704061512,
0.5819473830568923,0.5782206626881697,0.5769444278097917,0.5733817928489903,0.5673398218526035,0.556138405562952,0.5466518389971822,0.5366073570528911,0.5260694448518367,0.5128955610029245,0.5039027245765951,
0.7810489483765325,0.7750395461572934,0.7661578538300352,0.7595543430103574,0.7449956318585821,0.7214077409556813,0.6942022869015207,0.6671293753112602,0.6324889679017945,0.6035051654562348,0.5726271202794077,
0.6363332980084332,0.6375435259114687,0.6402778636761303,0.6392374651557168,0.641216582974542,0.6376862833447096,0.6347773879199143,0.6378969881116429,0.6400288595649866,0.6419972081660026,0.6414051476694084,
0.7153508714137101,0.7084761941785102,0.7026215071080264,0.6918731675788107,0.6780949042262878,0.6549548755455055,0.6266283647898593,0.5984707544242018,0.5691216872853796,0.5539182700469131,0.5398159233288341,
0.8749141744881984,0.8663905931126773,0.8579625689309051,0.8471797150495768,0.8311686513381061,0.804308277783526,0.7716612165637378,0.7373269906627342,0.7101070365055324,0.6750750729104813,0.6466279582494073,
0.5800166310968375,0.5766942815444286,0.5720446616488234,0.5658703846135728,0.5519753668175467,0.5378606409935169,0.520556686227703,0.5021058437272858,0.484491097012948,0.46202376623529917,0.4409138862087281,
0.8824763270805791,0.875904834375139,0.8627821180383032,0.8550248163408664,0.8366468193012104,0.8105294671465774,0.7791246109983205,0.7345210553932301,0.6945331512511789,0.6574190279496925,0.6199103848788319,
1.0822777450926666,1.0715540358646936,1.0569003418828142,1.0427197232152947,1.0197602175700444,0.9796369290347369,0.9476351919289194,0.8930886133074288,0.8617616270295281,0.8136659250221473,0.7861956321552374,
0.5164365788770191,0.5134109935221853,0.5092569931005118,0.5047413817513933,0.4963673138053776,0.484717266576326,0.4707970895243925,0.45633646820889867,0.4413263639799767,0.426498863182732,0.4139815299696163,
0.6756080311048871,0.6676381877907758,0.6593324648917549,0.6524366212414325,0.637086016189833,0.6146301735610445,0.5883900109877045,0.5619707162525217,0.5272263042288184,0.5077329335392099,0.4868303967586522,
0.9167044392832399,0.9034180565357104,0.8946759227498734,0.8777545187079173,0.8605179239761953,0.8261562514306436,0.7852821535038138,0.7432777013667254,0.6891950499153292,0.6534884870196709,0.6186614987870345,
0.6012176325064212,0.5954210795527431,0.5899706267968455,0.5827654961363041,0.5725099142696036,0.5553089789217699,0.5381551776019858,0.5167810009277342,0.49792141190380945,0.48357025146227706,0.4720045197040572,
0.7163868471937063,0.7096845743066993,0.7015954128947118,0.6943482680979892,0.6864289053228697,0.6636964999834183,0.6435574176830456,0.6245390177011284,0.6085335001116604,0.5918784372824474,0.5714170276474771,
0.8431913976461222,0.8317394191231124,0.8188856679230991,0.8043344265026272,0.7858706137283624,0.7593464377745288,0.7219908627059154,0.6852214012547868,0.6565132477209622,0.6263273318066954,0.6130667297865268,
0.5879752149147518,0.5839378850920874,0.5789689246257311,0.5722550218667293,0.561714720711821,0.5479836103673316,0.5323388088729031,0.5118637668265127,0.4911333468639073,0.47239664858828334,0.4551148164916973,
0.7479357428606075,0.7457650147117141,0.7403951466267369,0.7326294164529672,0.7200092816420569,0.7022711343198368,0.6769239808235218,0.6491638208158991,0.6335644349652013,0.6151907891245908,0.6027222873351208,
0.7127332303926526,0.7027923178263696,0.6940657760689727,0.6852991546602917,0.6661422781629761,0.6404473124239649,0.6085298993548413,0.5747348125105225,0.541085359053036,0.5135287330261395,0.48833096743837057,
0.985958389857201,0.9829832689233182,0.9785106252398149,0.9633489374249681,0.950435953219939,0.9297235767779274,0.8960628732759865,0.8623635750883727,0.8301680364735109,0.8017918486165515,0.8052134532704139,
0.6352019462077536,0.6269818222239947,0.6191337409631897,0.6074100192142332,0.593714566945121,0.5701022388666863,0.5418697472254728,0.5113902408808872,0.4803619247257723,0.4554549535963613,0.4281174765028494,
0.45883946062877196,0.45638787859068897,0.4533582625326518,0.4492442322782752,0.4435138502647563,0.4348408044071763,0.42664343137968735,0.42082101996028354,0.4163803268291819,0.4141222446080325,0.41225150113504244,
0.7026328951814483,0.6900042076163729,0.6784822050322041,0.667670895972751,0.6486202340221507,0.6225473653830016,0.5922397614577025,0.5604793688433702,0.530647742341498,0.5031827284783195,0.48195511566257593,
0.9175117617282754,0.9051054675142116,0.8930895288742559,0.8797674848276867,0.8579275059336899,0.8241525928504251,0.7876218042563581,0.7473115205450189,0.7038157741731486,0.6647935029473305,0.6206247271165767,
0.8833541005738613,0.876175463663538,0.8630930112982869,0.8522245269991405,0.8305860362112386,0.7992159916021361,0.753764923590271,0.7075382637646376,0.6605853627978134,0.6139564746949929,0.5650359477800031,
0.6461922362260952,0.6380037098769258,0.625049683630809,0.6171825589136823,0.6020046118741754,0.5794280297051166,0.5611328640765019,0.5337142233768805,0.509517220475792,0.4840630260359526,0.45524207609221384,
0.45661918369067184,0.4536440543226534,0.4509397411690634,0.4462111465809903,0.43797434116247463,0.42470111318245973,0.4129119883586209,0.40544653484596016,0.4019306455812558,0.4008196095945161,0.40108420058292316,
0.5439543057921747,0.5405488368034829,0.5401665670148676,0.5408592374019194,0.5379463594677927,0.5321363703397751,0.5217285298798454,0.5096636441435815,0.4998903224436132,0.4889612544644019,0.4713427574808606,
0.5897873418862785,0.5892216331710076,0.5877829367351968,0.5878086298993397,0.5823280817565781,0.5682582666984797,0.5573959662571876,0.5452969847591846,0.5292677815303545,0.5249112798238863,0.5058368714357413,
0.8395006938578066,0.8305488810509095,0.8250380377324379,0.8143253363121541,0.8046917182435771,0.7726743080528186,0.727326426835144,0.6926349948654458,0.6664807900892866,0.6470888124208511,0.6347256522772158,
0.4436449872864398,0.44135066651672616,0.43729351656208937,0.4348508336878636,0.4301270372330619,0.4235201883876085,0.41406780231050516,0.40696062437806846,0.4032524757190326,0.40213641156274993,0.4006610946186566,
0.7425502047228022,0.7312596202272015,0.7263605185685685,0.7194851885319302,0.70475256845493,0.6757792880464994,0.6450300378934722,0.6100243527771647,0.5787659397691324,0.557561071457606,0.5502536839979596,
0.7981764201058541,0.7913574254473412,0.7832037186747344,0.77752911678255,0.7551333970856116,0.7268014004091442,0.6905353280198044,0.6651474649439527,0.6533035429725985,0.6706684955770407,0.6597202062964774,
0.8576951373544807,0.8484015159408094,0.8381171646977091,0.8260225356201877,0.8122348038558042,0.7796659447161444,0.7495975214728099,0.720322310246268,0.7013385204599145,0.6908664011021999,0.6837437362875372,
