0.8352881187903087,0.8269907559987969,0.8081101005289577,0.7757765118268707,0.7316796483965404,0.6908271069239991,0.655459565016211,0.6180315991188577,0.5844430688847303,
1.0727078105194403,1.0595060150117863,1.039680413157697,1.0054648404742994,0.9658886203547873,0.9355929681789668,0.8707744827007236,0.8058838582002619,0.7668044645490327,
0.7122572613042726,0.7095514960074685,0.6994220412225791,0.6791225654124601,0.6614685480026745,0.6374491806462882,0.6081022833622781,0.5785474817727874,0.5515622593622002,
0.398141172755549,0.3958257694443903,0.39238242328747663,0.3899705875648585,0.38738623418750784,0.38705919392519333,0.38774528378427586,0.38896234888978637,0.3896133179802434,
0.6761569610391884,0.6666090598455823,0.6505897903561716,0.6310252434629499,0.6121979166419492,0.5732917628082457,0.5511800593097244,0.5162848115193198,0.4916205178232425,
0.7664261209940083,0.7653165561499106,0.7520600266035805,0.7300863922158016,0.7139033734782055,0.6874321146381496,0.6477466250758387,0.6259232122169687,0.6025751213086469,
0.6276367940925794,0.6206712193532966,0.6101272362019993,0.5917942412889943,0.5739055306249571,0.5569686260188634,0.5344380360029356,0.5167018756453473,0.4912049234806619,
0.6417437196376624,0.6378006154721312,0.6312809997883213,0.6239183882033811,0.6109798083627214,0.601918142158637,0.582031093935103,0.5682945449381408,0.5560106711463596,
0.8008906805519316,0.7891233512907337,0.7784389772576606,0.7606855557291783,0.7335926631512848,0.6984244864840035,0.663090610079414,0.6288534328400217,0.6011097326216593,
0.5603842536161215,0.555460911496372,0.5489259623045816,0.5359996384738033,0.5202162283501659,0.5029041169315207,0.48356035225291766,0.4661309361683013,0.44615980879514544,
0.755779146714553,0.7462029383228211,0.7295669768791343,0.7114670396660597,0.6931527511890504,0.6578138467513966,0.6265890466554999,0.6045397486280705,0.571043960216533,
0.7067064298237923,0.6940834634882554,0.6738994556531545,0.6555280876158165,0.6260084178304163,0.600852403135709,0.5720847370084365,0.5470974602851338,0.5242407164142586,
0.7193931335900114,0.7040136470683439,0.6930006719663895,0.6659274056999027,0.6388616579171752,0.6119023670150052,0.5824147720909671,0.5543370626291291,0.5240898868861867,
0.8668268406801771,0.851036586823766,0.8275442382237884,0.7971012241334243,0.7635545894155285,0.7201840384932456,0.682757174065799,0.6360707628829898,0.5936315333859381,
0.9204308287276991,0.9204573321554387,0.9078962728912825,0.885411308170787,0.8757679782506669,0.8490660363943375,0.8291159044814286,0.8126712954552385,0.809449275180941,
1.0371402286410052,1.0319276290140456,1.0004415998259746,0.9660874307581643,0.9153131955535061,0.873346634383614,0.8154717703889514,0.7650232553668586,0.6944233040507325,
1.0462404909591139,1.043156343107687,1.0276536745862934,1.0040327822744661,0.9719175750353534,0.9404343446955136,0.8992586493268112,0.8563599623958326,0.8273529789776785,
0.8375935897309855,0.8241826800232496,0.8073943198007506,0.7760244175904688,0.7372157346643036,0.7033977370847143,0.6661482456004065,0.6263105202082747,0.5950433693627667,
0.5060691623554908,0.49961374698798683,0.4877602101301246,0.47444651664259974,0.45974636186028145,0.44654085006735883,0.4341655528385006,0.4228971416298319,0.4114255785323359,
0.5064593618223218,0.49241800852710416,0.49362096077747103,0.4819795225764194,0.4709878378587009,0.46033433520246536,0.4529235677373233,0.4409638459118672,0.43197823464278123,
0.9380781703283884,0.9263257471323604,0.9236823119904637,0.9083549729013921,0.8803979242672962,0.8471688024182379,0.811748946840478,0.7634168940272555,0.7260361589733287,
0.8967618706225176,0.8891955290282759,0.8703244614312989,0.8512230790502274,0.8279537074585513,0.7952809187083333,0.7559145611842335,0.7185684023037971,0.6918609234927838,
0.4326326381253353,0.4294278340042495,0.4261585589367747,0.42062621692614915,0.4149950966996097,0.4129079712484742,0.4132851274904141,0.4139290603335028,0.4153643101733888,
0.7904195286532619,0.7879430351290034,0.779106647486608,0.7507011705342801,0.7308345681680747,0.6977498777744158,0.6701393121043526,0.6419123481607806,0.6180358392971066,
0.8868843746991872,0.8833359389969454,0.8776799647777244,0.8692330264550351,0.8512360680447334,0.8329379081970313,0.8241485438470253,0.8058293206237973,0.8338841492578132,
0.7789639362335036,0.7644698127877388,0.7500965692644312,0.7233029533406691,0.6901508976875443,0.6584950128810351,0.6279596787533765,0.5868349796537531,0.5587030133873142,
0.47347087670371235,0.46806978417185774,0.4619340888914419,0.45181518948805177,0.439967294426231,0.42605475621492267,0.41585128001867955,0.40612983644607886,0.39955966632729095,
0.9059050197681866,0.8890134885175384,0.8699878641436888,0.842337048296453,0.7953302459306486,0.7573557411869775,0.7131948724027775,0.6638069787420862,0.6255861871340864,
0.7543792504766326,0.748059533214046,0.7378990840609507,0.7144375812130906,0.6925444128111103,0.6645637800865523,0.6334106028981702,0.6002259410789135,0.5906031009738801,
0.7663687746984502,0.7549948523186734,0.7454281101827949,0.7368802719271934,0.7120548824174758,0.6889208455002862,0.6506004967199733,0.6202252907411255,0.5982793167247209,
0.873649906535546,0.8681594964563102,0.8556998419519601,0.8417446917757975,0.8147280436877313,0.7954402179497567,0.7559627414016382,0.7065231279334392,0.6836590208355666,
0.8471398951633953,0.8432664117633876,0.8285134799243979,0.8051219045036082,0.7728750805023745,0.7393966279482515,0.7006453749125278,0.6740046608684995,0.6443677840447432,
0.5774208836642759,0.5713638437002341,0.568899492243241,0.5623426621700851,0.5551696807836373,0.5490043463766433,0.5436108332447421,0.5501744133080965,0.5479564915744405,
0.5474838820510687,0.5453385128805103,0.5411706983410036,0.5328981575426825,0.5236413507304377,0.5100685198000674,0.49651456914819186,0.4817149161265983,0.46963235915008755,
0.819997506674151,0.8013912110904954,0.7925676972410342,0.7679674181187647,0.7439387488238914,0.7084294190660669,0.6754693626666517,0.6336264385222009,0.6050295118505297,
0.7291756043376608,0.7152896534967556,0.6947295455986883,0.6785987547758738,0.6458509889549089,0.6135391284154503,0.5667109682950647,0.5268618794168227,0.49806167319934364,
0.6512813883043638,0.6474782146682582,0.6427392146161417,0.6343279023924078,0.6186535068623266,0.6088220522584901,0.5874555135231183,0.5723074002686418,0.5709255759941859,
0.8953469530922429,0.8651144506488857,0.848644700611624,0.8221534569775046,0.7763653191956434,0.7349593440840887,0.6896954314694,0.6439389347021138,0.6070707710204447,
0.858429124485285,0.8490636708080694,0.823535983941855,0.7921136729697053,0.7618330944936786,0.7196669238001572,0.6613264776353658,0.605454128109448,0.5647000474612512,
0.9998136696964666,0.9848184677060337,0.9695390238173601,0.936550275542067,0.9032298090209755,0.8594099248948502,0.811505720087187,0.7611994308052964,0.7202446898600253,
0.7918476526189037,0.774703169488217,0.7553859714487984,0.7205834594146815,0.6840087988186926,0.6465273950838183,0.6084525826485331,0.5761867175654078,0.5367155613816899,
0.5767841255289963,0.5666869364208094,0.552602451116787,0.5386905965004068,0.5227762637825116,0.5046311152981967,0.4867428260007276,0.4690760825500878,0.45380519609535924,
1.1619239069170004,1.1455171326053484,1.125896649323027,1.0877713482720583,1.0478071421897437,0.9910034253672007,0.9267627513282417,0.8724729817604527,0.8216780241143563,
0.6742363251561694,0.6710366789845369,0.6607899606648316,0.6465211605469967,0.6230130437873033,0.6031277559135997,0.5691935797744153,0.5459825154588763,0.5249209142029846,
0.6658317608184298,0.6556503222048561,0.6448183535096426,0.6255201676267778,0.6005391205543805,0.5763812171998212,0.5472236206547562,0.5206573823942273,0.49686133235590996,
0.6722947758980627,0.6659851370748404,0.6552462293561951,0.6358375752630928,0.6157512484352928,0.5932505921751628,0.5586420714874871,0.5285653540804723,0.49570326988146013,
0.6004592098926643,0.60038430919516,0.5958661134200854,0.5925047857739905,0.5839885372367515,0.5715146462583713,0.5636972071272284,0.5505456027807395,0.5345662622061385,
0.7745826595337403,0.7636431872044586,0.7427432459238108,0.726327014555104,0.7023373939060688,0.6720149165093313,0.637227548714418,0.6046435815829702,0.5887330633411987,
0.5663105341532664,0.5638822611625304,0.5591673698458243,0.5529862159357187,0.5433488466550479,0.532373810083261,0.5207675526649229,0.5057282000577596,0.487902691376785,
0.9509683949806159,0.9400740384354839,0.9242556287997908,0.8909644425259076,0.8555484813431952,0.81945373046992,0.7803997230914025,0.7439541914248131,0.7106155076217765,
0.6113559369846804,0.6074362829810155,0.608333945764626,0.6071662277544496,0.6025284660670657,0.601284701165223,0.6044479451484132,0.6099142026689579,0.6274184496368029,
0.7868157031943568,0.7807890752623328,0.7650144641185396,0.7501620558707662,0.7250435707948077,0.6962217484257106,0.6690594266391718,0.6364782578797964,0.6174048693675407,
1.0094580672784894,1.002652920914229,0.981836094498223,0.961723368473223,0.9272450460969425,0.8887595161896353,0.8464670214346154,0.8194235232347654,0.8098244499868006,
0.9137557765514281,0.9013057091622904,0.8881724027550916,0.8596002990282131,0.8292164970238165,0.7961505639477353,0.7454891411116545,0.686885221270099,0.6447532225884718,
0.8611105268847103,0.8540387132523102,0.8373201018876416,0.8177269080307468,0.7863899750151446,0.7483360726530521,0.7114093152298073,0.6772312747760306,0.6326799933194063,
0.5024912903115119,0.49739093210790725,0.4918082427585279,0.4806030410480805,0.46874859420912574,0.45636837035309785,0.4416242912855688,0.4323630377529046,0.41731505566518173,
0.5372915395930011,0.5364771512813399,0.5324531131559511,0.525253548525982,0.5148902669086625,0.5011057502246061,0.4814068810582994,0.4599738061125692,0.4378373715752107,
0.5573273342482509,0.5549615785730301,0.5562297208329755,0.5537912017036225,0.5530827497463073,0.5474187824496384,0.5363510527550133,0.5261184612177076,0.5113339727762719,
0.6316442465608275,0.6320175541905051,0.6321650406272498,0.6272144119272111,0.6180661354563195,0.608688132998336,0.5990513993048551,0.5851530668555047,0.5691280448798471,
0.6827757412694038,0.6691160319487303,0.6546250076224615,0.6330789582684576,0.6079208157690142,0.5839739550332274,0.5539411549044179,0.5249030037697018,0.49989461527858514,
0.6231466787106286,0.6141203431398659,0.600806187300964,0.5826832136373236,0.5603176151413161,0.534549900267707,0.5012860085266938,0.47777289520829114,0.45192232839040863,
0.8129472134613988,0.8016052717030511,0.7877957742546222,0.7613647464722821,0.7299092979548799,0.6997900694204616,0.6624521840757797,0.6204161912472869,0.5760943721029665,
0.9219074460093524,0.9148890811688836,0.9066132187007758,0.8798735234287652,0.8474506244496913,0.8225921263169618,0.773337537017375,0.7394922675517497,0.690685112643432,
0.8422431275641689,0.8322444737004204,0.8168941364769152,0.7880735430272631,0.7517197744389673,0.7185041945555467,0.6832553902023569,0.6442653186020683,0.6113509392724709,
0.848742815998686,0.8316020547992821,0.8049064866708544,0.7735219245554668,0.7350048284048223,0.6958735229936108,0.6560946576835117,0.6121820986032862,0.5763052009803037,
0.6832448649382145,0.6754046383691295,0.6641355351559263,0.642629014473621,0.6179415513303977,0.5917333708645488,0.5705435092277995,0.5505415604596055,0.5311669647861976,
0.977120500632209,0.9656054708659809,0.9455974380195988,0.9242018709120873,0.8899245410767636,0.8498718957308766,0.8106952127772752,0.7744942237553168,0.7528245958946558,
0.593197011848084,0.58400221909105,0.571076021465675,0.5565354372579405,0.5357293049587516,0.516754842576993,0.49581089492105535,0.4799798050155138,0.46633924801788795,
0.7002630263386058,0.7055993478379069,0.7050016619926225,0.7021369779444913,0.7021431710111807,0.6926247288012295,0.6823724358144466,0.6901559828609457,0.6920436607572948,
1.0191445342096663,1.004834806414394,0.9741533293274077,0.9334386765470118,0.9007795750749222,0.8564902619523718,0.8092265752938946,0.7462430411090386,0.7044445154265865,
0.8915668262184424,0.871995252132058,0.8403578636222768,0.8063564683719533,0.7715019485506328,0.739000877018842,0.6844022055804809,0.6471069432554645,0.6169343848071005,
0.5664244440102346,0.5592451477698607,0.5498925222519728,0.5331433766434128,0.5149889531778886,0.49077144626222974,0.4607664216581863,0.43774124011399107,0.42088036374714893,
0.5980477580244616,0.5939378299052298,0.5840743246639137,0.5784534717148092,0.5606342457221889,0.5471834125928849,0.529080320101155,0.5064459955625504,0.4790701139613181,
0.5871294018224005,0.584828508786595,0.5733544974201841,0.5575200170307175,0.5434507098785626,0.525561563936151,0.49454343966392456,0.47403580333357487,0.4510937980753652,
0.9447272826301404,0.9393812768794451,0.9298730439569557,0.9136630670765554,0.8878655332635921,0.851651689096712,0.8105481788232374,0.7731829081777244,0.7446704131311858,
0.791863442270822,0.7896651085313073,0.776330584560186,0.7651009139054382,0.7446865206262441,0.7246270189964169,0.7013316738485078,0.6819443581224098,0.675319742373169,
0.7930799155827422,0.7935936992776113,0.7901329764423304,0.7852926183086499,0.7708910966678378,0.7505892661930222,0.735013497973939,0.7093430884006124,0.6897651504488402,
0.8358570173994632,0.831797434042463,0.8156567138842623,0.791212114702799,0.7640884106860334,0.7328763681154457,0.6971444747456355,0.6631789003700226,0.6374117649347786,
0.8996921638488151,0.8891145943677202,0.871796181536939,0.8413286580421776,0.8087375280376429,0.7674197139728325,0.7235641991688635,0.6797758090430495,0.6351210642238003,
0.9880474800807371,0.9773880534697061,0.9658772266490734,0.9389650872865196,0.9111737459077001,0.856298082339615,0.8188689831627393,0.7693263300856651,0.7259096952034088,
0.43717363100752443,0.43552179319355355,0.43142341557194563,0.42760702138727946,0.42422196602941087,0.420756102852213,0.41882592002965374,0.4181851805703799,0.41824760398074695,
0.6669497603299495,0.6614453562209339,0.6464736700233009,0.6316136247625337,0.6127928928222859,0.5911687812555745,0.5628874236502562,0.5306490538374168,0.49733890095559596,
0.9465095306237126,0.9404955792011546,0.9321800116109524,0.912151570248476,0.8840956151789924,0.8543314753720203,0.8119561132415254,0.7628359278658394,0.7248858402203631,
0.8377100355979815,0.830671040193328,0.8170807421805814,0.8055204065559587,0.7848558272774355,0.7591886880148693,0.7384072470363153,0.6958567675783073,0.6741648703792884,
0.70641091880421,0.7022310338939967,0.6941742568333185,0.6796155696448563,0.6596265754677887,0.6411873655665169,0.6168548487537373,0.594710794733916,0.5750565542615899,
0.6461360520749816,0.6358260766080505,0.6267401709680441,0.6110249943356979,0.5910802558819687,0.575101681647519,0.5567786134867531,0.5370490908455777,0.5209704539162862,
0.6975784321844888,0.6871337493540377,0.6765954149973183,0.6580716778840691,0.639298058991208,0.6105046543472825,0.5868269738764842,0.5653770687776131,0.5644737198656442,
0.8123036073156625,0.8026598559662773,0.783219121667139,0.7628906367194788,0.7418993577604996,0.7048463269479315,0.6647398657998989,0.6190284983269566,0.5782061511593454,
0.9921943520898362,0.9855800040800083,0.971874565811752,0.9464645179825827,0.9219392674297922,0.8836307279044725,0.8375583338706795,0.7859216696148295,0.7401948858872244,
0.7335363541995136,0.7203755276362266,0.7061749575779669,0.6868280451974591,0.6616802687192107,0.6338590438854351,0.6015650763270901,0.5666510349160403,0.5349113571848609,
0.9713198004932018,0.9819328740010604,0.9709410851438413,0.9628962098413453,0.9521669190518613,0.9408213995162543,0.9207552697372708,0.9278172818860083,0.9679197637568243,
1.0638459371648883,1.0588137959711998,1.0398352267486755,1.0033108456507147,0.9716384844062599,0.9362755626371905,0.8973714944010512,0.8326931401128785,0.7912594545147089,
0.6197742184350996,0.6124044601053417,0.5979096340180184,0.579279404104427,0.5590750161341428,0.5357806275857714,0.5115514201091694,0.48900437210863384,0.4722033607110621,
0.5596277490351228,0.5586288037858754,0.5466130940147795,0.5344559628984602,0.5193636588126644,0.5070534695933481,0.48977957336825195,0.4708414543073284,0.45749913428589845,
0.7570864665227924,0.749789366396358,0.7341735944845091,0.715053647807159,0.6947222306928211,0.6662383881040448,0.6369359442043169,0.6094227038838872,0.5980553292880051,
0.5851884616029236,0.5741670720354984,0.5647660362326584,0.5453847959396206,0.5231942357127867,0.4991360530827878,0.47559109150018875,0.4458295632069819,0.4312802542658096,
0.8214121233461257,0.8140244127018574,0.7972335037926112,0.773624882961822,0.7393046430737945,0.7112213693109665,0.6646253156034985,0.632833029643714,0.5997107400382656,
0.8251947131228501,0.8183566280543403,0.8098835838515924,0.7849035577546499,0.7638558527454385,0.7286516080138613,0.6953003543974611,0.6518730336899852,0.6457217748278883,
0.6884286079858676,0.6868642955401038,0.6872646835574505,0.674668362018596,0.6622480653169744,0.6531536183365053,0.6374988797115567,0.6248538763496158,0.6308252987503733,
0.6341664492354417,0.6270811928079326,0.6170786287306889,0.6077223749601813,0.5912047275949532,0.574574879509527,0.5495662040106718,0.5252887319699654,0.5007328156323632,
1.0301504009018836,1.0124772182021067,0.9850583715706596,0.9587693160430736,0.924118244745525,0.8721433278935651,0.8197118007964411,0.7711514297740458,0.7459079188658216,
0.8352680308164688,0.8222685735122162,0.8085550348395413,0.7822286949659928,0.7446991898450795,0.7000590925342133,0.6603914712161958,0.6115540773387922,0.5683252658576492,
0.48079369191089333,0.47661122474856366,0.46962084451935937,0.45945342984630877,0.44395086179618715,0.43132932309322697,0.41651013641560297,0.40377141032387553,0.3902129369608533,
0.7723506055722625,0.758732685410076,0.7445575747999288,0.7233867708943477,0.6864883059695431,0.6501045786371623,0.6084084474528095,0.5584025818489332,0.526544679597002,
0.4815986230255444,0.4782406497269334,0.4728458526021216,0.4647152221641069,0.45582303480296843,0.4471193373509157,0.4382462103866819,0.42538995121093864,0.41506298488307175,
0.6936161489335674,0.6929259742881978,0.6843315327579801,0.6720814112406387,0.6564508189845607,0.6369515974999894,0.6207046823547137,0.6043471300330947,0.5966563347298723,
1.0394937134196012,1.043346289145995,1.048443812882201,1.042782448277325,1.043410533798897,1.0314485766708195,1.0142355703489159,0.9988590121989256,0.9889486696943202,
0.8959509672706827,0.8542686216347405,0.7886728478681673,0.7409560922378304,0.6888169153528234,0.6616575263804714,0.6140031201986912,0.5911759989363199,0.5455740463780319,
0.5060602863659688,0.5010416604141107,0.49331039835836393,0.4808392254049901,0.46809434203585437,0.4531800294973915,0.4386514412553862,0.42587927642562035,0.41691316724925287,
0.9114548983634304,0.9087193072040212,0.8877990790535293,0.8660738736517857,0.8413153887413278,0.8145597412352207,0.776634356779502,0.7381867964715335,0.723743926231656,
0.5950682682344114,0.5920864285104953,0.5878223088719129,0.5768953450316756,0.5668661544817636,0.5563011836809445,0.545117562569816,0.5354648917341408,0.5439552046766457,
0.41836438206737175,0.41570743556413065,0.4112231911822451,0.4054224669200484,0.40049071906651984,0.3980085355267348,0.397598751546576,0.3993461169602936,0.40414125716455523,
0.8249440418346103,0.8150161004840774,0.8036699423822332,0.7785850168726947,0.7540831327331405,0.7203268465144533,0.6868919831726568,0.6437232406069487,0.6125913027733008,
0.7640350352469162,0.7550240216963809,0.7476948731705655,0.7299158827900939,0.7134310499738402,0.6913359470179282,0.663264396071495,0.6459152438043352,0.6382574150013137,
0.7875544675436524,0.7788130232112046,0.7665261349731439,0.7437025672920728,0.7149915361243653,0.6919795236422467,0.6513841419757074,0.6144145229956782,0.5837756842411159,
0.5714071956810522,0.5672905159347471,0.5569675859831704,0.5416583533860188,0.5257437857133711,0.5040778852086861,0.4848489933922979,0.4684691525062632,0.44414285150598776,
0.6165295686992568,0.6087667662263042,0.6006659482101754,0.5864979319509516,0.5672966177463571,0.5492461152710139,0.5438746616427339,0.5190902663050951,0.5058510251955397,
0.7204768683163798,0.7169018023616142,0.7058966404618706,0.6896183997873596,0.6686877638419558,0.6379604619909757,0.6097949751923831,0.583112907697425,0.559918837530284,
0.5722366762485922,0.5685351523419165,0.5547110533903015,0.5456906129435368,0.521995122588931,0.5072085896324473,0.48787725251373776,0.47079739092810907,0.4566577925224807,
0.4836558782762168,0.4787690694698869,0.47034991378464497,0.4625418057368937,0.45134565663734216,0.4384992243008307,0.43114752583879196,0.4176216669583057,0.4094553370922555,
0.8277787854145334,0.8232719354612695,0.8068207955947512,0.7761572869124498,0.7454567118791563,0.7079344798429194,0.679314157099277,0.6335306660389144,0.6103105133104163,
0.5795708178263377,0.57690334770201,0.5751172870254141,0.5673291180082879,0.5595172308214199,0.5472708551011654,0.5410902405431302,0.531450103145574,0.5255183727186028,
0.67908997256009,0.6758708895070583,0.6671685880534893,0.652398298856608,0.6327043221705352,0.6188515125819938,0.5903792741626793,0.5698351806025489,0.5444651876151707,
0.5718985777047605,0.5672847802221787,0.5653298565712026,0.5568499984349796,0.546204635031649,0.5355641416295905,0.5228642195453601,0.5133076067267491,0.4974566417186934,
0.8406271888705327,0.8251883942240714,0.8054551132043964,0.77111403891549,0.7322115265911835,0.6953981475603088,0.6401145527369708,0.5823909304562392,0.5461694810087346,
0.7977189947887712,0.7955413705175789,0.7779625073144774,0.7566386442709097,0.7411516681556285,0.7084435936298455,0.6739007991067291,0.6410677857218035,0.6238251521763618,
1.0159742290948153,1.0135687918989493,1.0120019478678084,0.9994593902843505,0.9806316463657916,0.9427722146845733,0.924901738644549,0.8876924666462944,0.8632070106805461,
0.9676631284051432,0.9534387932845726,0.9307914624605707,0.895469958847119,0.8614772869808736,0.8099786741252485,0.7643881580657111,0.7174919213965861,0.6757070368462411,
0.7564420984354405,0.7409386042751208,0.7213512313607623,0.700717033961742,0.6691659750801812,0.6410383572340609,0.6117895064854529,0.5805237471078429,0.5472402377077582,
0.5353077218205909,0.525742551988461,0.5178024090012944,0.5044620629047475,0.4930837011339069,0.48059481297285495,0.4732983319944153,0.4652553499515783,0.45665696741108003,
0.6551582193707497,0.6448829933947905,0.6276179685020509,0.6084399681349163,0.5804740338447472,0.5504035547431197,0.5180271729634185,0.48431786962551676,0.4530928699256041,
0.6537894762552189,0.647850885522878,0.6363839973904418,0.6170646582983615,0.5996614542596782,0.5748851270266905,0.5522617665985988,0.5337451518135155,0.5140715217741421,
0.6581276383183752,0.6526225157277894,0.6406434847203369,0.6214776261646162,0.5995051032027271,0.5771532339207982,0.5459285796322604,0.5229510050046288,0.5021675474186729,
0.7197361755218035,0.7159472173746328,0.7077795963416027,0.6947378589178588,0.6805950451806908,0.6640145240888011,0.6420031783378726,0.6120913324366649,0.5905466315027222,
0.7207734856964507,0.719063923682898,0.7138941283722003,0.7049710814761361,0.6917557109646967,0.6724033476455595,0.6435741867156359,0.6180774356093001,0.5975676559213564,
0.7804225562663191,0.7749805985113575,0.7681437577650387,0.7563137812109713,0.727460552765036,0.7084176991787151,0.6758139648598913,0.6496925554245544,0.6298529989711437,
0.8591689613856268,0.847306289808529,0.8328748628508827,0.8111839417010136,0.7900620287593082,0.7599767101548526,0.7495319786783387,0.7116721277845729,0.6985039808491861,
0.878313503117017,0.8617554721223568,0.8357801857463669,0.800075645245491,0.7633418018494588,0.72497355482101,0.6695238158544004,0.6123533318348685,0.5516478978038235,
0.9545160693956437,0.9482617245755738,0.923984211596613,0.9012906651289012,0.8714126701235831,0.8316562448500391,0.7900928399406634,0.7397339101636804,0.7050068775338941,
0.5566961426611022,0.546451375466943,0.5363796760099404,0.5176367580740449,0.5026289898697103,0.4861399084221565,0.46617894824273687,0.44846696955235404,0.43631187085070083,
0.6265715194735284,0.618442197618891,0.6137118376246653,0.6039792058274798,0.5948871816459298,0.5901387889970164,0.5833859937217811,0.5988721788287731,0.6169005575039397,
0.4851635023910197,0.48216272503349983,0.4769862503848518,0.4680605711234396,0.45880713565905235,0.44750057677537547,0.4358049094653586,0.42699510770133386,0.42123289850080686,
0.9020726462704779,0.8864972219789954,0.8702743926993658,0.8380970032434207,0.8098607473317233,0.7799426736605238,0.7343939512974481,0.6819122030735048,0.6416102252130883,
0.5525032398237768,0.5438841789944122,0.5322377052775611,0.5147827864578337,0.49270535520372144,0.4709472779479406,0.4481004809151627,0.42955887270765863,0.4121763607074731,
0.9668363444718109,0.9672219309997819,0.9606127843931326,0.9494246597246103,0.9226105593516394,0.905240011246522,0.8678413753604826,0.8330894459365811,0.8320417575760011,
0.6371155939552553,0.632405553588591,0.6220962304151195,0.599579501149669,0.572348563034739,0.546759905380855,0.5213629011990156,0.4981725717051111,0.46833087427623415,
0.49790742429881546,0.4940395289281253,0.48906730000820964,0.4817421866374041,0.47191663701838027,0.4604028146579807,0.44905878260906734,0.4402077326857555,0.4291618251569975,
0.8351799356768891,0.8272100540996273,0.8071694533166105,0.7843558963488824,0.7514920712296439,0.7067169866433174,0.6757012543592319,0.6210507715550067,0.579052287648336,
0.7907628844169413,0.7790197008549731,0.7636080022113062,0.7345823468067642,0.6984280351383859,0.6697542299324378,0.6243486195467374,0.5816863669887192,0.535643632595388,
0.8643492144814908,0.8486676335171743,0.8291575674976969,0.7940895508694633,0.7592520038417345,0.7270164734495201,0.6939582183496076,0.6536327938548272,0.6033355543437194,
0.602052436072934,0.58181663906434,0.5553792009553074,0.5040369485717969,0.45202838091598596,0.4402235285616818,0.4257753566840489,0.4139571365106285,0.40565401969180265,
1.0219092066390671,1.0189828525881655,1.0060837896968178,0.9878283480370247,0.9602568948251131,0.9204882317598528,0.9037507867062474,0.8629268211724634,0.8438799397428424,
1.0345284906505499,1.0180340173927378,0.9997452855392164,0.9614798719190623,0.926906791348298,0.8715379392781892,0.8115893954658759,0.752151702628613,0.6959618462752969,
0.8881582141042985,0.8787183730952206,0.8611996219988098,0.8337332671484897,0.7965748548380602,0.7589013351112303,0.7165130685874408,0.6718227336350554,0.639212224845015,
0.6639742386813106,0.6552402305794922,0.6408868810397772,0.6264103426091445,0.6067266702526617,0.5844015704126521,0.5602958063021974,0.5431280557641041,0.5232435789689408,
0.5597868997200038,0.5546861564955395,0.548038982172278,0.5346608389068036,0.5256630313149578,0.5074287361970256,0.4910338332142399,0.4741878110035034,0.45639687841097537,
0.7730490496199443,0.7694126321317503,0.7527635388492482,0.7398777951761873,0.7125322692109561,0.6844812770355078,0.6600719046246777,0.6223633936955778,0.5952886479243371,
0.8877415953781815,0.8868576496035718,0.8819396975459852,0.8627381881044733,0.843114391100653,0.8171579924133521,0.7956230013169892,0.7669701331489516,0.7615973642957794,
0.7468451840256383,0.7369544037264432,0.7178091710292656,0.6950090418505117,0.6625601940792255,0.6400180874993449,0.608186797372392,0.5708083603448812,0.5376438633278225,
0.8203904159093993,0.8098962299097391,0.7918385865675744,0.7714682439549396,0.746336165889712,0.7195188263575176,0.677317431820327,0.6331724576007257,0.5878333961389941,
0.6545641493332128,0.6412572079374314,0.6250604831813505,0.6007773203332772,0.5765886412874527,0.545060762217091,0.5088132472331157,0.47416122608770517,0.4513175802441341,
1.0012083136602006,0.9838886401046687,0.9568296607632369,0.9168020545640638,0.8680776961624493,0.8204291793503738,0.767541199626728,0.721671317126429,0.6841224161425147,
0.6972555415651869,0.692295124847154,0.6862048842388322,0.6736523305020338,0.6570651216690552,0.6326170367193559,0.6062714370560928,0.5770151889911423,0.5651566313937711,
0.7877719173538648,0.7759624827722247,0.7597906400955485,0.7285389140162762,0.6976480326332835,0.6566879115271502,0.623664614401469,0.5919179889335323,0.5543808584542755,
0.4255034099576102,0.4253043115745537,0.4252025642358636,0.4244104136578513,0.4238486298338729,0.4231904849057491,0.42259708593149653,0.4196750879759284,0.4146773375855209,
0.7740969333241049,0.7684528068990133,0.7643717230257082,0.7538384053961638,0.7326646273399847,0.7135762544067239,0.6962433339657477,0.6769861928191694,0.6629060134168749,
0.5566251933670114,0.5530855911640543,0.552572025385969,0.5502854082884904,0.546195878892738,0.5470191860111991,0.5401147182434494,0.5358564812520467,0.5343331048196756,
0.8126631497805846,0.8001823089027101,0.7820728353091709,0.7529324563387998,0.7150265178755495,0.6793347122361943,0.6465580036968331,0.6063180703619843,0.5662691945608277,
0.7996055479276616,0.8003518185106941,0.7947471558266107,0.7830779206242882,0.7653221059002931,0.743157068061632,0.7168340251317898,0.6935777112558575,0.673362263874705,
0.777919061454717,0.7678593289167264,0.7463930357981261,0.7176395090034161,0.6852894130350543,0.648356913685263,0.6058727875140697,0.5670409876489565,0.5365782451714535,
1.035863784808844,1.033318522468236,1.0219922035010718,0.993349250577899,0.9584816515978922,0.9244574420124936,0.8834554835921719,0.8379688563429507,0.7672276089559389,
0.7542791682700547,0.7423854431093722,0.729171719372712,0.7087055966354477,0.665887625833972,0.6373083386240479,0.590871386699363,0.5511563761727805,0.5220132655609742,
0.8232236816339338,0.8133326762409895,0.7907491278942386,0.7634375905315544,0.7300888114912004,0.6870882777339211,0.6574606715170587,0.6255983513207437,0.6032008166272793,
0.4924304125068642,0.4922494408213984,0.4903604330472169,0.4866460893162758,0.4807369652181788,0.4742106115281919,0.4654441196881068,0.45591246156323634,0.44822400094765263,
0.5150874748957763,0.5103811479490322,0.503627222643788,0.4920893510342148,0.4817859548819494,0.47061467806028656,0.46012254937236924,0.4507873451743328,0.44607748273371783,
0.7237432285153903,0.7204832810316076,0.7061758049241138,0.6830688917665741,0.6582802765323391,0.6265720078702269,0.5964825059400045,0.5811932072248993,0.5558759939065775,
0.7458054647633716,0.7324112780484647,0.7152467291413903,0.6872894659489112,0.6496956348771258,0.6181710873083442,0.5889031023256508,0.5513157060146378,0.5203573471622878,
0.7348426922069334,0.7323037271184801,0.7266286668316522,0.7216472935691544,0.7055190661943435,0.6896038281569838,0.6792113425950174,0.6664646663519008,0.6890603175184881,
0.944680865870385,0.9421268639067003,0.9361522918324121,0.92194174978173,0.894580363612968,0.873463742961999,0.8419008589073793,0.7978593465222545,0.7900851709530913,
0.6544782427104335,0.6418850255321681,0.629402183523263,0.6130619240295874,0.5941656779989525,0.5711336859682696,0.5461691082261412,0.5205778672684881,0.49388169223914297,
0.5949025261464864,0.5873504470390204,0.578962187152232,0.5667539582594064,0.5518965321973663,0.5333802351560591,0.5165358191021877,0.49611652155721253,0.4842221224039608,
0.8090407395604079,0.7990128962050909,0.7995641928512925,0.7760476340189607,0.7590631278749763,0.7345163537325703,0.7071683487825736,0.678888864283391,0.6640817783785398,
0.9685510917073789,0.9531560753424605,0.927858906323512,0.8874889634727141,0.854959417112889,0.8160951280526139,0.766650674006334,0.7058472066148621,0.6563096367666044,
0.9635529161845896,0.9610998265486587,0.9484078479657265,0.937478789487328,0.9120641214834339,0.8792608733182123,0.8444734923884023,0.8145505681538242,0.77759244028887,
0.6616923188623925,0.6501093496345584,0.6382496747657052,0.6204000597120073,0.5972761998398817,0.5696556751293445,0.5425824108294895,0.5196658417009813,0.49838394316524587,
0.4768097016334127,0.47424358515399434,0.47205241248996266,0.46747462391718325,0.46209955535125097,0.4567155751524095,0.4503851098197681,0.44385413078469904,0.43773874471238605,
0.4692953698591675,0.46443688038471226,0.46174566896306246,0.4561592555208166,0.45100693507267164,0.4447474774736816,0.4397425447604412,0.4337061030975809,0.422818073865896,
0.9602362882238803,0.9509015924599189,0.9412051652270609,0.9208137831455326,0.8962091319769334,0.8675693838618036,0.8239031025583211,0.7888909292411626,0.7350265712748792,
0.8396255290588164,0.8319778705827167,0.8149847426652254,0.7943539906321561,0.7614831235468524,0.723475628880123,0.6844481469164873,0.6464984786437306,0.6028713337732111,
0.6263988363711348,0.6180571360858768,0.6104230206937109,0.599192323528643,0.5863250647312162,0.56837897848229,0.5511281765264382,0.5346230695233791,0.5176712606362807,
0.5934915549556936,0.5854167600720885,0.5739973696499528,0.5578391891779985,0.5383833836993264,0.5218389938516856,0.500426441757131,0.48535033268898214,0.47173689634182586,
0.9794059345843767,0.9801067638683681,0.9688794726168211,0.9527683836314371,0.9273370786314751,0.9028669672827389,0.8706578400701277,0.8182226662267564,0.7773756084461726,
0.8311913758631073,0.8222015613230655,0.804832937207172,0.781010782189978,0.7513830123503807,0.7201190688071659,0.685390024925344,0.6473284275121567,0.6137125529454799,
0.7791254447763103,0.7707158917608575,0.7549896942075254,0.7299997746129843,0.695001628367063,0.6671671346956463,0.6315846816915326,0.5910956392217185,0.5627037508063215,
1.033026609104738,1.02286376296015,0.9943129827771869,0.9628303831775561,0.922602097484868,0.8743276993687434,0.8285649065372039,0.780173626272976,0.75030180913466,
0.6355152151101405,0.6229792134417717,0.6028298500874003,0.5726160854737609,0.5423437833596558,0.5085061931254571,0.47216432632225147,0.4419834897055017,0.4219625664916581,
0.6050646296907862,0.6052195624171549,0.6045006679486156,0.5991646474056649,0.5905853058851391,0.5819050819839482,0.5700823148894657,0.5622742184017647,0.5499183918884493,
0.7233678244294551,0.7153270334657966,0.7044775987983039,0.6855170713180799,0.6632786755275003,0.6353257337833895,0.6044756520738568,0.577567126434539,0.5584652845297103,
0.6431306745675682,0.633553217188008,0.6187333595172548,0.5960030222003302,0.5713591930305526,0.5430238258561094,0.5160876602780969,0.4880901798756088,0.46336186830086556,
0.962873141133897,0.9486265190818829,0.9210731013778807,0.8787015181310743,0.8288058385400258,0.7731376654964637,0.7084669342578189,0.6533927381796588,0.5980875070852834,
0.6551878016044357,0.651519137487055,0.6452119546516331,0.6346812084887474,0.6214562594851647,0.6039112362355697,0.5864128987784065,0.5701714873596345,0.5596891295703363,
0.6834069950639273,0.6723719513009407,0.6622147720132032,0.6414260454063897,0.6147269448330784,0.5918920674421434,0.5594051786308891,0.523347045354383,0.4986128930368421,
0.7998800818213497,0.786409204163235,0.7704431008296524,0.7518418983315305,0.7278299020023533,0.6972130092648432,0.6651918787211388,0.6358949709451686,0.6198466242996922,
0.6998149415809339,0.6955733007655922,0.6948761483955919,0.6880957202109371,0.6776789159211521,0.665711893043553,0.6512131500427836,0.6424012752473057,0.6355974439534484,
1.05212430252271,1.040351528071134,1.0268069700904179,0.9945834159904094,0.9609933122272066,0.9245109238071626,0.881376252945812,0.8324216748577998,0.7922201579131151,
0.8606791972892552,0.8524176472424615,0.843280899007359,0.8240289714799871,0.8053322455792603,0.7795554043975861,0.749016294228465,0.7246267509178037,0.7169571815068194,
0.7957579756190212,0.7933514295636686,0.7883477181408807,0.7746915607304623,0.7674270035916652,0.7445054241833913,0.7309936941511396,0.7111566078196396,0.6946792855165742,
0.4741001814513548,0.47274328550090244,0.4694269919490149,0.46424458864172324,0.45843808732907115,0.4525330258399323,0.4450514389974818,0.43714446094384035,0.42926018236338104,
0.6364525775527325,0.6334600043920695,0.6256311375687142,0.6132902422502737,0.5968411495386341,0.5805694597810345,0.5571049674673016,0.537197557622638,0.5142131404058912,
1.0278483571043064,1.0227412334423442,1.0146714624501143,0.9949552764808911,0.9670582727065543,0.9409784504952242,0.8966475898547407,0.8357957440055399,0.7940376661172259,
0.6231330630058843,0.6173669398390035,0.6027550822449583,0.5836820518349637,0.5614751483329872,0.5423644642552051,0.5221389320608802,0.504327100910274,0.48887737984365365,
0.5991568037320544,0.5286214036934682,0.5097567784916157,0.47078105300077006,0.46832610535693675,0.46587192946646594,0.4644272142672926,0.4623287725089206,0.4604352790126429,
0.7296942502963029,0.7198541599754812,0.7030974186246042,0.6765519152000944,0.6512589238187003,0.6207060368351218,0.5845302779071958,0.5486272533446709,0.5160045235348136,
0.677252378168892,0.6750216703333456,0.669574969268297,0.660655534916659,0.6468446224549429,0.6352760136359866,0.6219810746049061,0.6098339884568678,0.5989767658039522,
0.6102484616509254,0.6035584495566648,0.5926027719262127,0.5770448790592333,0.5551990134518225,0.5310917083312489,0.5094987860903741,0.4865849591694778,0.46615173524624204,
0.8514263674973629,0.8379947981834034,0.820928901557872,0.7970072633841072,0.7693844548012256,0.7373521329636776,0.7031889649718415,0.6707517541562598,0.6465377084633914,
0.9035809175028146,0.8905694835196079,0.8702765970155112,0.8400562138010663,0.8054227091913796,0.7693396939010212,0.7277678576910648,0.6889299648846196,0.653785607316236,
0.7235615681330628,0.7178958697779745,0.7151347019134152,0.7068286809896788,0.6974370200401262,0.6877636441946547,0.6852865061832836,0.6787426165067488,0.6810730032604012,
0.9478577849104703,0.9276192944681908,0.897168332452166,0.8586578683439626,0.8217025268211576,0.7778525462202913,0.7255626222105593,0.6692511467381067,0.6188145378374981,
0.6224003668441817,0.6194282695908483,0.6101584018505188,0.5967650095065076,0.5786024088611444,0.5590642279047734,0.5375859320257975,0.5177987763100692,0.49863373356111645,
0.7197890226784015,0.7092460998515832,0.6980065517272596,0.6799771625998163,0.6595313004800776,0.6319182801256912,0.599559950396705,0.5761026885208611,0.5643312577843783,
0.7244838652920601,0.7172576922720759,0.7071436188746979,0.6897440843751705,0.6709526674978363,0.6496574896781755,0.6272419406271263,0.593419397312408,0.5705078891966172,
0.9677026151177103,0.9610463439250095,0.9515272882822211,0.9278411135886591,0.9057928655404067,0.8701674311891977,0.8251074681655044,0.7858023950891513,0.7579771054722808,
0.607882716374127,0.6013939813300487,0.5909846183079698,0.5735311203431585,0.5542046006398472,0.5321502479858065,0.5093241574404733,0.488729231007995,0.469161481979626,
0.7810296192927546,0.7726831519495964,0.7602421682198824,0.7423593072072544,0.7119396670669966,0.6833578203306327,0.6460583686270835,0.6113084966954033,0.5803465529263875,
0.5424193949523195,0.5371341534462672,0.5286890290451309,0.5182590917485358,0.5064808388087987,0.49238637532317714,0.4796248632346912,0.4671913136842206,0.45737289506598244,
0.7098836697003301,0.7050885480269838,0.6883412647772579,0.6716184913174071,0.6450876982816263,0.6201802906661198,0.5898631752876663,0.5618118327335071,0.5398785705452511,
0.9546766929236543,0.944015568065745,0.922766623331256,0.8889021193308121,0.856715731892275,0.8139095437726207,0.7678024509944956,0.7187315594634776,0.674267261229837,
0.887042410080883,0.8756286653458936,0.8586334819171284,0.8236789985354805,0.7856802407942084,0.7449112020085559,0.7007246907093051,0.6586296065258007,0.6143415031103316,
0.4351328165009219,0.432482383054592,0.42818047497573386,0.42261667241709555,0.4160464099121124,0.4100278486027031,0.40587329492148433,0.4021548541556945,0.39850564260790805,
0.5705939014568224,0.5653832122632361,0.5578213666908965,0.5458038781726102,0.5340495683283798,0.5204050734387862,0.508797595735694,0.5004776063355999,0.47458408575260963,
0.7844437513963516,0.7802499375457012,0.7733276810439443,0.7614379493133544,0.7472077667029884,0.7258863539850604,0.6986503312815783,0.6836803630893378,0.6741519731311499,
1.0132972173327273,1.0011280578703932,0.9788186039371408,0.9510999438912927,0.9139906024205156,0.8729313311444605,0.832668767263451,0.7991622707605982,0.778554758209803,
0.7212207110691339,0.709090224786546,0.6949940429137813,0.672285353234993,0.6478433855693129,0.6244981567537563,0.5936230402184715,0.5566739859302994,0.5206323909316611,
0.5638698621682713,0.55865553505964,0.5487794483121946,0.5350154544902435,0.5203070071487054,0.5008645640253425,0.4816324845129144,0.4617889719809714,0.4450328015523089,
0.9769170115899977,0.9595286213313787,0.9269646341813215,0.8809081502379306,0.8350229094047389,0.7811921088091593,0.7350128700969358,0.6860288246417864,0.633619424121623,
0.5855976568896929,0.5812896807582031,0.5766916512752431,0.5678344876095504,0.560613324717029,0.5485077096145101,0.5391784414172249,0.5239550357350291,0.5035052111669778,
0.771431959835511,0.7676432637751385,0.7564080120185052,0.7337946570089666,0.7103629957422222,0.6831678618449306,0.6504661117039771,0.6222527015371105,0.5949609850491063,
0.6897439001199235,0.6783482781344947,0.6625475779212755,0.6378277136979222,0.6108404753651141,0.5819558318229427,0.5531865465446656,0.5205181397729576,0.4980466017311314,
0.6259631807686946,0.619600768483535,0.6158687913734341,0.6010556880561703,0.5836028341800119,0.5645326266465451,0.5456637788803632,0.5216779330185151,0.49875484833916234,
0.7910036999990168,0.7820732051984487,0.7665268190904106,0.7396002213980593,0.7139464768698989,0.6728646311647092,0.6350961973225975,0.5862638547748925,0.5406353926416123,
0.9095912086968178,0.9002953356434142,0.8822917080610829,0.8512474065240822,0.8194489499114368,0.7789820859421918,0.7348312414784627,0.6781299326023427,0.63018596566511,
0.9268412183404794,0.9107585604388473,0.8904216367022604,0.8625133336953253,0.8258185841880308,0.7789978180463547,0.7416671585699911,0.6998843259073225,0.6589826880707155,
0.7315958936420314,0.721564031153485,0.7089509772351837,0.6874534774931835,0.6664035233849626,0.6353180818359476,0.6062067553599337,0.5849894091941481,0.5700786672073564,
1.0472710599442785,1.0335318177401018,1.0153149994484287,0.9905195133940674,0.9532998050159895,0.9130494581122305,0.8616165578527958,0.8080495661833392,0.762470926085762,
0.6654933224813266,0.6612896267269046,0.6526463370587525,0.640904652607666,0.6280090584540126,0.611795580516917,0.5987750729309957,0.5816953984205327,0.5670154233868752,
0.6956069291447163,0.6880556793314193,0.6784648024111172,0.6647810834889549,0.6484917432728079,0.6303783114295778,0.6188629180433848,0.612161655978943,0.609973628612785,
0.8277821155557867,0.821339162639032,0.8016327810411705,0.779092161272,0.7553214721988692,0.7217250871725643,0.6799012206968259,0.6457726535561675,0.6237550043530786,
0.49270556018643574,0.48948359558977744,0.48412725946407414,0.4766000802998754,0.46723564211749524,0.45613130073481073,0.44448887479482885,0.4323137330848263,0.42418582810473426,
0.8679300349290854,0.8674548894875342,0.8556071209563504,0.8363629718506698,0.8062235491658843,0.7767425480801531,0.7419164677812344,0.6954907588495278,0.665896001682401,
0.9872998272431307,0.974192273530813,0.9462944253654708,0.9190288567849655,0.8803077747175717,0.8377436675298745,0.7914930680707499,0.7447002410302265,0.6959565328783622,
0.757744659666154,0.7518683105646633,0.7346668330836653,0.7103991593228202,0.6850508737651949,0.6526998710098424,0.6119856077352096,0.589024510690055,0.5616757492281715,
0.6898399429704891,0.6793482063281032,0.6624161604354778,0.6428193572737241,0.6154219790833421,0.5895850035918186,0.5584213611043156,0.5316184383648064,0.5053786290147627,
0.8562689113981196,0.8493497771905663,0.8322960681088981,0.8092659828618283,0.7854774784694831,0.7490896375314983,0.7135071623582832,0.6811152335049409,0.6492794430377374,
0.5460302011183729,0.5419821859487821,0.5366025352004535,0.5291036413627416,0.5233239721072325,0.5169151637916097,0.5142479162102483,0.5137877134117326,0.5155647623095618,
0.5524551307067922,0.5497085968369044,0.5441929103191718,0.5395099711018796,0.5351706077055567,0.5280760790935624,0.5270405725129667,0.5297916441961115,0.5294399485460115,
0.7895513747011125,0.7786025839923109,0.7630624767761682,0.7405602023196202,0.7101885352103647,0.6761386545505865,0.6375726453268825,0.5922842999469239,0.5591636913217856,
0.8062068339931271,0.7959561807277329,0.7787838449240205,0.7516222690996672,0.716693075119434,0.6810173078146734,0.6332888707683025,0.5870776269630963,0.5520374034950501,
0.8179495936591724,0.8053675635033778,0.7847930214720432,0.7560493816805881,0.7236015480106393,0.6807954025569651,0.6335852166524756,0.5893322328716781,0.5414261430345062,
0.4378080327007933,0.4369762968608752,0.43588325489707314,0.4342061859290748,0.4326644066882889,0.43033839710105337,0.4278971718113852,0.4262831086946234,0.4262968845582161,
0.7435266426848327,0.7307448286412654,0.7177111199253889,0.6996323739996819,0.678234369926507,0.6533613721211523,0.6281706577698658,0.6019349296147013,0.5795372841895624,
0.6828628064698772,0.6783940287465025,0.6714395170753364,0.6573812673033934,0.63839422823927,0.6182461327341345,0.5957865937129931,0.5697762090391382,0.553974349573601,
0.5381864763529592,0.5199429775386315,0.5113296052772673,0.5049737287591097,0.4940610028811244,0.47310933175132003,0.44889857917157006,0.44006424012652545,0.4304251236767775,
0.6567565394422815,0.648256447401592,0.6399715419982123,0.625312235710946,0.6076178061001718,0.5846867650954238,0.5629225072675293,0.5380924468989797,0.517727188351719,
0.6039751364880168,0.5946355829242119,0.5826421840484876,0.5617592283002254,0.5434244259752894,0.5199711821411215,0.4938541515392904,0.4733209576798557,0.45845441360617656,
0.5908096420934462,0.5877594703841263,0.5794966430956437,0.5692953353317882,0.5571476218268337,0.5447858361685755,0.5322720507546543,0.5228344801556104,0.5095838227708496,
0.4241996201939602,0.4234102376545054,0.42289449374724536,0.42216415654931494,0.4219627862511876,0.42220023587504973,0.42324764519935426,0.4233474481260114,0.42156355358851444,
0.5453707446110743,0.5439477010724756,0.538657993355632,0.5328583151686432,0.5241958125124501,0.513221423395585,0.5020291569317735,0.4900824003467848,0.4750308281329988,
0.5279973846208871,0.5268203561206699,0.5249718387451688,0.5194562432536238,0.5127416529650458,0.5052848238059112,0.4945249089125693,0.4816050583900846,0.467991448270813,
0.8735173023036215,0.8663021958582168,0.8539909029622571,0.8349704709622371,0.8086096660737098,0.776700270591229,0.7337747176079822,0.7000734573537347,0.6673670116587381,
1.1180761781543402,1.1119011339640532,1.0950512391824785,1.0651645630442281,1.0286838293934657,0.9886882927796788,0.9530080088800628,0.896695689969002,0.8450400824403992,
0.5266194318560865,0.5260556972843315,0.5226420067607329,0.5177064631586279,0.5100645994193105,0.5006069244821465,0.4878518529138539,0.47442196492524163,0.46276782630473035,
0.7095503863433243,0.7005823118508921,0.6929427913847472,0.6807432889622509,0.6617971194750184,0.6406797255832632,0.6276409063264404,0.6095753458563661,0.5905837416444428,
0.7924391964261733,0.7547509078352388,0.6624029583862783,0.4816565800423185,0.47955865512429485,0.47455219648940183,0.46692763519092906,0.45793964675955845,0.44902390833481653,
0.7702387196366479,0.7596373830787996,0.7424613872004393,0.7201726492917456,0.6985421320321333,0.6680246773080467,0.6396339504720645,0.6091065676137126,0.5801767964891247,
0.8485478706671443,0.8391350202879327,0.8176426383945843,0.7972628954515624,0.7629904624117881,0.7282370962579181,0.699212166382464,0.6556984029944976,0.638876386922763,
0.8195982729188196,0.8112339487178876,0.7999542053270762,0.7744251847863253,0.7452539120415945,0.7185236837126385,0.6779417235444896,0.6373989163402987,0.6077355418897509,
0.9433650486680267,0.930031868415374,0.8992242807955858,0.8640935702115959,0.8257896835446317,0.7758220241918945,0.7250409539515116,0.6681617990003845,0.6233758038488706,
0.7048111139857538,0.6995148106273975,0.6939484521187547,0.681234661150239,0.6621502531083949,0.6471657193246115,0.6204641797200545,0.6038634637531731,0.5840876841468193,
0.6899145833474007,0.6778113555636113,0.6579856897592735,0.6355994611698563,0.6128083113488138,0.5830020628195871,0.5585801653163998,0.5330335702291206,0.5110475997586669,
0.5594817456460013,0.5562117305678375,0.5426334051147187,0.5280190765785527,0.5109511322071545,0.4925476325806676,0.47507060876758356,0.4546982792106747,0.4384183529060248,
0.6088140851984636,0.6030587668639973,0.5995990434471715,0.5891095334943333,0.5794994423642336,0.5662099041485802,0.5550380646817342,0.540052074049553,0.5278213383600072,
0.745175075670183,0.7323101299915029,0.7174342502635407,0.6914714334902785,0.6633009280336248,0.6253022602916903,0.5789464922894021,0.5457450812407385,0.516335667390279,
0.7654914531880562,0.7585045460017392,0.7440388326255245,0.7265026376876843,0.7055150915101027,0.6781322039103226,0.647642835215033,0.6263908525822902,0.6113526315776074,
0.7753326972556465,0.7730377046445157,0.7642620631330196,0.7473141540713368,0.7226155408121404,0.6929441052185354,0.6640112170735628,0.6339923338806598,0.6095959826752626,
0.9660704962570961,0.9553165777813607,0.9451488874066694,0.9238676753650508,0.8891272086123597,0.8532920395460083,0.8150882020993141,0.762693012218963,0.7334686246975666,
0.731110634991441,0.726443584223286,0.7230630860362001,0.7081230390748833,0.6949856733589448,0.6767374078117215,0.6582087507431967,0.6452755866905898,0.6338027468547242,
0.750755496555925,0.7411131529883912,0.7256511105304979,0.7027960687562393,0.6776409147476311,0.6500754937338673,0.6166824541179391,0.5884170752731638,0.5630984807052735,
0.6321085105735925,0.6218947962294346,0.6080709232080874,0.589083006997095,0.5649210434012262,0.543312375050579,0.5180134109051783,0.49724424715740134,0.47422599126678977,
0.6954953151630336,0.6862028918802766,0.6723311197241645,0.6439266966918669,0.6161209272011027,0.5813844362640057,0.5456934847075614,0.5093710974425577,0.4792985476220044,
0.7584554185681381,0.7520421779228419,0.7376492321112921,0.7179534754081597,0.6899402167174641,0.6591599226995242,0.6162666887290955,0.5902277140018852,0.5630277266475309,
1.0067887570982281,1.003295890039294,0.9939851122437668,0.9744726371897835,0.9477223442851325,0.9137602149114448,0.8760490375530916,0.8218168314581176,0.7953395106929784,
0.9298470337666538,0.916172901165288,0.9014402646933521,0.880905321449133,0.8465732987994891,0.8139927456755061,0.7784813284759758,0.7379071000818456,0.7067014428615719,
0.7706308897435413,0.7538437772106227,0.7332869052324577,0.7018974974204863,0.6715324292807212,0.6351990122515946,0.5934284675384373,0.551406860076794,0.5129816539997826,
0.5225117764555101,0.5201523148408234,0.516702186894529,0.5104942938060846,0.5042331954483056,0.4949069355006631,0.4844262421078422,0.4735762200433141,0.46144237657589315,
0.9458852005457326,0.933285666602943,0.9108877337658359,0.8721611778628248,0.8319109914191233,0.7868167886653643,0.7437956885731494,0.6874313507338081,0.6307582881478258,
1.1309477879394159,1.1190575813721795,1.0975151468974795,1.0685097488353992,1.028375600647693,0.9835077291994183,0.9273397396160256,0.874482951697137,0.8185914561527481,
0.6750837778264569,0.6675745916301643,0.6595032099848591,0.6479824699834001,0.6306212331107005,0.6111715490200126,0.5882071130397882,0.568975363304121,0.548779867162919,
0.8083628735285008,0.7963539408021096,0.7787934315403247,0.7513329562179037,0.7209954800468013,0.6845147948125102,0.6565967396180661,0.6168218343260784,0.5814215450766897,
0.5109494476885754,0.47768435634038475,0.4564458865343085,0.4379814360039497,0.4322107119050555,0.42524435819026624,0.42115165081502365,0.41911218818795715,0.4191533456493321,
0.8690729033808626,0.8508918638182159,0.8294957721383495,0.8007055387088685,0.7654247082947087,0.7238540101808807,0.678916200928608,0.6340696714063017,0.5952017103774482,
0.6724185726881361,0.6681919560835917,0.6685145521832583,0.6599852523564719,0.6533705306105297,0.6420826804233905,0.6309360923930275,0.6181336076649637,0.6092894376630577,
0.7444916183389738,0.7356109537806971,0.7201729740697237,0.6936978379699582,0.6631674948006877,0.6278392062547375,0.5794397118091257,0.5425911896842686,0.5093278840292865,
0.9706442550387926,0.962529872665325,0.9518252027130248,0.927811616978942,0.9052379260905371,0.8776592392832876,0.8361719151689646,0.793726775677932,0.7782467197255099,
0.7636929045253136,0.7520603958136626,0.7325019434751825,0.698823795940188,0.6655239149973606,0.6324114712570821,0.5954787258993033,0.5538246911789373,0.5175138894323386,
0.7262756500582942,0.7232436205544315,0.7169982118327269,0.7020302262789182,0.6861190746599837,0.6669532100320242,0.6423968768622441,0.6140570979526312,0.5988701010128091,
0.820928579226256,0.8115678304238618,0.8030596782070838,0.7801086710328339,0.7558768158821398,0.7269084106017043,0.7006689985034614,0.6665121337516832,0.6530484985880975,
0.832511485787935,0.8269437556217156,0.8212167619444722,0.8097811145823266,0.7881593330442136,0.770589709182965,0.7512113784739463,0.7300641196527059,0.7194588044695891,
0.5517706161562903,0.5495249483491182,0.547381635327382,0.5424270500883324,0.5338126779778822,0.5230084005248308,0.5111760205343094,0.49415591650939433,0.476758075855255,
0.6038861072494098,0.554148434779843,0.5256416651674113,0.5216261586888513,0.514998272457466,0.506811801916239,0.4971718464289579,0.48338193266067336,0.4701646499204561,
0.764502593804497,0.755305603914777,0.7355376977111551,0.7117332913222054,0.6819154895554563,0.6460030030385905,0.6076946053815193,0.5661345612943188,0.5316001879063887,
0.6517906705788656,0.6474553600076977,0.6398382013472456,0.6283981995025933,0.6164968735452223,0.6000739084431965,0.5809550566482992,0.5625127578672162,0.5449156958444576,
0.8826065577665593,0.8662147246916534,0.8414554766209316,0.8065448395748044,0.7697022124110237,0.7268584961596546,0.6879178708976587,0.6384160715275926,0.6006339591417629,
1.0451072581208174,1.0370046866152196,1.0250637828748066,1.0046794969659605,0.9739134832726662,0.9345978642816513,0.8905472976316953,0.8364404199878442,0.7852838875455527,
0.8264340223468528,0.8120451604071622,0.7907599756919574,0.7586207252828342,0.7232026092908521,0.6782545168925326,0.6385391746263158,0.5942272018629623,0.5558143174932453,
0.6024418003855596,0.5944465556436874,0.5827937349185109,0.5633641195744739,0.5439562145246628,0.5231474353074458,0.49621458674841074,0.46941224903580214,0.4435435494865843,
0.6424956637610982,0.6355605555522179,0.6204234490886018,0.6009463893926835,0.5739211138649717,0.544712666325179,0.5179831466104792,0.4911226989608744,0.46741570639363383,
0.7202138794053856,0.7079743586469996,0.6956642619652852,0.6727848550763981,0.6493428547906555,0.620993814620559,0.5869852802088634,0.5483186802988866,0.5118936197447916,
0.6256942241776536,0.6198914464644926,0.6136678536823538,0.6006999262158164,0.5830750386002239,0.5612841573099053,0.5439639113520668,0.5217258740160289,0.5010145381003472,
0.6629247539194886,0.6526413828211737,0.6453146710023406,0.6293854113410398,0.6059844939808613,0.5857707519608712,0.5674831832253932,0.5487047132035131,0.5324903539571203,
1.023440486022089,1.0110685167596405,0.9896464748651814,0.9514544113925426,0.9151404473952655,0.8621263776908751,0.8102580124003739,0.767492634121348,0.7196724126955694,
0.5905433444643594,0.5846957898962973,0.5740850678548548,0.5574560512131862,0.5369063392319801,0.5158855155495409,0.4944628477470087,0.4719849540366832,0.45105274517284855,
0.5383401693071245,0.5337223867465749,0.5247754235321994,0.513597773921583,0.49749768513255654,0.48224088318200514,0.4627817691645849,0.44054881759831,0.42522858639332367,
0.8679754398238543,0.8655428400505897,0.8579100727818155,0.846425152696732,0.8278813114031794,0.8081216115291181,0.7967223933104233,0.7692561452454539,0.7502852363611349,
0.6321097915539495,0.6262603525501969,0.6136044211888853,0.5957381245598444,0.5742456476338675,0.5537204279306169,0.5308627131411818,0.5084568319669482,0.4974060977805711,
0.8675374043402729,0.8626879083029607,0.8465544998581734,0.8239317684593372,0.7976783992375108,0.7577235675140838,0.7066909618450332,0.6632931464982988,0.615624470033063,
0.8943546666669612,0.8813895260644468,0.867947444279553,0.8389300543586323,0.8092764666599119,0.776715050453058,0.736100696846411,0.6947861953424006,0.6618924092302292,
0.802421937840149,0.7977113008072898,0.7867103898915166,0.765594311898261,0.7448019915071745,0.7148315565413911,0.6872830735708387,0.6575311485607417,0.6449097382454685,
1.0045545462907597,0.9974759111093066,0.9834864081485168,0.9637766812736968,0.9375945469570364,0.9069441417004798,0.8652743531124553,0.8234252324444324,0.7781449520246448,
0.6440099641924046,0.6395980040034681,0.6303022697546505,0.6157034994729567,0.5983280077951847,0.5696087562513522,0.5438733356228646,0.5257121925967008,0.5060949018449037,
0.7635978302935358,0.756255347098936,0.7474945128877082,0.7288902558606137,0.7097431158791035,0.6804542384064891,0.6471046679222517,0.6120908139539969,0.5758754619055807,
0.5632953629753845,0.5565984407481939,0.5444548132320243,0.5294477293698884,0.5134777404870453,0.4975536534834428,0.4812277985207454,0.465444622823995,0.4536311761307032,
0.6994083420645406,0.6901390597250073,0.6823886519668961,0.670108246882745,0.6561322882594514,0.6395521357229161,0.6332521218926098,0.6319113305097064,0.6385081230181082,
0.9048033582558901,0.8989899539577507,0.8850969010692532,0.8603791240822442,0.83502365547964,0.7958415405040707,0.7645410454579239,0.7142919644622155,0.6854651470387592,
0.6386614135689553,0.6318140731072011,0.619267913038469,0.6048299544777133,0.5846023148393941,0.5658207371467383,0.5473108641807705,0.5301290514915138,0.5113875579446823,
0.7101833052955857,0.706888166242147,0.6981650952308814,0.6826617050869669,0.6625756558643165,0.643688321049727,0.6207056424648444,0.5925763968057817,0.5643433818997837,
0.6160000883935483,0.607094100587393,0.5922988729316682,0.573657034163136,0.5516842547682461,0.5290772590690973,0.5036755449084406,0.4812482696593872,0.4600021055218217,
0.9367161687876243,0.9236476717521428,0.894715490401532,0.8598453178049839,0.8173209441138479,0.7729265007700097,0.7088850986998081,0.6547069909731592,0.6123935960148172,
0.6473170204361184,0.6390458832219115,0.6277640523366571,0.6102814206944074,0.5866583465162571,0.562483217730829,0.5346938017073523,0.511094709371521,0.48811136495152874,
0.7820562105319104,0.775536270858591,0.7635040345664179,0.7446402473077351,0.7194884115315918,0.6936912145642894,0.6545321583919335,0.6194251301717334,0.5834152675145681,
0.8761841561646948,0.8739163051581545,0.8707677227715944,0.863574316966226,0.8565131672531506,0.8472701558228378,0.8296995064945787,0.8309702181523773,0.8548320288924565,
0.6700607978171514,0.661568354550901,0.6478640993446358,0.6278071562657334,0.6052778974965102,0.5821514003892629,0.5585441762963366,0.5377632168287064,0.5214281796386463,
0.9248789820329246,0.9133292034720096,0.8982414788033128,0.8770796130615193,0.8490004930075813,0.8223540660160452,0.7813742334575305,0.7540129553361679,0.7316147473461284,
1.074939634934971,1.065559441384597,1.05463413799843,1.0347928666062258,1.0008508626074295,0.9641867358244602,0.9273310705749515,0.8721543503007482,0.8283141931875543,
0.7482633788215755,0.7404127132236564,0.724998844693667,0.7030515757722015,0.6745264841855526,0.6427863034766895,0.6093673138033039,0.5746134074844126,0.5460573395897366,
0.6856220022184063,0.6728261229420006,0.6566652337934933,0.6333430360054297,0.6044493477610169,0.5736378036874475,0.5387391785258809,0.5009082647195939,0.46779407271306733,
0.474895780536974,0.474870669357384,0.4735797894920754,0.47176650566183187,0.47034458309159943,0.46747159502992247,0.46547687464850124,0.46138055252642307,0.45864066774426143,
0.5430567273644985,0.5414383568186888,0.5352908058586245,0.5251487475940882,0.513320887603939,0.4986273511752613,0.4856415382222414,0.4673638189864498,0.45445944046379494,
0.8310760370235278,0.8108365350923726,0.7863879190012082,0.7523827197771871,0.7132568511994808,0.6688505193332397,0.6260843779073954,0.5766698233518754,0.5423961473466642,
0.8584280035415848,0.8495830983907696,0.850822840749238,0.8571794391233838,0.8546343229223257,0.8519899406707926,0.8520286578631027,0.8701516524130184,0.9145842107752677,
0.7359572579824354,0.7290693282532344,0.7142131556028769,0.6966561325931547,0.6771910427139944,0.6500213063216101,0.6221038237329155,0.5932560927558251,0.5702991470567639,
0.8660900170327309,0.8568492091038546,0.8413799810393745,0.8232978062350931,0.7927774702059032,0.7628697247310886,0.7197625842429988,0.6810947199974344,0.661807741673501,
0.6859870925884773,0.6858436755957655,0.6807805329916297,0.6746081900259349,0.6665587650551148,0.6550001377857021,0.6427778770740357,0.6373001651247142,0.635082507421392,
0.5784897424976406,0.5726312453127795,0.5653942200905039,0.5518677783334888,0.5369212119053421,0.5204809948154778,0.5081375174034978,0.49172004863087915,0.4759790829876746,
0.7005028683299442,0.6935194136588555,0.6827160276742191,0.6692322863202815,0.6522579368413922,0.6332701342946331,0.6072325873713659,0.5875788033722027,0.5714853381576663,
0.8593606312477987,0.8541736620880234,0.8467026765274832,0.8266058904567165,0.8010457455553611,0.7778276070402613,0.7431236813488297,0.7109740708164887,0.6825381874701809,
0.4558607201850165,0.45126851500912574,0.44559280525115724,0.4362200438971591,0.42677890183488354,0.4165475051255006,0.4088921228102392,0.4032417663591724,0.40151681180886856,
0.8030560843273896,0.7970486389191377,0.7802895446246627,0.7610823113811629,0.7309331984701197,0.6988423100264909,0.6707832155396897,0.6409932018270178,0.615409302649463,
0.6039406572115599,0.6032803432363625,0.6010981834053651,0.5967353581706222,0.5913996688939467,0.5850090645475343,0.5740587781219736,0.5606855359901631,0.5437041356444053,
0.6090749215616892,0.6019213473591986,0.5926681239734722,0.5759093836104912,0.5587742634842141,0.5390444036391249,0.522383355079778,0.5031110903543624,0.4892591690829259,
0.896051356030684,0.8756127549565228,0.8504695900488629,0.8146633962329921,0.775094363521291,0.7268472218985864,0.6770387610160781,0.623114263406032,0.5722215662163221,
0.7052927519534286,0.6955203989925367,0.6793606121716698,0.6565367918531774,0.632463947150303,0.6058889765102923,0.5795013084695413,0.5473954068800203,0.5177224947529676,
0.5082306394911638,0.5027539737728565,0.49407682669060105,0.48159366965756767,0.46706313717419234,0.4556682772429771,0.4403742945133568,0.4262656748780075,0.4163703954822718,
0.8002505367324659,0.7963978194694449,0.78837862539351,0.774000428112703,0.7522664709943383,0.7281215091797156,0.7028854676916965,0.6858693964657393,0.6625162635010329,
0.8068460441624219,0.8010054916416526,0.7880133030410893,0.7654989435277417,0.7412706898002687,0.7169669246708135,0.6836221397745547,0.6597971557991479,0.6402509736965498,
0.5876994087096259,0.5836955266763871,0.5734632149597354,0.564170473548018,0.5469141746356774,0.5298300228881161,0.5078059773458077,0.49162102075928277,0.47809538063509677,
0.6471333146221957,0.6405462111500752,0.6300912761946269,0.6124669782125507,0.5922436100599924,0.5689015463493223,0.54079341548307,0.50926987671647,0.4851576589715232,
1.017815074159816,1.0109358513636628,1.003957061065225,0.9848594208297636,0.9618600485496862,0.9276521183207237,0.9041969718792263,0.8640717333139452,0.8444944363470941,
0.7225609641561351,0.7160019730544196,0.6987901658987726,0.678123503600514,0.6482365335774041,0.6204456986234133,0.5893419821240897,0.5571838045559213,0.535640318763459,
0.47384498129436514,0.47242748684125746,0.46970391867215605,0.46638097346609614,0.46202579089418555,0.45748146155769637,0.4528447219469043,0.4482529428972514,0.44381455526209185,
1.0046926130956944,0.9937089161259601,0.9755119782205264,0.9438585502901758,0.9146098916141894,0.8771357712448288,0.8420654517605203,0.8042631569530139,0.7711269527143442,
0.6494251580448337,0.6390672355745417,0.6234439645488796,0.60242419859586,0.5782847200358049,0.5497842114726411,0.519920604741275,0.49407965268538717,0.47694343610680207,
0.7014522357180263,0.6904673085091914,0.6808180154941433,0.6678811451658925,0.6483441693939385,0.6254821152406432,0.5982574386885271,0.575235519898327,0.5635522279889844,
0.9372751566917363,0.920306767854329,0.8987177335739276,0.8640389431320503,0.8297485654531808,0.7918983010971485,0.7477795653341456,0.7017642114586116,0.6543687576635969,
0.8624042733772352,0.8566506679842181,0.8442439897510151,0.8285676303916948,0.8025635487462428,0.768583611874393,0.719535546431308,0.6816151794017079,0.6477751903926448,
0.8107298775872047,0.7949077305182382,0.778586169253619,0.7551442964374562,0.7288047309298107,0.6934714721195998,0.6563772813359158,0.6191705274292173,0.5840532138016413,
0.9929124906426551,0.9806299635611814,0.9662039423682863,0.9392846651933172,0.9119773356859129,0.8723783592034952,0.8391842428223387,0.8006424548488019,0.7788459397638362,
0.5632746846641877,0.5529073282702267,0.5390199305744146,0.520604015190903,0.502582434517056,0.482806810042671,0.46373675022403144,0.44411980375219384,0.4267643028936578,
0.9186391530628103,0.9023458325547503,0.8827427825291073,0.8568995401537843,0.8286682459496056,0.7901383651935426,0.7450042980491186,0.7046352823978037,0.6713025326834478,
0.8327943885110125,0.8272687032859166,0.8119722653859024,0.7963000188540771,0.7748441694457646,0.7456477216158698,0.7134467234178553,0.6817186497658773,0.651958259649739,
0.550599420556376,0.5445164355766532,0.5360885619749252,0.5233762552434584,0.5115604511636253,0.4982395969030026,0.4828200968307857,0.4694060680556946,0.45431634626594586,
0.5732718564153181,0.5718954248100968,0.568497160341729,0.5617667360270492,0.5544563933857354,0.5423997738270043,0.5315113407718273,0.5246633382078734,0.5097461646417512,
0.7444922634834977,0.7307947412473637,0.7144202075225233,0.6908586376983405,0.6609647206439687,0.6334699963008309,0.5981657079033145,0.5674177013099608,0.5327606053943827,
0.8582520977064302,0.853251734627972,0.8463225357806996,0.8343661681414811,0.8142978394954982,0.7979843742875791,0.7724738466763513,0.7560267808434405,0.7437570563898388,
0.518857956701807,0.5128036272388371,0.5055315828633342,0.4942041482033205,0.48172152299837667,0.46977061904995177,0.4564571547503893,0.4439217520121008,0.4342928708227194,
0.7440924547825594,0.7330333210761835,0.713393916792815,0.6829925298949445,0.6512770114630572,0.6173927072703912,0.5792117900160464,0.541358620073685,0.5130002861372615,
0.6732538013947188,0.6716379423355501,0.6647405490746826,0.6525091890555907,0.639953197140293,0.6246810711237755,0.6054151381364764,0.5955368709315865,0.5899024205647129,
0.5821328108994488,0.5784096656818472,0.5750142446681501,0.5679192034376964,0.5559518864683448,0.5462480636200953,0.536654716610791,0.5260860119041192,0.5137090122092677,
0.7831864896205298,0.7755004159937947,0.7644540293118479,0.7443801378295866,0.7229836702556307,0.6983365753562505,0.6672941031873274,0.6361127049393178,0.6083770415687365,
0.6370012382850319,0.6371090005057389,0.6397175179188438,0.6413883846692836,0.637845546562814,0.634527680634155,0.6388387649949377,0.6406984698601225,0.6453332861174085,
0.7164160239814789,0.7083989039664037,0.6974068451485593,0.6790801598365858,0.6552906083568468,0.627633942743431,0.597323738678785,0.5703743101074201,0.5529858904396381,
0.877709425339743,0.8694538173774318,0.85300208512617,0.8313914543530925,0.8056924299419914,0.772520582245853,0.7410785673661621,0.7128492532021887,0.6775568997490691,
0.581445649148792,0.576114339067163,0.5688390453663726,0.5537810221167454,0.5367303678717974,0.5227530780262002,0.5029707818784244,0.48276229709067986,0.46701006798995864,
0.8832054830444058,0.8752988892991567,0.85939838067354,0.8367227361136649,0.8110527822774722,0.7787692761882704,0.7349117287747737,0.6946031917575045,0.6594488842532794,
1.0852269517277326,1.0726172127887894,1.0534547830325511,1.019499697975782,0.9830955915593347,0.9462650139208058,0.8976092099499,0.8576640133780242,0.8185998233498515,
0.5167456466350998,0.5132751440490908,0.5070746501684648,0.4963094025882861,0.484767014375773,0.47089265837823735,0.456445179349049,0.4411844642211322,0.42664490726097637,
0.6774552585776056,0.6669983539737709,0.6564495635181381,0.637014507162758,0.6151025544497091,0.5890509651907903,0.5605852305892692,0.531341371983695,0.5099754603171454,
0.9195801067065844,0.9057022958649896,0.887376433154877,0.8597624439163154,0.8269435194553452,0.7889090305662573,0.7412378702302972,0.6932633703388408,0.6496169248544821,
0.6017841245974266,0.595565898463603,0.5867421642989781,0.5725931882861357,0.5554612707703622,0.5383919872146036,0.517227428212879,0.499164180211085,0.4875855499373922,
0.7175849983743253,0.7093980687874238,0.6988094705397961,0.6866710439595921,0.6634667963943354,0.645651030700556,0.624333372332016,0.6096876001945616,0.5963518869622885,
0.8444319107604276,0.8339772477772543,0.812081160214993,0.7874383625921021,0.758285011107196,0.7234215096371726,0.6896891882347915,0.6550202269045932,0.6351406003975157,
0.5885427525614582,0.5847190672921202,0.5757861602578085,0.5615412734008514,0.5485517625327503,0.5320978958517552,0.51256487597889,0.4914970249122297,0.47448043130508333,
0.7491242282751311,0.7463670310989567,0.7371156393015438,0.7202953943255898,0.7017633923460904,0.6766210342798685,0.6501562324596679,0.6357149987180524,0.618203747464949,
0.7146444483525906,0.7026684533754505,0.6898531366681911,0.6662844385284253,0.6408884420490253,0.6083819844787759,0.577036702190321,0.5417780515805373,0.5125483128221179,
0.9893440765007112,0.9831011412262388,0.9719104132295064,0.9543694711359698,0.9275833677603724,0.8997795066642472,0.8621730608409407,0.8317824203367841,0.8116126833050354,
0.63639528466247,0.6273174337430527,0.6132238474477701,0.5939248131455016,0.5697228995817052,0.5422256124223427,0.5118090226354696,0.48114728560273995,0.4553782535583947,
0.45894326270942165,0.4565637324403562,0.45126474476731193,0.4437490796212714,0.4347603545577859,0.42672893156124475,0.4207821861632858,0.41643944418715323,0.41396266491972294,
0.7037477794044297,0.6916379525260027,0.6728464557479582,0.6500958029779055,0.6224811709416942,0.5930507430716294,0.5608938669976977,0.5303784142464865,0.5043091515936146,
0.9199299351276136,0.9084050213785948,0.8881382127996903,0.8604279633244469,0.8281726685437703,0.786158714948597,0.7476478113019392,0.7046174459895308,0.669587625770884,
0.8860313940717057,0.8759140597293675,0.8588773246307333,0.8306569229348009,0.7985182229070751,0.7557101459671444,0.7104356206384383,0.6623124161544605,0.6122636980448909,
0.6490609557414393,0.6365169677079112,0.6218582080169277,0.6029930158745535,0.5806805618609105,0.560686441374874,0.5349890050540034,0.5120716896676839,0.4852176887583038,
0.4565603389649811,0.4537559752761813,0.4484806326285725,0.43810807491634784,0.42475412036721627,0.4129920453588901,0.40540107008122844,0.4019392792561138,0.400684560372477,
0.5455639938215876,0.5391683054453942,0.5412943675327418,0.5381376338752693,0.5314050068779662,0.5220013580987639,0.5115162980359717,0.49971924594186773,0.4899713136517973,
0.5907739618996946,0.5882350131575915,0.5882584500285961,0.5817917398850373,0.5689957795065522,0.5568388885950994,0.5460425882998178,0.5306780284855609,0.5232772444396574,
0.8402070171708441,0.8315555542022534,0.8203805926752593,0.8045685881582141,0.7723382231988951,0.7292940749265616,0.6936312337383671,0.6650436230516275,0.6465378853142867,
0.44353985371967725,0.4416672181428922,0.436034266663302,0.43010288867361696,0.4234938729591972,0.41421539557243514,0.40696970445506603,0.4031702197209257,0.40212304068843013,
0.7429003060833336,0.7327588656990007,0.7232404791012095,0.704254057360723,0.6759510975144536,0.6458310918032008,0.6120554876418192,0.5825848552358408,0.5628499309620747,
0.8012815119874599,0.7905533873866792,0.7814415425346385,0.7574294176884254,0.7267718442020817,0.6939617587128771,0.6660872138729872,0.6662579504272055,0.6952977711757994,
0.8595136172820945,0.8487688961905827,0.8338843994219306,0.811383179385488,0.7834624347842102,0.7501778104411531,0.7188277546903351,0.7121231877044399,0.7038212089032936,
