0.9929908135710139,0.9859566940671947,0.9679215691962801,0.9638381418160359,0.9522621422728179,
1.00119355386013,1.0168981442107787,1.0311805279576198,1.0466957011915952,1.0630684383403186,
1.0002716668038882,0.9933726850965567,0.9895998536981304,0.988648488129733,0.9870746710570907,
0.9782874967385274,1.0152903771152704,0.9654729500885109,0.977229722860422,0.9882137382331112,
0.9997003571563524,0.9979618318185992,0.9947297961544084,0.9868434907312538,0.9670535810380416,
1.001378101751918,0.9947186670353245,0.997543077276344,0.9877890775581362,0.9923970546391819,
1.0001960409858328,1.002555305921943,1.0050754070539702,1.0073568809516669,1.0123138328827315,
1.0023094873935987,1.0022709791657531,0.9917193566271723,0.9913303484682592,0.9903918351016838,
0.9962488684894031,0.9982090950473418,0.9949468218977664,0.9981887412868204,1.009313668698975,
0.996499766871326,0.9793240518876525,0.9816581736039574,0.9665074654073293,0.9605133640112526,
1.002960416307964,0.9964568840854844,0.997297105538699,0.9931878163777741,0.9930434425471035,
1.0013691651016265,0.9925322522649107,0.9918761823412172,0.9865748550106492,0.9889463415705977,
0.9999000715517439,1.0042418592345534,1.0056079727306884,1.0108719437140523,1.0096910461095345,
1.0020124286460437,0.9953137602257052,1.0002597699026556,0.9920619926155114,0.9866989438109695,
0.9942304561647282,0.9750628878236667,0.9589420143909924,0.9360242319289671,0.9163239427637767,
0.991873864820928,0.974648738486384,0.9474860326054884,0.910613385336706,0.8844348052290201,
0.9966594807606346,0.9735419443577233,0.9487826598740892,0.9218901980980799,0.891567470076454,
0.9995186908803892,1.0040270605957788,1.0181948359698745,1.0295194702503647,1.0340342521341075,
0.9917180436714192,0.9987209067463901,0.9899938819287466,0.9936714828353017,1.002754279589237,
0.9958129968998697,0.9817712784535141,0.9866866567194048,0.9710087308393271,0.9736548609297966,
1.001712524293868,0.9972318224475294,1.0015267721551746,1.0035149862773534,0.9957271492306798,
0.9993437147341633,1.00830375550554,1.018695334931127,1.0241674720591882,1.0289279877834532,
0.9863377676374147,0.9936871331138677,0.9925448461277833,0.9677885843437057,0.9924668017235676,
0.9946381112708009,1.0020567083648946,1.0046456930759335,0.998164794023917,0.9835700168693124,
0.9996075089752141,0.9939837385438723,0.9998661424259498,0.9967688998790867,0.9942375458895342,
0.9940766758013331,0.9873880916516282,0.9683051133110141,0.9661662317450519,0.9590660811049745,
0.9925305624641869,0.991222231156774,0.9902850741058168,0.9818959254421826,0.9854291411507516,
0.9987525659245111,1.006653236555343,1.0111106540788357,1.010312515387598,1.0179318317470034,
0.9989323968078847,1.0068401585605002,0.9970140976634649,1.0084434264758948,1.0055343996054629,
1.001354838926074,0.9953430564466457,0.9946056138173258,0.990862332932284,0.989470839515457,
1.0010322865147532,1.0081459882096298,1.0125536099230745,1.0162673901784722,1.0268876778867053,
1.0002252475449345,1.0025417834618229,1.0052943185446432,1.0071810680402766,1.0144677361154009,
0.9936302190619888,0.9967489028824021,0.9895542237573784,0.9915549272569303,0.9802790299196232,
0.9945956321763937,0.9784665330904818,1.0177910478006724,0.9853175067798785,0.9982796878953194,
0.9981680410633654,0.9827524373110581,0.9617941906601624,0.9439995959285441,0.9229817631829376,
0.9990569732346581,0.999095186933525,0.9912088467655789,0.9861703807030799,0.9795675668703748,
1.0000059045206882,0.9988876988929198,0.9974632218102284,0.9912039825312108,0.9947571150915464,
1.0022457916142398,1.0115037853627658,1.0155854508054025,1.0246337167807313,1.0255247366984919,
1.001423269844801,1.0100231870709349,1.0218261164409501,1.0291483377830082,1.038046312086729,
1.0027297839153064,1.0137062711658515,1.0192191394002992,1.0359422377778325,1.0465020686686963,
0.9997253539682303,1.0031433781840609,1.0089667649091423,1.0131119687135561,1.0143643783173255,
1.0002634954068133,0.985484248079243,0.9895778694265827,0.972306978454704,0.9687245684332948,
0.9989449387222614,0.9864119152062589,0.9794164723701487,0.9583881913981589,0.9428005635465182,
1.001027729152247,1.001014928314575,0.9962870142641377,0.9938934955549423,0.9963068713849768,
1.000421302582538,0.9959589385500307,1.0010286317510795,0.9958499877559791,0.9958103728003036,
0.99990659127193,0.9956533468320394,0.9961703106164717,0.9947190594445712,0.99237456820541,
0.9921632208850619,0.9866544742461565,0.9904351871889596,0.9921552418067624,0.9947544444268029,
1.0004334247456521,0.9995021679652649,1.0017620991645484,1.0059223396484853,1.0040379007397693,
0.9921641210962548,0.9828262409539588,0.9820524850620769,0.9770252082954856,0.9717977773853258,
1.003784356708071,1.015435392075381,1.025791638506712,1.0362457186007437,1.0386433767035124,
1.000476679997611,0.9990599178480377,1.0067046509612552,0.9946900041439699,0.9841012044705052,
1.0002736964738408,0.9994246163676656,0.9959835761954987,1.0062234917460986,1.0014231151587276,
1.0039594779737069,1.0220751805527355,1.0389084479365676,1.048784896531301,1.0588804995791548,
1.0035102039051291,1.0080745757088305,1.0087987375215013,1.0109008356382878,1.0273886437769337,
0.9974580076159442,0.9856603439374629,0.975523970176396,0.9615276409350408,0.9448590785368856,
0.9927810490515921,0.9996625146269464,0.9861427253114805,0.9909984894757243,0.9865087653986082,
1.003949087007825,1.0082927833810125,1.0046319307149376,0.9810811011113818,0.9766295964727748,
0.9765580684113699,0.9827964271369019,0.995533546147447,0.9872989014389218,1.0045685028374138,
0.9920584128251998,0.974841578694537,0.9480017165232923,0.9074067211925663,0.8824407031503583,
0.9957471163700439,0.9993522883618581,0.9989313747189994,1.0000394302323143,1.0085536288403085,
0.9966081788971606,0.9868337945901624,0.9831764645389932,0.9865584977719861,0.9782806216894218,
1.0025542039677782,1.006265062012984,1.0060495496108937,1.0045899961595017,1.0085513970687363,
1.0025203912412541,1.004848733963466,1.015652978431942,1.0215491785844315,1.0297320398502932,
1.0027344032260925,1.0144138745732305,1.027942327551422,1.0346504405073191,1.0411282876354773,
1.0042807824359268,1.0172299727670202,1.0332520538785352,1.047378551607426,1.0565180241996601,
0.9981618767135615,0.9923502878234802,0.9821764595264729,0.9719614918889677,0.9616627098864898,
0.9994629054099206,0.9977801766259884,0.9941310120327466,0.9884847654102034,0.9789652181865414,
1.00043906661671,0.9909661903750555,0.9885090727793486,0.9950754498501115,0.9865145726658922,
1.004136385140237,0.9984758832911091,0.9935115792076212,0.9883933791486519,0.9894015925933173,
1.0020242099011731,1.0147133850488363,1.0298238158034012,1.0385327842544123,1.0434352590992795,
1.0013023886128192,1.0089568466058907,1.0181577276737857,1.0240782231690506,1.0405949570032638,
0.9964150259247654,0.9867400383385455,0.9703918728580496,0.9675842545535129,0.9560183654619536,
0.9983752735879049,0.994949073011467,0.9806721715375748,0.9818345369157366,0.9829424570280334,
0.9988740678497954,0.9865065579927937,0.9799218962888678,0.9612864240678404,0.9492469343928407,
0.9986390430249901,1.0015755270037805,0.9999359897068376,1.0017090663150525,1.0076769441165272,
0.9963946967873725,0.983398334062819,0.9747194003316537,0.9690412584542523,0.9595426769526487,
0.9930057141983843,0.9591678960217456,0.9313265296596949,0.9016003067882927,0.8827954689351253,
1.0001711238651172,0.9971713505446994,0.9966628370402504,0.9863779305378286,0.9869081343959725,
1.0002373339785438,0.9996396030109447,0.9967404049782516,0.9950378607319941,0.9913664248660063,
0.9939329753230743,0.9875615823941126,0.9666812136173015,0.9484054259797865,0.9203553443062348,
0.9968508286382696,0.9993314828339277,0.9819799976336911,0.9865940879347381,0.9774503288753463,
0.9989173406876259,0.9866750113145653,0.9815079370263636,0.9740303630780126,0.9662178077637102,
1.000630190393269,1.0045418772561467,1.0044311838059437,1.008551398221743,1.0108568851476085,
0.9980886115046113,0.997396550049185,0.9915677650816408,0.9869596164043971,0.9735720531479952,
0.9969688042839269,0.999919501872343,0.9946154156586087,0.997415313749553,1.0051017543898955,
0.9989517510213324,0.995323276282412,0.9993764152082116,0.9984308722018054,0.9974116852869781,
1.0007717794302657,1.0027827739498678,1.00602027218218,1.014452096999921,1.0170164476230665,
1.0024136664135674,1.0012778409362713,0.9942069356088117,1.0029650240790646,0.9992648620916793,
1.0018093085762065,1.0040717074403354,1.0018613200857915,1.0052977373930105,1.012781856085319,
1.001481029268715,0.9967094341512457,0.9837708980558655,0.9784463930717879,0.9601294213797389,
0.9995449497459155,1.0069309943093685,1.007654222906873,1.0159379649302775,1.014521512505787,
1.003038969433441,1.0194548056365527,1.0415050217293311,1.0559680529176088,1.068166466228208,
1.0006459994120578,0.9920386084937205,0.9861230830270702,0.9832014540058461,0.9737187715289216,
0.9952253386931993,0.9929381955333243,0.9945287167764121,0.9960302403350951,1.0022765410711538,
0.9978598948319521,0.9997509932627913,1.0016869564238318,0.998862384247957,1.0083820646066397,
0.992250358609271,0.9763071071522558,0.9550630543114007,0.9394221976922792,0.9219110162317365,
0.998103200858303,0.9835163668571816,0.9677535400822623,0.9593017071343968,0.9475800194902355,
0.9984803175625081,0.998186465199419,1.0006330659794038,1.0001544497480972,1.0033263938777008,
0.9980034824017872,0.9860820229415819,0.971399276848119,0.9529932209875662,0.9423150749584344,
0.9953006917746314,0.9799449538379466,0.9909550890273282,0.9844949800647802,0.9876416149423088,
1.0046026134539252,1.0209741808930217,1.0342857274673798,1.045136877144682,1.0422610719250205,
1.0006601349056239,1.0003222358679933,0.9949467662959861,0.9926510119143976,0.9980924105430597,
0.9981235152176113,1.0005295760297281,0.9997641431860382,0.9910374612949717,0.9933458473117991,
0.9997230231399402,0.9979420537551148,0.9991559276845821,1.0011391457763241,1.0056327813339285,
0.9923175204253629,1.0057284242976903,0.98838876261099,0.9853623546829258,0.9849868788207139,
1.0010498461708024,0.9926824926640301,0.9906007399552763,0.9977726406737426,0.9902697184608042,
0.9996971326282655,1.0071816981005273,1.004900301921777,1.0103869463818365,1.0137632662704168,
0.9989631318022625,0.9911853963756536,0.9816739275233952,0.9772058714128655,0.9627888992813156,
0.9926609123194536,0.9908117961240853,0.9929615975091739,0.9878165992969183,0.9871696854405523,
0.9938500309059274,0.9810723854393846,0.9742691210485601,0.9656336701239755,0.9868083343419453,
1.0026005486342553,0.984260269667985,0.9882353429176842,0.9869284840852142,0.9801149443924556,
0.9851774232599001,0.9827015221094815,0.9820750311956421,0.9833589945479639,0.9806272865704171,
0.9982779934480972,0.9979552171896631,0.9904872153346882,0.9935535409932637,0.9921395809394253,
1.0014159682523727,0.9994164430992285,0.9987357384367946,1.0006931262187457,1.0098195946415496,
0.9977099001876285,0.9982562851472289,1.001734063089312,1.0073847720980695,1.0161329548786746,
1.0013038651179187,0.9988866703629504,1.0014108464575164,1.006987769730118,1.00508131788165,
1.0012488664248216,1.000754618564278,0.9997288254867802,1.0034818613611254,1.0044335794633357,
1.0013229300314825,0.9966457136556073,0.9904852740308752,0.9784681687248782,0.9799716793537341,
1.0016736646613422,1.004888824304596,1.002382501997864,1.0011456672457606,1.008277262576931,
0.9988274453812586,0.9967567124009584,0.9863610190330037,0.9827777638900261,0.9754959496836729,
0.9969754801312513,1.0002232725437488,0.967948905245547,0.9808582323785113,0.9726979306579839,
1.002124783754243,0.9896660637481817,0.9913593301021874,0.9783965278600104,0.9858800017562672,
1.0010603813652175,1.0014771173431176,0.9997054013308225,1.0026917001500388,1.0040389469846138,
1.0040234170147484,0.9980881946618014,0.990857909942247,1.000162871672737,0.9778488695415941,
0.9995659163081959,0.99618886392914,0.9893602670246076,0.9881819329321961,0.9870084265571224,
0.9970430020166003,0.9851770335435641,0.9769416513330624,0.9691559422246334,0.9528461643296458,
1.0062027101369595,1.0028334901777052,0.999368596351113,1.001200324414346,0.9846919662062964,
1.0024929930058621,1.0125331084829159,1.0144239939771391,1.010356597655472,0.9954724421114798,
1.0020210927706112,1.0061389254032702,1.0109275925873136,1.017913332249202,1.0259543929734822,
1.0002452812105187,0.9917195716680454,0.9905533684076768,0.9888867049130623,0.9883887242045254,
0.9969513003488317,0.991559102345317,0.981227400844967,0.9706338215430843,0.9633826173588764,
1.000144161266605,0.9953441052529411,0.9897228608190024,0.9829689964475716,0.9880525824148652,
0.99955891853849,0.9935394311836523,0.9938821317400641,0.9954318681010048,0.998895995814991,
0.9998277804553968,1.0004246376563248,1.0019165466197328,0.9911104755288326,0.9915144602214488,
1.0047471424826264,0.9989204806808907,1.0041793265883283,0.9878531237995289,0.9889600814180396,
0.9970020059113696,0.9934213338520469,0.9855954915727543,0.9746471193615869,0.9816038345334961,
0.9985108092245767,0.9940322367558413,0.9847034913796626,0.9725498985182786,0.9507276882587063,
1.0015313765705978,1.008546874197243,1.0168201618634267,1.0255862522098713,1.0328422324912818,
1.0017971904860778,1.007254697266495,1.0165379049956573,1.0231554228702242,1.0271803738612169,
0.9997175648301786,0.9954391644583022,0.9940405234087721,0.9924058042145332,0.9938200581304544,
0.9969836351559558,0.9895345656154408,0.9794873392737857,0.9637594812376806,0.9478825601478233,
0.9967726814934026,0.9953398198531141,0.9771576042581669,0.9893426414456177,0.9831387239465845,
1.0015894145756188,1.0109185745829485,1.0233529203312748,1.0365158552488891,1.0423588184813086,
0.9987873229282436,0.9987569706593316,0.9829144586500738,0.9772494747366995,0.9693791046057749,
0.9994087143365513,0.996827561338903,0.9920889052072123,0.9931831442668575,0.9922568239577505,
0.9998988455506379,0.9964769881234525,0.9989303540083554,0.993465831567706,1.0001836621186668,
0.9996022587932549,0.9924203519036656,0.9868097600246426,0.9757955984873368,0.9697074248795787,
1.0005292703505932,0.9953668889689133,0.9911862999781095,0.9906322295702357,0.9891373103284054,
1.0013845214654626,1.0053600145782675,1.0138282190198895,1.0220598442962434,1.0253228190188421,
1.003012496155368,1.0154948104199004,1.0306895095887427,1.0397112913451565,1.0483300629060557,
1.0033428487943525,1.0096892334819625,1.0088521602506704,1.0000087798704864,1.0189928303408629,
1.0025497973184327,1.0101431660573654,1.0190631700665396,1.0210469035830587,1.0297092059998103,
1.00332388175711,1.0075953432270826,1.018246786316099,1.024495980331146,1.0348560288821558,
0.9940002385006145,0.9823203809582559,0.9636579255538684,0.9432647347154856,0.9204781223845186,
0.9954197521969945,0.983959426614949,0.9694783397194973,0.9539155095765232,0.9367291240090192,
0.9979802801251947,0.9997547300122758,0.9959702749646095,0.9922986399001144,0.9861497149729572,
1.0019686989554537,1.0030855516698771,1.0076242005292353,1.008297844265206,1.0081484199596351,
1.0021035389352422,1.0010849794729233,0.9964523176741343,0.9981492320399827,0.9989379168822989,
1.000218358112304,1.0010302127248685,1.0000486969673237,1.004623172041496,1.0090582367054257,
1.0006032440680581,1.004376202516863,1.0080079617975009,1.0108669893142657,1.0185644053329352,
0.9966863320385416,0.9837846590383588,0.9778913385942926,0.9639898102545961,0.9606448669873969,
1.0011591498773764,1.0100185540553617,1.0200768014625385,1.039167749882423,1.0418062007941993,
0.9981983211407612,0.9932483343135763,0.9865019566757764,0.9844526367189078,0.9782421512615749,
1.0020845873003916,0.9945855911302659,0.9917414914306455,0.9916984456795304,0.9856592488325562,
0.9884266210732875,0.9702443179921971,1.0055442511608748,0.9810922911394488,0.9798763855480773,
1.002190116184637,0.9992119805388152,1.0053477541523756,1.0024007256826768,1.0037106759522216,
1.0015343670458814,0.9954958200630237,0.9917629369374307,0.9938967634200876,0.9960551934042869,
0.9979070864551218,0.9908624060099168,0.9923819638696145,0.9829960767228898,0.9730129496807403,
1.0025469037312043,1.0028346545085611,1.0027406980974138,1.0087847592602248,1.0123856561639806,
0.9964720535117957,0.989418058148837,0.9811554694479582,0.9704338200114349,0.9544134023206654,
0.9998651762871715,1.0100173616860793,1.0219994396965626,1.0343873122701914,1.0381055524703655,
0.9961737068772748,0.9990581280838575,0.9988317706115832,0.9953018451314106,1.003063562964278,
1.0007758347366558,0.9853931232555059,0.9690810034698534,0.9566446654834113,0.934127426463601,
1.0278684846135078,1.0213619443522663,0.9758238826415797,1.002030584588903,0.9611631428644667,
0.9962088354231495,0.9991915919005984,0.987964393951821,0.9866778039666043,0.9924006974920101,
0.998932947391872,0.9956692508990368,0.9957754148420426,0.9900210519993846,0.9905439535009675,
1.0050007364265974,1.0077065291599239,1.0148227878980607,1.022892378940719,1.0276540945705017,
0.9995727251334927,0.993676225001471,0.9769666639162135,0.9650661065385684,0.9455201229696077,
0.9984106623477969,0.9972840765917489,0.9980447754353288,0.9968788640496706,1.0073451576476313,
0.9980077119932487,0.9921550855626705,0.9847051531510408,0.9604277313541809,0.9499415922989728,
1.003347469503846,1.003962393959136,1.0039455775419648,1.0106946145509692,1.008724443569521,
0.9995362354061063,0.991770329271753,0.987059320263547,0.9821216259899727,0.9659785405964425,
0.9904796230118811,0.9636667495648154,0.9394468734326286,0.9132591519949458,0.8994952713994195,
0.9953699658247415,0.9788697678927482,0.9664783808137891,0.9389399329672656,0.9289004664276344,
0.997818025654538,0.9912536996010121,0.9899104619886773,0.9872596763756013,0.9878611926885126,
1.0038755292589927,0.9854768642716908,0.9854615769821802,0.9850179833212354,0.9886740888466421,
0.9634095693248332,1.002256247485288,0.9512371036313756,0.9520238748768189,1.0004783564532755,
0.9994413561131099,1.005748503748415,1.0103188598124229,1.0142982500816389,1.0172075299848498,
1.0006827507761487,0.9986367664311553,0.9954466197962688,0.9957102033694649,0.9970756575466537,
1.0010474973295267,0.998963082063814,0.9981577476146936,1.0035262909873648,1.0066585520252902,
1.0006347308573558,1.0014100273808464,0.9974477349683489,0.9937881114799031,0.9959344304447916,
0.9963105080802499,0.9990020195835979,0.9956342218146186,0.9888949790957227,0.9850804084392659,
0.9997330073626602,1.002144482657234,1.0050255484956234,1.008080411033168,1.0102499745504412,
1.0002463662945376,0.9979504639055647,0.9964661989367982,0.9993756688292297,0.9968286597637659,
1.0029093303751684,1.012472224036196,1.0254947552875864,1.034973726177919,1.0349255769008106,
0.9963033023017767,0.9882967970622083,0.9864837253870782,0.9828120153244535,0.9803676714738322,
1.0006449215635496,1.0018835654734017,0.9894472163903424,0.9983086052360157,0.9862232971086815,
0.9990482329926093,0.9981109825100012,0.997906466369429,0.9957039403910531,0.9925197154328778,
0.9971694607635191,0.996250884105017,0.9956391423758995,0.9973366224919781,0.9945882628493588,
1.0019156830165783,1.0158769091072277,1.0299745242940443,1.043552640273085,1.0551505901859137,
0.9976295880748394,0.9955228836127377,0.9977672719738069,0.9954034845400276,0.9914995986270458,
0.9995094707767979,0.9924787571264237,0.9852832747630575,0.9754911740020715,0.9637197173985147,
0.9999563713756121,0.9982232492964939,1.0034998011897343,1.002817168887971,1.0046853116845385,
0.997326289342505,0.9896889871024424,0.9829753541403354,0.9727349202706586,0.9695797467385241,
0.9981740565663213,0.9888929754257134,0.9796953314361726,0.973011731290512,0.9622287966665127,
1.0000174563284712,1.0010497871909365,1.003120552597209,1.0090144617023227,1.014791074681443,
1.0000522512330048,1.0012613771855796,1.0014104145192495,1.0012041510936789,1.0051816276063779,
0.9908050290061362,0.9972690743931238,0.9860603914841037,0.9857742716117698,0.9691203832639712,
0.9994468684401709,0.992818009633786,0.9898884844353114,0.986762262935089,0.9818906059733787,
1.0013031781824648,1.0046219005186878,1.0047198393652992,1.00389558476928,1.002947038787777,
0.9984799827479172,0.9893474283918987,0.9825443307143729,0.9779205411405971,0.9732355751701587,
0.9908043271140359,0.9416078112744781,0.8720572830648237,0.801466452773306,0.7027075006732,
0.9996673306200313,1.005556020278632,1.0115143998464482,1.0193542936388877,1.0268565319073404,
1.0001262722649447,1.0023718302764764,0.9986768376482397,0.996393268918288,0.9989959667269122,
0.9976569290325832,0.9932855603700943,0.9925191731601211,0.9890143399788425,0.988375641255562,
0.9997702215809507,1.0079205143912553,1.013301828055944,1.019867157045785,1.0233734227846683,
1.0006989326038789,1.006089050345853,1.013286572100077,1.0165621111389442,1.0225409173549984,
0.9974935663478324,1.000481783169368,0.9992880067660497,0.996643450482838,0.9976454169708935,
0.9998975478475138,1.0045212319942634,1.0065756031313207,1.0003067974746853,0.9906570102360326,
0.9982062802660028,0.9997981894521704,0.9865934976940209,0.9788841573884155,0.9596954101822812,
1.0007102210449377,0.9982135853954732,1.0012621656539216,1.0014384431803824,1.003732762429103,
1.0012954440975204,1.0042989306670442,1.006610851232221,1.011161234509901,1.0137744469931305,
1.002593101604785,1.0069753417759693,1.0125737067985354,1.018458193103672,1.025295293489911,
0.9987633898111652,1.001542884329694,1.0008317188603462,1.0003234064869893,1.0028144644058172,
0.9971334569168032,0.9854195262484176,0.9737131594264172,0.9632676366752149,0.9513963485603272,
0.9993200913765846,0.9959987995998962,0.9925719896485198,0.9937420370763566,0.9912906665352327,
0.9993139998974649,0.9922782272572845,0.9895943733792406,0.983674390913547,0.9825100318899644,
1.0003744193946278,1.0044310718687635,1.0007658664060222,0.9942775937038493,0.993626920315031,
0.9985518180226931,1.000377689749436,1.0073557465770167,1.0091701146054186,1.0101362428787612,
0.9945117189813739,0.9895440350596025,0.9910794146160757,0.9905611565367183,0.9878262960131147,
0.9964668588067292,0.9751339447282805,0.9341004172277927,0.9102377242014068,0.8660554897954028,
0.9983904624935368,0.9976577254699616,0.9978292523813378,0.995885504385258,0.9987485206325963,
1.0016969136702132,1.007797553521387,1.0132138001837034,1.021088718394021,1.027005357577825,
1.0000282915778538,0.9952856303370242,0.9925951655182568,0.9912025043125858,0.9873721989318902,
0.9959933928510998,1.0007859378187685,0.9969415600061249,0.9943647350979323,0.9960545075667315,
1.0037098059667136,1.0204456416905021,1.0338309043755363,1.0401291612077768,1.0348325068054476,
0.995480044187437,0.9921111479823426,0.984433539053368,0.980952657023937,0.9752231179518613,
1.0001874251219585,0.9917557526402485,0.9867314648365291,0.9827861598019584,0.9769679006349723,
0.9985708171295984,0.9974858552152215,0.9921331487163803,0.9923999230671949,0.9941525672043205,
0.9996668417929979,0.9929672673047628,0.9893845172290887,0.9837839123017841,0.9815889441469162,
1.000643890840558,0.9988240673063802,1.001358852026519,1.00277795755663,1.002527654425211,
0.9986807326274452,0.9903692135362133,0.9840075407753518,0.9754801156687476,0.968627079213825,
0.9944929994048288,0.9782732299457846,0.9594723316755973,0.9428159350878853,0.9201783321273622,
0.9945479863818831,0.975541249843457,0.9569927386970095,0.9357801483622777,0.918996002707241,
1.0020232404670266,1.013842015186884,1.0234851698647027,1.0315780788244822,1.0297482142242156,
1.0027636122734143,0.9914269409100431,0.9949726080227739,0.9863848767533183,0.9860959387876451,
1.0008295677385175,1.0003604074560375,1.0008541772777393,1.0057321055887385,1.0067125207737435,
1.0005659702256833,1.0030270691741396,1.0086550166656765,1.0109626014315651,1.0170593485960855,
1.0006988996594695,0.9966892791143689,0.993662190844129,0.9928732851804546,0.9881817125095712,
0.9992244222815082,1.0017777909279162,1.0032518733153806,1.007844769756122,1.0093684768134976,
1.0004462933394045,1.0058629026127224,1.012502751086942,1.0178564910263774,1.0228717075193738,
0.9990837755530051,0.9993434127968874,0.9982291799027965,0.9941337228230036,0.9971794312378495,
0.9984594042517181,0.9903388747242983,0.9833034245641618,0.9766747646628101,0.9666321321669806,
1.0004297916219118,0.9978991958875347,0.9958055978330966,0.9975325777852766,0.9964390076649089,
0.9953462538195387,0.9923078219608985,0.9833612118097128,0.9830071704121766,0.9722236607646995,
0.9993078244715781,0.9985317002962187,0.9972188979621368,0.9971219337424593,0.9950381822904966,
1.000835893996127,1.0032431239287267,1.0054084453588303,1.0102065545762153,1.0055650355756902,
0.9985621010012568,0.9979580059602903,0.9979238472105239,0.9973958838494134,0.9994098386754986,
0.9995410111125242,0.9947593897784571,0.9934729017844282,0.99020550203969,0.989284330896381,
0.9963912900487719,0.9904798055721656,0.9844410355354956,0.9869442678846132,0.9806700548102378,
1.0025348941533194,1.0018418735060568,1.0074495924026627,1.0090559749365116,1.015463342060697,
0.9984002965920067,1.0003730647234026,1.0022882438848322,1.0028720705525425,1.0063604044603096,
0.9987227359497108,0.9967988230941625,0.9932298064265976,0.9939338254881199,0.9891465787421694,
0.9986741476207031,0.9885627471468871,0.9811924156806113,0.9744899542299865,0.965859585753628,
1.0001528585033168,0.9925088061711158,0.9904459056402266,0.9836224992476708,0.9776591698526962,
0.9988216804490979,0.9947953003527263,0.9917253640334589,0.98996119989465,0.993330696457065,
0.9987571714381593,1.0102266544328748,1.0116856877110147,0.9911471047443035,0.9906497901964939,
0.9939437925493513,0.9958905195828829,0.9931111554991203,0.9757644943926851,0.9785811574192776,
1.0014862053502636,0.9942497975450248,0.9934294514248109,0.9905408071756974,0.9942444373079753,
1.0002914177119133,0.9981888130929764,0.9961134785248995,0.9965206671664291,0.992372647667736,
1.0022707309150432,1.0162983940729313,1.0277163591545804,1.0373005824928514,1.0464681892792493,
1.0059912426945268,1.004525023046448,0.9942182355067397,0.9813808646928913,0.9939942334234753,
0.9968341458588921,0.9889849680146088,0.9851944366719911,0.9815771220437397,0.9742363312161941,
1.004899630504725,0.9951673137517866,0.927633166677641,0.8893862404940978,0.9229807120572422,
0.9986914378121476,0.9857783109000433,0.9749733365854094,0.9580970477161335,0.9328856017766718,
1.0014240108387695,1.0028549353700766,1.005570498887062,1.012489208786433,1.0179679929115288,
0.9983643717148416,0.999817052512745,0.9974432611983919,0.995300731279321,0.9994560153917151,
1.002269797174189,1.0079976298332831,1.0113199720761663,1.018832618572008,1.0204660910204875,
1.0021443142190776,0.9960928476297743,0.9896768455879015,0.9890874255354198,0.9888379417901787,
1.0007667947554637,0.9903000253021712,0.987120993087208,0.9837748583153246,0.9809167361095537,
1.0004240698880593,0.9966148786956823,0.9949121628718116,0.9898788600298116,0.9967345517526672,
0.9982364862307685,0.9911724608827068,0.9981682008251997,0.9936954913812596,0.9963064061801467,
1.0008983570790737,0.9948877612912967,0.9930218789847416,0.9918680709266852,0.9868985132937445,
1.0006403101360106,0.9956512300420051,0.9991647468375979,0.994990596882638,0.9939593083449502,
0.9994712648960551,0.9965000489616125,0.9907544173063529,0.993891213111384,0.9949219922839228,
1.0015989919637622,1.0098030391038797,1.017550179144699,1.0237095081013985,1.0283347344942957,
0.999376513357919,0.9921088906595428,0.9853332120082966,0.9839425618278077,0.9782635639856334,
0.9996405463602487,0.9989785631847434,0.9973561522268328,0.9941023077174298,0.9910345303313922,
0.997781319372437,0.9922311538958539,0.9890419220898132,0.9885889350940977,0.9854266709070472,
0.9993765959052104,0.9964345210024005,0.9963547378723054,0.9900023776452687,0.9900053566200826,
1.0009941827219153,0.992889270016613,0.9946594287282278,0.9937795592492656,0.9938167153112138,
1.0015180565080248,1.0095349029467529,1.018460520392562,1.022548940775856,1.028669085566567,
1.00134284113732,1.0004092057391265,1.0027146542242442,0.9997101047355564,0.9995322136467675,
0.9994205329665622,0.9921858062288345,0.9834255072961711,0.9651100636621992,0.9484091778105077,
0.9996179606741771,0.9927700303274406,0.9965875840355385,0.9927183755342274,0.9902053808076876,
1.0027671036508354,1.0135830291790349,1.028965641319995,1.0436269202015853,1.0563906878877172,
1.005239923893385,1.0248392587778372,1.0457955485087647,1.061239663026282,1.0698464274755088,
0.996069440120186,0.9951877811029678,0.990083090443302,0.9846558487308861,0.979675586026187,
1.0020169064146232,1.0067936595548321,1.016562465582365,1.0268846936693958,1.0332643441867844,
1.0000356712523906,0.9855055242013501,0.9875702683044159,0.9721006375142733,0.9764562877942193,
1.0020873356008297,1.0140041891071565,1.0285629238549638,1.0411734036990086,1.0538474826424897,
0.9988042381970208,0.9966625033052909,0.995346571366851,0.9897049843192544,0.9967210568670348,
0.9976050306639104,0.9907353933900799,0.9839134099511749,0.979201094548684,0.9762395758574434,
0.9975738103173535,1.0004740806384929,0.9969418835853685,0.9928124811856642,0.9818833637562807,
1.0001737676977807,1.0021247208788433,1.0037188557113852,1.0074085875633596,1.0150254217930192,
0.9963214244054657,0.9822345740479669,0.9678681547000938,0.9477637108888924,0.928199850703524,
0.9992834388239695,1.000437581593759,1.0061463851172108,1.0074441343645937,1.0124378738820834,
0.9988275659238642,0.998555232453993,1.003125070962744,1.0019429754638831,1.008135504143873,
0.9992514375783224,0.9899973017323236,0.9975800324344283,0.9872306074116981,0.9941037032155918,
1.00244056061566,1.0013716144711522,1.0166226088883572,1.0286004401997302,1.014101295038714,
1.0003039955167683,1.0027367363355535,1.0017165386998994,1.004388282973352,1.0041679537171477,
0.994040079656036,0.9811279861660034,0.9674027108742,0.954064192625635,0.9393867292004113,
1.0033336577261518,1.0156815878114398,1.0268433323784962,1.0378884279360858,1.0502505672645028,
1.0042043393266842,1.0163107843299723,1.0328624072238008,1.0422058617242684,1.0498746590730574,
0.9976514893761749,0.9946373749400894,0.9918774206443559,0.9862282596511949,0.9790429469028205,
1.0027354769886483,0.9977070225322591,0.9972016211109397,0.9961961891738457,0.9972131868020138,
0.9992676066362791,0.9935259869030506,0.9931112907675195,0.9923258983337653,0.9901841688638473,
0.9992103619049794,0.9992377133554955,0.9991588911486153,0.9963210245005087,0.9981984878345322,
1.0010604667435747,0.997878601379492,0.9936672854713076,0.9953907821218937,0.9942434733409937,
1.0012119738380323,0.99605725735957,0.9919687002197736,0.9875051934037093,0.9851871529722396,
1.003983336196979,1.0179659470647415,1.0293260428156832,1.040088006246811,1.0489655781839378,
1.0040192279095883,0.9941818868466323,0.9972053769326705,0.9819035269511054,0.9875024747718587,
0.9970538051934252,0.9974711497609708,0.9904872096793438,0.9960072392558933,0.9832745510008716,
0.999177939351546,0.997648238925054,0.9959816718625272,0.9926337630617827,0.9931468513308515,
0.9997926407385374,0.9888632763420372,0.9887221578393086,0.9881929379964729,0.9856089761030993,
0.9990625531508179,0.9920987738023412,0.9860691197415852,0.9826051390040864,0.9805447417765203,
0.9950047062902936,0.9723108631162423,0.9485466729741359,0.9223786917622501,0.8981154932149169,
0.9959882545096767,0.9930847787148651,0.9834456482515406,0.9787835578958015,0.9683789487123975,
0.9939233642153539,0.9649032278396737,0.9405867470912379,0.9200791200041393,0.9013071267031364,
0.9993875861964057,0.9957478226952767,0.9933316231150162,0.9930712072016797,0.9921576383948232,
1.000307074501931,0.9917075435787446,0.9833877215697997,0.9812036786942606,0.9785379085713819,
0.9979506646728326,0.9949829973040065,0.9928504720359717,0.9885911895659115,0.9859155309948872,
0.9984811796533644,0.9972459793863513,0.9953239568746441,0.9998532511668365,1.0034620975924136,
0.9979049791126633,1.005532134996064,1.0104240802238564,1.0196875413504625,1.0229031753342095,
1.000520641779933,1.0009496011110934,0.9988175084383586,1.000703159483972,1.001640080677658,
0.9987054956435638,0.9958257428656702,0.9962641806720727,0.998837957872877,0.9952650200208664,
0.9990791628065716,0.9924909628581949,0.9906948512889231,0.9882766420957687,0.9859102199016021,
1.0010524484915522,1.0061038083882319,1.0097093303034321,1.0107060742646163,1.004994688843161,
0.998492903360831,0.9942140055986077,0.993571959196875,0.9826074338374667,0.9862643194065556,
0.9960893410288268,0.979842469869201,0.9627552926991823,0.949813370988468,0.939409487867588,
1.0017965130444333,0.9963394325351441,0.9973637574699696,0.9988158396876887,1.0003632669905484,
1.000267398573238,0.9998464868834156,0.9958524396449882,0.9985049230137899,1.0027771202487759,
0.998195466187398,0.9928662058604092,0.9877621588572475,0.9804344455625764,0.9718511083313257,
0.9958689369246954,0.9779911130038723,0.9613046409553023,0.9349800507725947,0.9145536200341049,
0.999358848011289,0.9982210909358736,0.9939681575913746,0.9942473460443357,0.9949605059105582,
0.9973138621569508,0.9934472926795201,0.9901764282684696,0.9922222759635575,0.9879324770589675,
0.9975332561579094,0.996222106954308,0.9829812851050157,0.9859660021157617,0.9829542944403411,
1.001434353993277,0.9956981027085645,0.9864213633038003,0.9878029412387055,0.9819678165795406,
0.999730667186564,1.005926618683791,0.9999073226128034,0.9907590370236701,0.9751605060423865,
0.9980525142689631,0.9802162852782668,0.9589083725836687,0.9381750902221433,0.9177498826035795,
0.9992166469364956,1.0030980857657825,1.0020855772598383,1.0116224777646492,1.0097554402470856,
0.9981855395233189,0.9910410711471553,0.9819460229217112,0.9754151530133753,0.9648495838362587,
0.9996680108224033,0.993730253135997,0.9861683179020773,0.9806575712292416,0.9717741722429887,
1.0001871968889855,0.9956598479277168,0.9967890167266258,1.0006038697539892,0.9991579099065164,
0.9980903267709151,0.9867861306498836,0.9754455321536242,0.9597100410995245,0.9483266059952022,
0.9999606608231179,0.991481658630977,0.9828503301037819,0.9742355099226848,0.9710531539470529,
0.9976226474976131,0.9957465181109716,0.9822728804119996,0.9798776887674722,0.9726789141727225,
1.001575743744871,1.007110063506105,1.0174831937955955,1.024999805944597,1.0306725343492498,
0.9994056930083712,0.9941385982649728,0.9936244244014107,0.9896997269404357,0.9849644942310752,
0.9992155714827895,0.999681562759934,0.9960106275685892,0.9994205277024528,1.0050531264902174,
0.9999351895432602,1.0072849213245494,1.0165279145773631,1.0206886491129934,1.0355308614962904,
1.0006661002512478,1.0015460469923636,0.9989083653759411,0.998118819138528,1.0040225664813511,
0.995888196203969,0.9891616664143534,0.9991087595402488,0.98562427371736,0.9792290642405643,
1.000359502611016,0.9983485532419272,1.0002825609364563,1.0014446370945311,1.002562317748072,
0.9996124151587361,0.9945210667455049,0.9924249443473998,0.9891212231228357,0.9880311954053642,
0.9963753312934331,0.9921416956479503,0.9843097707127528,0.9811157634231862,0.9767976813763577,
1.0003685391958395,0.9913509131107547,0.9838569570961215,0.9774196625218754,0.9721419796084161,
1.001051614382285,1.0054745129492693,1.0114182960739915,1.0192652687372152,1.0250778482877438,
1.0000831684935931,0.995117969721319,0.9930975810886894,0.9922092833566486,0.9933872802863544,
0.999001936091438,0.9931138881850743,0.9950746582268779,0.9892434694736167,0.9725051765305,
1.0016110194278705,1.012365910699667,1.0188274764238485,1.0292996631387856,1.0334622053654998,
0.999871748506858,0.9946383533670551,0.9924251306281171,0.9859590185043083,0.9842197246044209,
1.000847547054736,0.9978262811958604,0.9952543222236474,0.9947101760468431,0.9953570877983864,
1.002385706077688,1.0180170746572457,1.0275210538112969,1.0408118345365254,1.0389003894015651,
0.9975204787729697,0.9909023973457943,0.9836186993686504,0.9779849650630156,0.9695430935170534,
1.0013890848890161,1.005290298658429,1.0089133923689109,1.0152480931900623,1.0184736187984336,
1.001121218764178,1.0023119801756841,1.0057345695717252,1.007848613741745,1.0093657315842917,
0.9989668216086451,0.9950750220657238,0.9947222506970264,0.9920504213216684,0.9929118264511314,
1.0022872200495891,1.0091053510053185,1.0177089806730724,1.0283991824277987,1.0369168659845776,
0.999904440894632,1.0026370136152771,1.0069866603196038,1.0092330931942302,1.007822814136822,
0.993745332606198,0.9850372977458425,0.9756060958790733,0.966396885716519,0.9562489809796051,
0.9991875059879101,0.9943865305182796,0.9875998448015787,0.9841865691066921,0.9870136262750107,
1.0001743586599297,0.9916821186905657,0.986120407029333,0.9754904594145261,0.9696928210025044,
0.9980090628783771,0.9919879985029418,0.9821481640408674,0.974637982990616,0.9717953933586265,
0.9972870240355111,0.9976181103626321,0.9914138933934606,0.9892085628280325,0.9817595153754848,
0.9995794715408691,1.0033571042625766,1.003869543459313,1.0055616036835224,1.0094651744293435,
0.9965799589431535,0.9901187485617267,0.9842802740578186,0.9767441703870657,0.9689061701681623,
1.0009156003770168,0.9932848888422212,0.9966651948404093,0.9833673576598185,0.9924174625927117,
1.0017552412784203,1.0092145149644551,1.0204379401281574,1.0282608641555093,1.0360610802625851,
0.9971081262552708,1.0021240889926069,0.9951905569644047,0.9848811857466773,0.9910242401497171,
1.0001823606964773,1.0000490505654513,1.0004717404373207,1.0054734594486963,1.0083652482536758,
0.9989901554756939,0.9947638870462789,0.9922971234420936,0.9872413074469899,0.978428855368105,
0.9996421051843912,0.9914981403653974,0.9904115806148878,0.9843245002243954,0.980812009731093,
0.9993058039507432,0.9979245720024537,0.9998896464541491,1.0039543234077652,1.006566761483708,
1.000791981978122,1.0036506304268742,0.99950110202771,0.9818593058117451,0.9583295696284297,
0.9962338840063831,0.9956785605513274,0.9877026062208611,0.9919580029267067,0.9896739759476573,
0.9996115487753119,1.0002264005524173,0.995686279749042,0.9968355728127817,0.9981781612282195,
0.9995642102484436,1.0014679288066923,1.0056287088756288,1.008859659382636,1.015380543799898,
0.9990981507455715,0.9974446724590289,0.9972691925604651,0.9961737434266,0.9975529264990348,
0.9975374950979279,0.9952889494682418,0.9898103308145907,0.989505015061659,0.9868198880425463,
1.0027634397015608,1.009980955432797,1.0195239243863001,1.0296184130195278,1.0351474354157404,
0.9997373989848672,0.9958705468977822,0.987925261718773,0.9869274621076665,0.9850118909865003,
0.9985772933196114,0.999447528664697,1.0008065314020296,0.999702495806879,1.001076662981112,
0.9987933249565126,0.9939525483971916,0.9895537909027289,0.991585677262663,0.9911823894904044,
1.003862182083608,1.0150674875261252,1.026402378447878,1.032052714331123,1.0363243579020178,
0.9987508172080535,0.9903584565625683,0.9844606800446869,0.9811921218229045,0.9740556163330527,
1.005320919063338,0.9892583670970296,0.9894904195834188,0.9745344984097024,0.9764297444380012,
0.9952034864795234,0.9928044354315202,0.9846479383178295,0.9797247103697866,0.9738697591682939,
1.0000938918513416,1.0037417207895194,1.0024230640887184,0.9995009243293144,0.9929740747359332,
1.0016332997179456,1.0099606775414327,1.0229997938346465,1.0303274116750103,1.038883397743354,
0.9997916444423768,0.9967140090901272,0.9996143796677714,1.0028489113251609,1.0100264371862262,
0.9946551513096196,1.0126902441620347,0.9832624917597612,0.9858923240464816,0.9775327618700178,
1.0001136429222361,0.9888308791746149,0.9901575240131848,0.9929848257019038,0.9862659778698698,
1.0113352111109517,0.9929377487926909,0.9919770511968459,1.0055778980235766,0.98200916939669,
1.0002327243151283,0.9963494708471832,0.9957123865961739,0.998677097037699,1.0035903822938814,
0.9957579440622801,1.0112224116029096,0.975697041438108,0.9795075142037164,0.9919836600610363,
1.0002795957634567,1.0040694888856188,0.99884080568188,1.0084431056062755,1.0064703934022303,
1.0006387804547696,0.9900914654703123,0.9800363101050792,0.9710041399430227,0.9521135091676984,
0.9994892701210311,1.000372660600842,0.9983516136182862,1.0043644368688138,1.0058360252309047,
