0.034014556606047124,0.06637260607412993,0.09429305541796233,0.12106597537352216,0.14304067538505535,0.16792210523966486,0.18884889600397556,
0.04604999831877956,0.08114381708513309,0.1085673059636381,0.13362564831116105,0.15349676345988733,0.17236944259786072,0.19064072749071545,
0.03354535354544297,0.060583426988666346,0.07956072950515147,0.09591189006873774,0.11034020561279743,0.1290708522763104,0.14792850761332715,
0.018775882688819308,0.024472834795862916,0.02691339371311895,0.02855603727730778,0.032107028950481585,0.04725420844083977,0.0073984165230461495,
0.03132927745441908,0.05735095794451001,0.07826651104766481,0.09790001754894088,0.1146844727600444,0.13247455274530026,0.1497934268266712,
0.04080764094105325,0.07220415534159048,0.09591682626225578,0.11646045427557537,0.13494283786562766,0.1532341827830005,0.17395912015227524,
0.046064381535885095,0.08956338315732182,0.12078843291237125,0.14889658793480734,0.1743393807788132,0.20725383813481804,0.23994865336590362,
0.03648081346867605,0.06196047122609815,0.07891906536724692,0.0941547131807814,0.10928556092543106,0.12487447171561478,0.14111147740808286,
0.04178551174839385,0.0776598454352186,0.10532262878059895,0.12884489705069943,0.14809151300343612,0.1662642948708037,0.18085252405217747,
0.030280879172913878,0.05124314418778625,0.06362249150602513,0.07635096085420236,0.09136058192297127,0.11109941218838718,0.12942962727993426,
0.037126710899024654,0.06747699408865061,0.08953392194388937,0.10890459067088963,0.12675608420739826,0.14433822734537216,0.1584881935977656,
0.04415723935943216,0.08079799008373478,0.10594781285409192,0.12787721246216868,0.14865533607128206,0.17224171810959857,0.19457194113018875,
0.03467891304822956,0.06645929041309162,0.09050169721388455,0.11166296238882366,0.13014842309515962,0.14869807346640987,0.17000977457795016,
0.029224591228171604,0.058272731593774864,0.08440454148164454,0.1103215723099636,0.13192555046017226,0.15401181692402632,0.17570916259152203,
0.03867852819875897,0.06934071576378197,0.09045401021902327,0.10659297180836985,0.1191405956910921,0.13082956670418833,0.1383849194961875,
0.037021391858243345,0.06518688340039815,0.09016794160018177,0.11347338684571956,0.13208900305881818,0.1511117959320387,0.16798422927816545,
0.03557375786631387,0.06546148799638168,0.09105480845741888,0.11575069894395769,0.1337453764221941,0.15121410914315084,0.1647276182214923,
0.029590382942622853,0.05784116216369553,0.08257265248308432,0.10450855459891885,0.12222388200199792,0.14269254455773425,0.15885744193510523,
0.03819223497987335,0.06957435240139194,0.0915336608254726,0.11549935929423522,0.14070240066877696,0.16670358465245058,0.18556135709406116,
0.029796542725143645,0.04675322385810391,0.05872171945625595,0.07375183221430863,0.09371822719263713,0.1269056278238937,0.20022372012509138,
0.03489900390346035,0.0640302338728551,0.0879535787756805,0.10978891386165412,0.1268713135443225,0.14260190584655244,0.1580674219117033,
0.045269719494509926,0.08115573876616283,0.10843116498769892,0.13168545127576137,0.14970044199488125,0.17022275289351896,0.190050984552778,
0.016773987832601197,0.02205056900063163,0.023737779639964558,0.027927594427106846,0.030493089310765036,0.030473909363785356,0.0318607929063841,
0.02989383233457503,0.05493014802311381,0.07327424228874,0.08884248319102352,0.1027611249143401,0.1180640729606696,0.13051836524221003,
0.04050497596658129,0.07217528660665538,0.09382802701313168,0.11171809025222677,0.1260378363698306,0.1406077755157136,0.15319096848654148,
0.035179770075732704,0.06507418704662442,0.08962570872601183,0.11357457190184422,0.12997758828360215,0.1529498782833799,0.17221554546820686,
0.042347376839926315,0.07846249588190513,0.10738355368462982,0.13993961848865819,0.16341257066992254,0.18322788064915582,0.20922507830685325,
0.03003012151798327,0.0579657224049983,0.0822836599692758,0.10493456439893892,0.12405893373873396,0.14294911449852957,0.15979255870598422,
0.04239443154749767,0.07898589203954126,0.1064838643100423,0.13055538137079747,0.1497405293825493,0.17009670866219306,0.19139850841570752,
0.041697585441156065,0.07429207725102403,0.09854557969692053,0.12239023616658488,0.14124178422801673,0.1612214534023014,0.1809914942159536,
0.042575772977517884,0.07731508904678037,0.10230951679361215,0.1226797841785866,0.13847655280635426,0.1562999229650384,0.1733407155367357,
0.034072182626906145,0.062317518658210704,0.08239024487865441,0.09888399617767633,0.11168994811736771,0.12599302326920814,0.14126435399671952,
0.041717594915905126,0.07689759848024937,0.10324137758990658,0.13186959251652172,0.1538284913013936,0.17449493851987785,0.19304660208780466,
0.024463331955953023,0.0347637617381923,0.04137658614407552,0.0498096292509098,0.05795369062637927,0.07131550513487572,0.07581247090126288,
0.03503966639317681,0.06697817362242933,0.09470410446751103,0.12140366345504286,0.14391970557583111,0.16608910569861338,0.1905882578500456,
0.036548667600658204,0.07166675434277535,0.10046523435243239,0.12405801861836652,0.14334600198447942,0.1647401079524076,0.18694105431590885,
0.039563823340861955,0.07009711049803594,0.09127183847157737,0.11062980600597898,0.12615110624690065,0.14352124535878363,0.16224929369570162,
0.04024872796019941,0.07605689518082309,0.10248644170543499,0.12462737412140966,0.14064552503177208,0.15693605570577204,0.17587215690477404,
0.04218748585791507,0.07895997472966615,0.10589245215193441,0.12674185929544637,0.1412593142059584,0.1570337102447019,0.1770962890862364,
0.03527087335629189,0.06589332662044806,0.0902888051861613,0.11032716898355423,0.12658676615954081,0.14155166706860808,0.15647268362240052,
0.05034238854278129,0.094228160172321,0.12744664283215454,0.15680959778744882,0.18147733491688342,0.20905889099619787,0.23764444343345414,
0.03410440087471322,0.05755845811550871,0.07255123591404809,0.08909453560191431,0.10402074862045597,0.12362666088522913,0.14170564189383184,
0.047347308222558296,0.07991389258092334,0.10556036895079594,0.12713118581514724,0.1431710044967662,0.15729523114983654,0.17102802928700414,
0.039458301760364946,0.07171907343374541,0.09389942469040607,0.11543845226235112,0.13598916635845806,0.1607160245911601,0.1837872775785851,
0.03698222613293544,0.06893627066986328,0.09073402216608116,0.10950622521633947,0.12662358938534668,0.1489928675339196,0.17457935931790156,
0.04772431140501877,0.09216309314743575,0.1266611180594079,0.15722330756734548,0.18136761374384378,0.20583545857780422,0.23533703268364187,
0.03356662730339555,0.055959324187285844,0.07026768605145685,0.08320169806502521,0.09521946227292707,0.10754804605408223,0.11440991931587993,
0.051926859899974545,0.0955984099430473,0.12372087173353148,0.1452794019106776,0.1607223174827882,0.17971631792857898,0.1987759830175867,
0.0355375655795912,0.05914527867975396,0.07484727348074217,0.08974621530130099,0.10329580396309508,0.1183167246322464,0.13058791408273165,
0.0411816803464381,0.07456231233437087,0.10122870408547091,0.1264217769574566,0.14699088416423753,0.16860245490310688,0.18894624057402248,
0.04236104850895196,0.07266230717583054,0.09349281611320491,0.11442923398318024,0.12969485215373008,0.14551317603840272,0.15567665840616796,
0.035781227975427925,0.06616499101811074,0.08841923964209564,0.1076407767037343,0.12382768314588555,0.13926464983374853,0.15475815942663293,
0.04384011204179562,0.07647021997106958,0.1024244502979972,0.12353972457755638,0.14129620252781763,0.15892338254433866,0.17522605752245943,
0.034021487409247736,0.06399451469641118,0.08949832043008138,0.11306394201106153,0.13266732387948063,0.1536766626819457,0.17200406164738682,
0.04982528059772872,0.09093527886539181,0.12208649342195713,0.14845566468408392,0.16666026631142838,0.1839596060078325,0.1993212438803057,
0.03668617313918042,0.06290017273408942,0.07965945299940282,0.09327356305171791,0.10735314676393178,0.1261905265920019,0.14569348734730833,
0.021334036021621042,0.030749433366462714,0.03864028818609055,0.05065610143482412,0.06008925964642391,0.07289327509492777,0.08396567755970627,
0.025142049674969677,0.035735046248358354,0.04294905069383909,0.054768566533505834,0.06266184608238407,0.07876667947432557,0.09007097094736258,
0.03768808843614125,0.0635554601740183,0.08184073328894036,0.09999990221870617,0.11670103869720153,0.13255725688180536,0.15033522216597991,
0.03963020466130338,0.07832362520310206,0.11134271287485122,0.14569157823892584,0.17391196862859695,0.20108941782529072,0.2276256183301338,
0.031583067061832455,0.060038913409666536,0.08429248496704032,0.10872427887134443,0.12926546308346876,0.15078008206781446,0.17809121819458557,
0.04091093958380029,0.08111407460633926,0.11824320273747815,0.15564584163032835,0.18923872095212566,0.22186367678179078,0.25299220284785745,
0.04619074229428904,0.08366684423344059,0.11392653573286231,0.14087714563637593,0.1637605087305545,0.18314779035044995,0.20447440626945612,
0.04561480999840925,0.0840608460648343,0.11127868963650474,0.1317237715227129,0.14441545044149026,0.15651189695070186,0.16865323026507054,
0.03870456810162948,0.07423768768174364,0.10088401540132819,0.1234086506867018,0.14018538171679215,0.15899099264476524,0.18112893182985307,
0.041928854910626284,0.0788306149870283,0.10470846721759662,0.12692998812946812,0.14800182028274414,0.17189796972282265,0.19905651727211546,
0.031198627476262307,0.05750088998907572,0.07773504067243242,0.09355695075624665,0.10460158523858884,0.11595686830739813,0.12553241431011705,
0.039142871951977715,0.07076313773542525,0.09466743545104636,0.11787388567039037,0.13774431264304482,0.15679023055686342,0.16789646726151386,
0.04188951781915891,0.07284862122188085,0.09501535776785167,0.1144806593568739,0.12739832430391881,0.1394349949434059,0.15296477047941084,
0.05021605563358999,0.08963584385694802,0.12186752135147201,0.15028112384890985,0.17275978259758454,0.19521018275843563,0.21445572305448482,
0.066747368067115,0.1277757101214567,0.1789820588602796,0.22463189080362467,0.2621576687957961,0.2951239260986324,0.32033288263160975,
0.04350565572427508,0.0865564992007963,0.11904143692286574,0.1510249786440171,0.1814440124458316,0.22250678656841788,0.2646754523075758,
0.02841782733563217,0.046299442396682856,0.05769628952387833,0.06799515306030178,0.07996528005238736,0.09088439036666626,0.10319730796506175,
0.04413182593968263,0.08712645191290667,0.12063204207157327,0.15183767474772525,0.18115609352991616,0.21717712133703537,0.2524843375243861,
0.04426904169658653,0.08105027312176705,0.10975720787998712,0.13771821000470078,0.15915475658306547,0.17992198773018017,0.19783194857917014,
0.03885680934028592,0.06899355694073078,0.08944689753217895,0.10831683713728553,0.12202466631087595,0.13692795448755163,0.1517887077748483,
0.05502354074065166,0.099110810876077,0.13253124332629757,0.1624897041091703,0.1876751814706144,0.21187036419813407,0.2366725219131008,
0.0412627045430827,0.0755022612478688,0.10030645274220079,0.12014317611515853,0.13492394396083893,0.14785280347742005,0.16007758898633628,
0.03147900154856029,0.06156609779322679,0.08699109362370548,0.10963533875176296,0.12645387859492588,0.1430020915007728,0.15830727249926965,
0.04053630543822609,0.07650705781580475,0.10783580309677972,0.1377797270056824,0.16173878847448908,0.18605471685525604,0.2085784406738608,
0.025127647112732646,0.0359258794248184,0.04223899400212518,0.049777780205851746,0.05694709211493555,0.06110027263850587,0.07098236751837936,
0.04265844778711307,0.08401192145233709,0.11827239715278225,0.14962461005744385,0.1752751476898583,0.1994383271490332,0.22167590569053205,
0.042940968723720545,0.07583278728741939,0.10099623978773253,0.1224122220640438,0.13953696668384719,0.1568686045424602,0.17456145332868533,
0.05123044991351776,0.09438389992078912,0.12559263208677504,0.1498065366854426,0.16781005074180425,0.18666222038201152,0.20466747128894636,
0.03746716476675314,0.06591039525739367,0.08461987617829775,0.10194295698897435,0.11712286444781439,0.13371664726620125,0.15029511821549602,
0.04395925148780548,0.07949853844449704,0.10543106853471379,0.13114566669221264,0.15336558876969908,0.17899638648633914,0.20402924977137726,
0.04436505388610882,0.08428900286912527,0.11199959753695352,0.13482686828020352,0.1532284533549304,0.1745121097537354,0.19521683569350531,
0.03589983173107424,0.06996174194124188,0.09922776011950828,0.12622282332325532,0.1488263238153622,0.17005788415022693,0.19081787797569544,
0.03757377982011399,0.06851601166385718,0.09291610150592551,0.11318116849344213,0.1290094737684737,0.14419467202589117,0.15889630499220417,
0.03687392030572933,0.06711206301606515,0.08859918490205783,0.10717139401512747,0.1235424214921039,0.14488807381002464,0.1657249277628433,
0.046626301510320864,0.0821518720063834,0.11130589758712629,0.13472751761114668,0.15329234545558815,0.16970589364232713,0.18159003071855662,
0.04630630279981854,0.08176271370596865,0.11010876404886198,0.13496422302648853,0.15421826829689203,0.1719030353158411,0.19013961399398724,
0.037158300570847666,0.07113807888539371,0.09664506590756956,0.12027114866310389,0.1418543766993493,0.16860418206302633,0.19838413831605836,
0.036825020452269645,0.06291191183310295,0.08111179719435933,0.0993764731961326,0.11630224824965815,0.13925226075095004,0.15760286028023845,
0.04199556602382327,0.07677498689273772,0.10287581078017992,0.1275898364508509,0.14651114582970276,0.16933706707819585,0.19106010328919218,
0.03527143477716122,0.06668514009342631,0.09134175321970867,0.11561337806254458,0.13892022626346315,0.1687892658664656,0.20211272553471096,
0.03585069844883918,0.06695616398666543,0.09423086064856517,0.12070921666874551,0.14231307014736713,0.16499316796348393,0.1867719753565994,
0.04708608348658176,0.08479229415220503,0.10999748336495917,0.12889925335645114,0.143634705728712,0.1618776442210215,0.17955018302264814,
0.042621580558103396,0.07566770489369475,0.09838471958351018,0.1176640721559134,0.13663841467274068,0.1552559997260237,0.1700818502704471,
0.03669915615324725,0.063810640426695,0.08163052826794635,0.09828891981320069,0.1139170209054647,0.1326816276260772,0.14753068555294388,
0.044882608653681884,0.08027399691013765,0.10584565539835358,0.12632351655069365,0.14088553614669572,0.15361149177727945,0.16632722888068938,
0.04211383932023026,0.07898869762232485,0.1108269492270745,0.14205244934433076,0.16510892430816437,0.18610302940019857,0.20337920551005229,
0.034025387219738135,0.05832198120700865,0.07544520565257892,0.09476300309544447,0.11876021499954058,0.1422195744423416,0.1671714892308245,
0.041532246772069986,0.08005621114125196,0.11166406446051623,0.14076033332291132,0.16302999902913876,0.18417992138821992,0.2044949649129003,
0.030845190638874576,0.048628098687539444,0.05994351194690874,0.06949489939824362,0.08066027774598351,0.08488216155542518,0.10000759366145465,
0.034999387939399614,0.05908224029394387,0.07545934431711541,0.08875948717693481,0.09932522061315371,0.11019632583571361,0.11712897617962169,
0.05883219959977551,0.10136529153549918,0.13472860762740865,0.16169097315623662,0.18313680702960736,0.20173560380187858,0.21637083883137254,
0.046725884654126255,0.09390541691843794,0.13785374252730853,0.1788972210714234,0.21118014158828013,0.23906005018280105,0.2663450899288052,
0.026485290600830616,0.04412346618052037,0.05531969424098912,0.06897596564657935,0.08828147192710808,0.11157745610396756,0.12567258815050583,
0.04573840003225105,0.08178661022738236,0.10918791218053338,0.13213849337178732,0.15184139436101252,0.17056369186321707,0.18814272959372688,
0.04502228611720709,0.08242002752277933,0.11043511794609978,0.13689497792380387,0.16087223865409642,0.18155974139128617,0.20089781732933928,
0.019153769617713253,0.027403330574704732,0.030684156336788452,0.03478779462461426,0.03806871912220263,0.044388775635170956,0.016683863179665307,
0.04148136517505116,0.07667809298506972,0.10397543220224571,0.12960233675686797,0.15069677832798675,0.17487658305521786,0.19506003965042887,
0.04115617920499435,0.07417098388780882,0.09748003103795279,0.1176806216065915,0.13451314538039705,0.15120251314181668,0.1666096262158061,
0.047506631011199486,0.08894072748576791,0.12119964073522739,0.15068579482970582,0.1755018969933588,0.20328469806213398,0.22819946620844112,
0.042918497522315024,0.08802249147516748,0.12558089417032953,0.15999409747490612,0.18619293756851213,0.2145870131177362,0.2468284157630026,
0.04811616716859309,0.09450968266354487,0.13099023240466187,0.16426127268526833,0.19281588111409284,0.22196004352612408,0.24614884572179577,
0.03775310877124515,0.06989286671248161,0.0940706748837225,0.11760803536866683,0.1351837691780933,0.1532423326289468,0.17261890589803192,
0.039116884609206676,0.06954687493243196,0.09209780246056358,0.11510666252917887,0.13685385013592424,0.16430548362566766,0.18976776769123335,
0.03676267001834122,0.0666659613707248,0.0903734132049057,0.11349506172875047,0.13818973471621335,0.16755500035243653,0.1998439530359498,
0.030859909946501347,0.055610236345438956,0.07484696487962957,0.09112494316828078,0.10676334789335462,0.12107914787262593,0.13354854744707914,
0.035058703749122656,0.056028600090595966,0.06885673304882005,0.08131912550507187,0.09169371477714273,0.10558093201816555,0.12168072144790203,
0.053090963211991214,0.09673473115584309,0.12666208285207667,0.15292623413764336,0.17656192737255502,0.2036389420203832,0.22787387548456428,
0.03529635816468623,0.060251908654218,0.07775967545001355,0.09427568831066754,0.1071775330247018,0.12531326162019243,0.1452384657165591,
0.04299102867741989,0.08208897523840884,0.11611117562702573,0.14841825760536095,0.17615116243633022,0.20681618072862068,0.23475498839230038,
0.04506488477869385,0.08121623936909406,0.10864624577947811,0.13307339917874475,0.1545569948934812,0.17908163993198303,0.20223290704831945,
0.035927760640299684,0.06347850955808092,0.087257049962955,0.1079085953260391,0.12365219564693021,0.13784195123025167,0.1488400895930829,
0.044936850631390864,0.08021853959741153,0.10701607062029751,0.13043111821847123,0.14718721577821764,0.1661936751718013,0.1854713741890812,
0.03931374610631897,0.0735359847339865,0.09821470238643999,0.11888478192621917,0.13559350132473635,0.15403821584030056,0.1716338819135896,
0.04136586195638381,0.07108681111233654,0.0924044834944261,0.11534765088833927,0.13935179097073516,0.1667078418013922,0.192856569060224,
0.0390389759065938,0.07904630613435674,0.11311377475311397,0.1450096027260251,0.16976163133465313,0.19599263154460778,0.22669072763784445,
0.034314159726124394,0.06121016087393275,0.08186517431660793,0.10083036178974679,0.11834107833717472,0.13716797323889726,0.15194223510416324,
0.035805686552153534,0.06512799108173534,0.08502331184654287,0.10361944266522265,0.12186784854499615,0.14430466654445886,0.16605831622850645,
0.040698316353402944,0.07266633125724796,0.09669967280872352,0.12113405697051093,0.13895931420969335,0.1623687025264075,0.18151642879215624,
0.03189350517377539,0.0526608031734274,0.06706172545596246,0.07957555077843216,0.08695570921474155,0.09858766152150739,0.10534334341585937,
0.03707423091644747,0.06550614189393407,0.0847266081770792,0.10137536988233024,0.11577351833532099,0.1321818725796131,0.1467478242778489,
0.05244158562832454,0.09661568039620917,0.13179042614447176,0.16319639672742356,0.1890992420911588,0.21174684175622357,0.23369916545812683,
0.043704315297244195,0.08339088545094081,0.11519999537692999,0.14322087498114652,0.16293866684983763,0.1816522418790975,0.2012542237791404,
0.04976175819952813,0.09010422237740182,0.12066528086155913,0.14688569162933582,0.16754332036098613,0.1880947716166392,0.20981290602926225,
0.036666778111557725,0.06663400610127651,0.08832859840039553,0.10942092002635499,0.12916535257800402,0.14992449863291357,0.1630431083649007,
0.04179586358086692,0.07295573624255793,0.09261880280252471,0.10641171322935429,0.11358982934867419,0.11257396913314659,0.10204940942744109,
0.0272908152499974,0.04018402992382122,0.04718489729653772,0.05338639260425897,0.05839998224569769,0.06855433758736426,0.0797606248027404,
0.034389125455500665,0.06467330884987035,0.08935166491342968,0.11122976657256473,0.12962181876772977,0.14876377418579737,0.16788843948506138,
0.030627672484919242,0.060436199832272934,0.08501567105403757,0.10803485059935275,0.12986547768765358,0.15577790359163615,0.18315491100183262,
0.033281119278493296,0.06098527954553744,0.08462503950854997,0.10528282593985579,0.12272484236606487,0.1377496434597062,0.14926782207285738,
0.04356403849236311,0.08998540306274151,0.12964614840720398,0.16610453308788908,0.19199701670330785,0.21974455055316225,0.25068647298557073,
0.03648216098775071,0.06419558841809099,0.0861360290134403,0.10897732057682659,0.1320492136707361,0.1582640433512155,0.18263280739592277,
0.041898225256789906,0.0759958941948131,0.10144436599358628,0.12480701737233398,0.14404892351105358,0.16544998296384084,0.18491596971140326,
0.046792965118093555,0.09421285566723847,0.1372212713815411,0.17891350216361307,0.21492634240568628,0.2499185022068344,0.27746026058431206,
0.03736210818698992,0.07135768621431103,0.09667318005588822,0.11713790563297971,0.13208245453364145,0.14881995906306286,0.16730773096509957,
0.027412836714543826,0.04437435077949469,0.062420228370203064,0.08016313887234292,0.10832814029756518,0.13780739034175402,0.14804202786647205,
0.04740270244521571,0.08293596897506796,0.11093846800123701,0.1343740184317461,0.151653698090925,0.16640489961062588,0.17790651900183574,
0.0399639488618089,0.07109578553009227,0.09555536116656058,0.11641228154772909,0.13265235664285277,0.14807646612125855,0.1648719145576884,
0.035996131506909286,0.06796942182533021,0.09297023436431909,0.11443417882236369,0.13022165276622966,0.14703761562721784,0.16429250305345947,
0.03714585335842757,0.06708125535611219,0.08702473739789537,0.10520714643485239,0.12281131056857561,0.14471168184957317,0.1641506108307561,
0.03498369195700371,0.05622050177067564,0.06945963651167732,0.0829519714716438,0.09613251107251472,0.11200869457378457,0.12543926025352728,
0.030659377101993176,0.05508003063649245,0.07470889410169784,0.0915770996627696,0.10464628954114424,0.1171441221709332,0.1313732442503799,
0.042854468774956696,0.07609627107329087,0.10372701977253662,0.1285604037600835,0.1489213177770772,0.16899993160077484,0.18597855821678874,
0.046920195383610405,0.09059294256841716,0.12195532614534002,0.14739724076281793,0.16700661179924825,0.18886383963469583,0.21303631342099905,
0.048930668834552465,0.09041308340851358,0.12038090377040686,0.1457142395581523,0.16624015528278038,0.1895540368587159,0.21410064841729945,
0.0418181662547109,0.08584559027085993,0.12491496981047899,0.1602136096093662,0.18396512832628187,0.20594046156440624,0.22527533653564516,
0.042799192851895825,0.0790604982265186,0.10919423106496973,0.1369408621520893,0.1581609435287806,0.17769331229215266,0.19451550137896118,
0.04921266629973069,0.08843725162035972,0.11484298541217308,0.13708938697832942,0.1570697752394352,0.17828739628478577,0.20099914121031182,
0.03354180549469287,0.062503803744334,0.08576726913035136,0.10597199047299262,0.12408967873348209,0.14582827227508577,0.16558646647788097,
0.011701362942817897,0.015131678786034343,0.01660557080177499,0.019876734618387848,0.02121948871480987,0.029900572184909706,0.028958058046579218,
0.044412219747640876,0.08088886353992321,0.10914417237211241,0.13585240197643597,0.15705953457912125,0.17940527148092994,0.1975247029280463,
0.0271509891224269,0.04091203294164635,0.04934187842328344,0.05840455584414891,0.06755073479706805,0.07357298822001487,0.08457593698165923,
0.03582559978448019,0.06918950079487102,0.09369697929459107,0.11378520314312729,0.12772668307807727,0.1458414540363768,0.16504343311178318,
0.04470827891859842,0.07931019776378113,0.10334004541524053,0.12307138220152558,0.14040737830774966,0.15763147000598154,0.17481183521931964,
0.048099844072146625,0.09175596590415815,0.1243769094291006,0.15253377309631622,0.17434762408177,0.2009866464893833,0.22678295616101027,
0.05239119459648574,0.09458845997180275,0.129472370462441,0.1610984403515574,0.18858117898201815,0.21483387428542117,0.23764336235313263,
0.046123550967713714,0.08888917442554403,0.12034203087688468,0.14709931094975562,0.169607500516221,0.1904036763588891,0.20808296694339515,
0.03895881716465735,0.07232415930340524,0.09606800462712442,0.11496293308527146,0.12986142055230984,0.14674551638309502,0.16447275470402764,
0.017601831109937564,0.024482990463416024,0.028041082005631164,0.02983818295850501,0.035449460809079715,0.045622785283289856,0.05621836037575629,
0.03723732750113119,0.06117649327354858,0.0762692031524113,0.09323068741243218,0.11332206897752058,0.136975414794907,0.15160224986815327,
0.041415089650069355,0.07882950346401806,0.1108321397475683,0.14068029878018562,0.16663649862675622,0.18959643320913,0.20808261716481724,
0.03578271916347119,0.0707256382055956,0.10230153397490176,0.13262373228738553,0.15517050116159592,0.17927005334494925,0.20051445532793263,
0.03122508552643946,0.05434978496761847,0.07064722768476456,0.08463423705082397,0.09743368962954801,0.10889542321698305,0.12006866396840189,
0.04258184598859454,0.07589491745076676,0.10218377856690822,0.12399252134264657,0.1406721838632436,0.15855282713222651,0.17310315510572497,
0.030963570192772953,0.0509570107841624,0.06311617249594997,0.07303907750538505,0.08469383384867948,0.09873899647476833,0.10806339293719462,
0.04481034190107333,0.0858739560695493,0.12017478501208553,0.15398876111102122,0.18329738747635846,0.21251147060206682,0.23744209617946296,
0.03477954216667089,0.06257455463891322,0.08476038313034921,0.104298033503674,0.11851553641113055,0.13158230823828848,0.14516461633261588,
0.03779791892479889,0.06864309673062305,0.09287145330825482,0.11316041035854967,0.12759331849605882,0.1411626414966221,0.1574355136434672,
0.0404750516457426,0.0730830346683904,0.098955923372247,0.12161756457821923,0.14148082854408495,0.1598286339888264,0.17587563757489735,
0.03849969379451681,0.06957341415171393,0.09170714795238706,0.11413590543533529,0.13484476394571662,0.15894746172729188,0.1839344210824668,
0.023365033847114077,0.03483935147214047,0.04265384466141508,0.05077395076369838,0.05849552069002233,0.06909904312052381,0.07676053102915238,
0.009774656572640655,0.0125619654642549,0.01324082238481873,0.012149293128366136,0.010040751218328429,0.006729367764127946,0.011868252067344062,
0.04353922620056964,0.08102622883291132,0.11270344713194642,0.14286434032942116,0.16729676324359216,0.19295236310500255,0.21567916467154885,
0.03790293205068785,0.06965129001139292,0.09245641774867296,0.11126867257402627,0.12711687934245927,0.1446401883053587,0.16312047670181648,
0.03870744492490115,0.06731477634784079,0.08702369982545088,0.10502740353156874,0.12255874229271677,0.14161348584008246,0.1609989859347827,
0.036383690169153715,0.06489294817707145,0.0842324311906614,0.10354403525457778,0.12391539707461872,0.14919549321322045,0.1746587260373974,
0.04227593681071623,0.07791774203882476,0.1082205534833976,0.1368980306122821,0.16023464246482266,0.18366746550506252,0.20325317495733958,
0.03826516375880407,0.07050192632076603,0.09605650099717386,0.11940281130561804,0.13870968156463795,0.15965517291259726,0.18065651190347146,
0.04949390241177362,0.09114903811296171,0.12225397975817655,0.15028601790603013,0.17411211800330828,0.20122967556236002,0.22771771842927485,
0.04079567309707501,0.07269969861129158,0.09760726303711885,0.11847198621248611,0.13263555691857215,0.14496837335906232,0.15691167583741367,
0.03368203422092655,0.06795107944435991,0.09513374973438597,0.12017197835586989,0.14199196976946288,0.16906259944313715,0.20197041337786525,
0.03471828689238526,0.052716189636878893,0.06310518810530766,0.07383887060953273,0.08351667695258055,0.09419519274015306,0.1075880388955878,
0.032337111579715506,0.05692949261914914,0.07238338380909196,0.08429681173175202,0.09364758162253076,0.10127040610426982,0.10480940510055803,
0.033312001916685735,0.06290446602681554,0.08449769381461661,0.10466636794138494,0.12532194235104901,0.14975126631397656,0.17761096002952112,
0.037920320496021634,0.07239060247462926,0.09955708678318582,0.12264872444346771,0.13884481389790795,0.1528887629234683,0.1647752332153524,
0.0339968239291455,0.057543108989982265,0.07256408689710044,0.08642509222268144,0.09885943222071454,0.11407051776874388,0.1268669409024525,
0.04151076993879772,0.07748907015415396,0.10378677513123657,0.12604443892909492,0.14615092452914188,0.1682679214190559,0.19322615857078282,
0.04654423494197794,0.08703732875111418,0.12169787271145105,0.15467830474901573,0.1833717520982177,0.21171829927826535,0.23873374872283123,
0.051592171560198345,0.09080825171760613,0.11826972005290771,0.14332161694941725,0.16537015648736225,0.18870142027279554,0.2118916385502578,
0.03412317564547868,0.0648510422023191,0.09201668264206446,0.11752597008436191,0.13881727100598343,0.15811383945026675,0.1771527921600398,
0.0386320853688638,0.06975498451645248,0.09275769876245821,0.11229571816670962,0.12798831411375722,0.14453938070988598,0.16089579076505708,
0.044030465487408146,0.07823260761138996,0.10263900752646622,0.12347110889685346,0.1410088362390446,0.15993660057985434,0.1791037450412413,
0.021498242914878597,0.030467309509059962,0.03503788221393276,0.03984128991071167,0.04515433661080577,0.05018475461747173,0.05210246565173789,
0.03786886156369836,0.06724566072879107,0.08702657398723095,0.10578810792070899,0.1241088280112583,0.14518457458309872,0.16549570818892798,
0.0545748536415241,0.09597863052305772,0.12962499282357323,0.1607618093482624,0.18632504369752442,0.2112139139192826,0.23416514528487417,
0.04025763848947042,0.07204501247132102,0.09469667083226488,0.11763277590557569,0.13906515412526488,0.16549568478504215,0.18761032699388622,
0.02125293719807264,0.029291410728733428,0.033021841020966336,0.035746440372609344,0.036111968557460065,0.0367314968450687,0.036122640995845265,
0.04776952416526236,0.0922547386917462,0.1297203414704242,0.16538834679362052,0.1969201945070603,0.23004261055652367,0.26115343479149755,
0.03920256341422506,0.06659318522095599,0.08445432149366672,0.10123869345504267,0.11628822267830331,0.13192164108326915,0.14879215488900221,
0.03417850806873914,0.06375341288549131,0.08561023705306771,0.10609492706864163,0.12564306464483724,0.1501638143437463,0.1754635005097538,
0.04743912647680322,0.08711591464592924,0.11883373933229274,0.14792405668587014,0.1723873109340243,0.20016804984541203,0.2259147496165426,
0.0425908321576039,0.07815028312683622,0.10617121631389315,0.13056714360804403,0.15054787413789564,0.1712873132357541,0.1919555700316191,
0.04482973595175638,0.0798158772150565,0.10460080162125283,0.12462493250523843,0.14054074739328828,0.15252809454536645,0.15837225851764886,
0.04172381867540766,0.07632004017855298,0.1035535897456774,0.12592652069472504,0.141828498158227,0.15838700044058024,0.17681293348956476,
0.03862941056925083,0.06841879028633167,0.0912942766633976,0.11399381080400747,0.13398919907506118,0.1556583919381742,0.17219672310208003,
0.04060785613108833,0.07499686938396802,0.09812331678180576,0.11662215153871122,0.13287965394599782,0.15285517788379346,0.1748144530969948,
0.04977916245891943,0.0908616821803641,0.11725995085000569,0.13778595940228222,0.15554180799977432,0.1778058834533106,0.2023085242471837,
0.042093702680803875,0.07581615786191838,0.10289825139068152,0.12670556682374734,0.14571991380923688,0.1633054750573564,0.18025697049551334,
0.043132387454908015,0.08077605974809955,0.1102020495514464,0.140235380938914,0.16839356535523736,0.2008579742725756,0.22907642143381873,
0.03931763931088939,0.07202185171296267,0.09675068694176546,0.11807666004191474,0.13525565491369915,0.1545128779642768,0.17320191682190175,
0.038904653311935926,0.06932887627939265,0.09121003204403878,0.11459330729866964,0.13965637639735126,0.17124038783806822,0.1999623211672813,
0.043533338432629576,0.07909312292481054,0.10556442568278994,0.13045255395076003,0.15326406817659954,0.17962987643922823,0.20581758096780278,
0.031795607109420324,0.06094317550484749,0.08635605612354168,0.11093682932255046,0.13072945989397047,0.15135798284267657,0.16996574527839736,
0.03279333518982946,0.06260958315639799,0.08832578333140773,0.11223740859570575,0.13302000706027403,0.15394083168959155,0.17403159977920526,
0.02669447115324326,0.040178199342569394,0.04929066524143071,0.05969100407458502,0.06945810919546071,0.08030152189246521,0.09429227037908944,
0.027068167601604784,0.043231064318697415,0.05096729037178878,0.057962422014073346,0.0647906795694393,0.07254188742333754,0.07751039579367855,
0.04948421834942902,0.08762191860463955,0.11574812891661801,0.13986797837535286,0.16025455121374332,0.18004873335635022,0.20084869818992682,
0.04400117101074111,0.07906323716975384,0.10415382625991267,0.12427424370472305,0.13749022265685437,0.14949845707314677,0.1603199518239961,
0.04836843982068293,0.09404774437918066,0.12920525095791643,0.16040313207167148,0.18565355107471732,0.21411224177217295,0.24317769263954803,
0.038593227631649865,0.06756548521752276,0.08970694894569677,0.11011012220857712,0.12889731983468528,0.15264538864402843,0.17382943484787766,
0.04310960531216074,0.0793345386053672,0.10758968971872308,0.13128467363337123,0.14880205378143072,0.16515041884105774,0.183520718251233,
0.04027757156130706,0.06850142786192671,0.08821197739695,0.10648976523004836,0.12426731168840995,0.14363387534899352,0.16087568046599812,
0.03193178861739548,0.05708415977116842,0.07460125964112752,0.08955024386820418,0.1026543516914099,0.11771519044000668,0.13342378026649623,
0.044149129452768644,0.08273034667422853,0.10972699771647018,0.13397820147596187,0.15592332652881352,0.18375786719189108,0.21167533882706133,
0.039973830221213355,0.07550240442707473,0.10114823713048234,0.12286675732881035,0.14195753668099434,0.16610355064816695,0.19136363868784012,
0.044112386591025864,0.08688869329120448,0.12010182979494395,0.14894905412204287,0.17040202414417793,0.19298922886115352,0.2168348990853819,
0.032124830487049616,0.06143983891009696,0.08532063607861284,0.10702239471129964,0.12401138145024773,0.14272552725105478,0.1608059917939926,
0.03715173510000282,0.06914190052475394,0.09420113537989046,0.11555671474295466,0.1308074166812014,0.1460349200062412,0.15932226526524576,
0.04959372727473502,0.09099655944624306,0.12231596768552924,0.15145129154873513,0.17692890120731633,0.2053731932357655,0.2317365600506071,
0.05386358120819373,0.09448670022396988,0.12496426109284896,0.150233411735388,0.1676606886441735,0.1845399192380476,0.1993659634950305,
0.0394272990740852,0.06881182872553464,0.08892704817379066,0.1075306898122731,0.12350422361745216,0.14202733875326964,0.1575793744809168,
0.05052198589304769,0.09209306795833931,0.12220089249090088,0.14881792200654664,0.17187138829113027,0.1959531585736373,0.2174740528782218,
0.04725688253605934,0.08802811459651701,0.11965135653688438,0.1480999180643529,0.17160261838426538,0.19593263962288604,0.22028974046346397,
0.02930776825591417,0.044727298199989066,0.0532924796576697,0.06003266147858299,0.06763868982359955,0.07622894250670419,0.08796529056865209,
0.05498601300209848,0.09756763609284712,0.12932840376095184,0.15701786809347237,0.17924227921556488,0.2033646363452627,0.2256547773204645,
0.03802949000589106,0.07140348241362207,0.09794648694472123,0.12072125927494425,0.13765793800206086,0.15516305847370757,0.17241262007907454,
0.04116714641619091,0.07676334315214293,0.10196659633641081,0.12288724267163048,0.1398573591048731,0.1609310854921171,0.18340861598227395,
0.039070202323421066,0.07290305246056773,0.09722771828343003,0.11827580542888089,0.1384522408582711,0.16388047665612937,0.18965100164760426,
0.0416084980102429,0.07686416195431525,0.10621141208048836,0.1322536875517236,0.1552631778171936,0.17568102635676372,0.19608880752502175,
0.03287775868343791,0.05105617490096161,0.060578065118559135,0.06873261352277997,0.07318858980650375,0.07430796678942153,0.07464430919892,
0.03834128171735895,0.06609978773542655,0.08565710653923377,0.10546835387995426,0.12263762174340415,0.13971941294604756,0.1546065407732726,
0.04990269803183447,0.09433241564268022,0.12971502246419067,0.16262631464293256,0.19067451983278969,0.22007162012544765,0.25002073904263433,
0.05009686895326074,0.09269720995244565,0.12420196487546796,0.15155037648235756,0.17436225791233784,0.20064599541200592,0.22779403544157614,
0.0392784872768228,0.07604724243932504,0.10502068530882523,0.12901640526851108,0.14508235615348372,0.16002029437910198,0.17615801385544685,
0.023774022081746,0.03338635353451209,0.039331548503978915,0.04561635678836836,0.05022399844587012,0.05391661940032273,0.05998920147876719,
0.04301987363422989,0.07781994836214735,0.10377024064305476,0.12757459661813808,0.1485314220008604,0.17159417161164475,0.19266233891830298,
0.04590298255706655,0.08668947839204937,0.11765173966360719,0.14521967286674456,0.16690634329003348,0.18904137931299225,0.207848048545545,
0.03511746739639848,0.06261958971391123,0.08281194330946401,0.10456762368835752,0.12695110223946673,0.15665609288834137,0.18747381936364607,
0.042216486137620475,0.07980299809191753,0.10931836986395664,0.13705840547912748,0.15785438030737378,0.17849321533375986,0.19945314216566118,
0.041304587917353294,0.07753857322198232,0.10438268263557533,0.13161110082779107,0.15814006339820635,0.19360130422433738,0.22873502851982866,
0.03287418236795168,0.052920270117745895,0.06586487045807089,0.0797441480279989,0.09306586288097309,0.10713876611817348,0.12463835753644022,
0.018720495826040268,0.02504488556944924,0.02852286334815327,0.03187666025170259,0.033320949239884975,0.03797828017747728,0.0383398100427879,
0.03199624293487611,0.05081504126851335,0.0615611357792449,0.07324646239542648,0.08329472960313013,0.09566030780133508,0.11000750818491052,
0.030494722759799302,0.04840002153455829,0.05914187404997758,0.06872206625627035,0.07815031044926135,0.08961680724426241,0.09726740970887696,
0.0425782497441236,0.07645178634157856,0.10103342136665588,0.12204781726097137,0.1389578570148904,0.15688081256413589,0.17547576153143293,
0.05240581063915957,0.0889315147771441,0.11675148804410186,0.13971763679357613,0.15728174069267478,0.17383548266771962,0.18967893244746625,
0.023296839641373544,0.032937210636499806,0.03864001729622029,0.045852339095498504,0.05449601422550809,0.0633273306694324,0.07361387714397827,
0.03819130693805478,0.0676820607425737,0.08892906435685087,0.10816464692920495,0.12455026827557598,0.1415073049862102,0.15800210839251677,
0.03714952873486683,0.0717538378250055,0.10453231920689639,0.12470014792617065,0.1237132082930732,0.09183135726140533,0.056902381288972854,
0.044314606498772204,0.08259308032135279,0.11130215910740297,0.13738798120220683,0.15967780214975522,0.18603225743457102,0.2098197768418711,
0.04428917472985032,0.08157436527907297,0.10807027441912095,0.12879583932549468,0.14405897609050833,0.16055457633931527,0.17978179096039534,
0.04073133625325134,0.07794275452691765,0.10955076638780527,0.13900563741301472,0.16174409086357874,0.18599346821392973,0.20436430996536376,
0.032755201753691156,0.061594087478888934,0.086076191142741,0.10771586365422077,0.12640367783097267,0.14313311578529286,0.1622578336635241,
0.03701119245565281,0.0645758939793436,0.08391768773650331,0.10135824996516646,0.11596040332560548,0.13138104651695418,0.1474498802625561,
0.035123755191620754,0.06485536607667035,0.08503113045811968,0.10219751412638449,0.117562841002088,0.13588554967403338,0.15290499969427168,
0.035974358608285455,0.06819908342839247,0.09191365995005221,0.11515719869438364,0.13894737278050706,0.16724516660439545,0.19481185461921113,
0.04153366474723262,0.07115290203534788,0.09061011133479331,0.10988114152298425,0.1265297149885061,0.14608081034948767,0.15942134128231092,
0.045551706841372094,0.08486306876699794,0.11377119633457154,0.14036363711681596,0.16347126993209316,0.19085209346070253,0.21676123196644623,
0.039129134390278424,0.07029172081320748,0.09361085618308826,0.11448524236663596,0.12995838883617233,0.14763293998953203,0.16345807772666968,
0.04558971392485236,0.08342347313906331,0.11336415636604234,0.14022832097502677,0.16257314489577385,0.18621694959465904,0.20769157748142927,
0.05214563091857731,0.09292291675096856,0.1244221226444797,0.1514115925677793,0.17128277441220988,0.19057854156910714,0.20755263138182248,
0.049984912674187795,0.0894961532822848,0.11810041498029024,0.14490513022106985,0.16760968987310315,0.1927090866111108,0.21400537177119555,
0.04322681270027379,0.07950415695306562,0.10603771709255713,0.12978537756510658,0.1511844244219134,0.1767282761027816,0.2021836511597853,
0.04410281083422276,0.08122687396024246,0.10775022855303033,0.13387507502263402,0.15830287681975697,0.1895874877631124,0.2202467728441516,
0.04352166231296653,0.08325687136333026,0.11415801190519627,0.14250614771905837,0.1663285746564933,0.19215663086377296,0.21871578065727706,
0.03208320493211294,0.05772472640294702,0.0770395843477566,0.09488523809896914,0.10825572716263557,0.12357565416783721,0.1373902501738762,
0.05115725537661867,0.09033522676974004,0.1222616284918834,0.15183262169066486,0.17633445594655225,0.19993528463570423,0.22227119713543433,
0.044449440180676134,0.08093332935343728,0.11060262197630048,0.13848737196874258,0.1601560131404972,0.18343823071761567,0.20448409337827642,
0.03792324689919103,0.07653726924188756,0.11066550084729317,0.1433916193550571,0.16793551329565035,0.19114867914011613,0.21144846699380285,
0.032519053593897895,0.051224416084025226,0.062348674252544214,0.07298894169883188,0.08420684795121856,0.0956973329320192,0.10724818115650303,
0.04097004615270788,0.07546407039534628,0.10338903449366407,0.1282610090385996,0.14706662302174234,0.16614768782512102,0.18457254583821553,
0.03925754650297451,0.06815688852158718,0.09219397359290936,0.11363454510321112,0.13102135332364634,0.14691473681983705,0.16171884081170182,
0.035266415504507945,0.06114825572605431,0.07823452892131444,0.09427495284539587,0.10816800004735656,0.12452577244657562,0.14128428774656168,
0.04350833978802922,0.08201017657991888,0.110182795112756,0.1328183450713256,0.14987089775479137,0.16847157508474447,0.18859088201015356,
0.025510805540796114,0.041895067122758506,0.056291837479196465,0.08035335212814632,0.11387830973921328,0.16613760757734775,0.2366865322093883,
0.047244203373909076,0.087060076001569,0.11611049506583364,0.1396331691333713,0.1574833096805504,0.17599530282408374,0.19652836511881164,
0.034021506505268966,0.05589138097259767,0.07056251566346093,0.08471962802173165,0.09626825591021913,0.1101412648655075,0.12338929712575826,
0.05322022206892108,0.09899130194488857,0.133915509173157,0.16706293761405894,0.19643330412098986,0.23031547439404482,0.2644479997710768,
0.04044454837937407,0.07290505863296962,0.10013119094540239,0.12419148990249339,0.14339570036419863,0.16278711096286086,0.17921181708229048,
0.04238246091253822,0.08187444403731449,0.11123395496468293,0.13461476433213118,0.15314939479352763,0.176204992549919,0.2035607888692475,
0.048467232504014204,0.08764227213809957,0.11749133256314799,0.14477283942287328,0.16837917291525886,0.19444637772294288,0.2192044363831869,
0.04492198259733034,0.08069964963714164,0.10562922970066878,0.12559755486320404,0.1424390759536794,0.1605101618754787,0.1791222000808782,
0.0404805195514448,0.07231658987421609,0.09559533622747696,0.11528755800877259,0.13126352187023907,0.14836860170119767,0.16374509506753926,
0.027048306363429482,0.04054001933787511,0.047709528251677076,0.05641173164076656,0.06467963048301152,0.0752156746209227,0.08467209188923482,
0.022602015839724213,0.03235591584289567,0.03953693475274987,0.05051117135986515,0.06482499747222588,0.07448190696912949,0.08051652877645527,
0.039504281832058785,0.07885430556166993,0.11308731258604372,0.14718747225356663,0.17583822781958697,0.20749740463415375,0.23546583309822453,
0.03508783617688315,0.060835042481369964,0.07771458459756041,0.09290977499079146,0.10687984552954914,0.12169261125067628,0.1361632579921839,
0.03474129356812566,0.06498978328042082,0.0889097234928984,0.10960824856925554,0.12570192799824986,0.1431766994037079,0.16036401767537714,
0.04644635045613826,0.08489169379320471,0.1165933741558262,0.14518932870940232,0.1676811478596204,0.19031292599191396,0.2099807279867035,
0.032619019779523056,0.061141279022255746,0.08321038025807334,0.10236856955057184,0.11811667464892485,0.1355183042520708,0.15395856756033344,
0.04268303339020108,0.08616176542500273,0.1237293721032264,0.1604218345619657,0.18720969287097475,0.21726282771187813,0.2512252736109844,
0.04161750148213189,0.07666085982266103,0.10303916821573038,0.1295981655084726,0.15456210981084426,0.1841987239904242,0.2111106465882365,
0.040188244343155224,0.07994844476710707,0.11191219077368592,0.139842264553942,0.16005340464281576,0.18066711764000565,0.20401225503263748,
0.03435447001549826,0.058465879070391115,0.07412404268751374,0.0886501383861195,0.1022691189033569,0.11657613358775863,0.1304235066008486,
0.037817792103447975,0.06651931743392046,0.08639346299760259,0.10524292521838452,0.12199045865290287,0.1412260752800733,0.15973697841798565,
0.03963016555691029,0.07149932605106445,0.09831991100039168,0.12261533965676841,0.1425421108244266,0.160801394279143,0.17792740380830455,
0.032240311785534374,0.0548614734021466,0.06905036075979075,0.08244084536852017,0.09650338213620528,0.11232685021098723,0.12881328902615147,
0.03558963934018131,0.06587835799749392,0.08850777149410761,0.11187049204581588,0.13354944771819868,0.16049309098572187,0.1830057314442676,
0.037841499886550875,0.06940346030968317,0.09479910588415273,0.11958800853079858,0.1386005107459771,0.1576263389003109,0.1736926080050694,
0.038375840392687974,0.06893895629395748,0.08981193348145704,0.10833836251781649,0.12096775407686429,0.13154386859249556,0.1342421330670829,
0.037857328969514506,0.06900015796735519,0.09254276647376293,0.11370804872256007,0.1307451567507548,0.1497928414050229,0.16725409812001063,
0.03709993574345405,0.06869065960521868,0.09201843729075534,0.1123483083520339,0.12735811626416113,0.1435158313401352,0.15949064501051805,
0.04340003485733841,0.0762990949218988,0.09957198711626025,0.11950965550636877,0.13502797441608674,0.1536813514566788,0.1699102943419506,
0.05038090713440069,0.08598612365455927,0.11209671540884643,0.13407436866133107,0.1513814123233219,0.16799266929129827,0.1851681518953143,
0.04157232343217998,0.07743390758408165,0.10212263264742426,0.12425937164754684,0.14442331426511784,0.1696896793477835,0.19611021530752965,
0.033061238253395436,0.06367116925961859,0.0899064491448464,0.1149389765183822,0.13538052073167167,0.15700245692661957,0.17618817174128118,
0.03808455283258617,0.06802177822821726,0.0886590470745606,0.10937849444768974,0.1327225838152987,0.16130712285902218,0.18925572418904815,
0.04033438298239745,0.07098405858618005,0.08872492591357743,0.10166807922332664,0.10933923747924494,0.1148971530932066,0.11358926700939263,
0.02792381473853302,0.05181872430918427,0.07240060023059096,0.09118209554162642,0.10568917440636846,0.12051241901665133,0.13301012889932806,
0.045171764753884805,0.0823693967255737,0.10710673674597261,0.12907444767168405,0.1502511408341112,0.1771937110702832,0.20372940942523596,
0.039643395721734406,0.0723270912567351,0.09763648295322716,0.12112585078780333,0.14051159561827198,0.16010829161109613,0.17869606126151485,
0.04465833654863067,0.08652552581261834,0.11862840382394431,0.14880176586517638,0.17670591245997236,0.21280011584016006,0.2504123785803381,
0.04548245564945156,0.0837105161742429,0.1138745997925622,0.138878130047182,0.15632313187466715,0.173207872059554,0.18993126238674232,
0.038136929059738145,0.06719967015809115,0.08753034389900814,0.1070465401465129,0.1258661595374091,0.14653149357014708,0.16648737470548647,
0.03739791129613553,0.0696170903624314,0.09433309831205473,0.11617958541208008,0.1335352303733839,0.15436782080770303,0.1754892357792698,
0.04348505396459782,0.07716494668787266,0.10217108874462939,0.12405179479858951,0.13976220122838254,0.1537857443078956,0.16072884488112363,
0.046437063587902776,0.08673231679479611,0.11574191706453402,0.14231731448431234,0.16596686290628052,0.1930309714385561,0.2196132213151878,
0.042954660370352775,0.07798155155226241,0.10452803741740269,0.1278031756754743,0.14613768029094507,0.1652779741000971,0.18324254915368,
0.04111199151256952,0.07324559212822027,0.0984325548330723,0.12024637279869772,0.13732561061900103,0.15225677287993117,0.1661317275416259,
0.03164913867259152,0.05848602274295326,0.07888127368896704,0.09734741940337582,0.11244314736380166,0.13076565073906468,0.14797837911797718,
0.03128613593063061,0.06115737030759923,0.08682761861680878,0.1108196678661657,0.13233373908328347,0.15696864862309834,0.17847138923037686,
0.02584673649124447,0.039052510006241485,0.04739762947789325,0.05707828981503185,0.06575942858182188,0.07532583967391168,0.08543805502311871,
0.0370690305429404,0.06419371158245826,0.08402422161561618,0.10497835495351744,0.12373648383747567,0.14776089718932187,0.16645531406387365,
0.04140957751121044,0.08015655987810488,0.11286752924023023,0.14260279659726754,0.16469214617908798,0.1867612721947937,0.20879669146999671,
0.04192750046372208,0.07367490916214682,0.09645507894143394,0.1153259174490512,0.12961299660451453,0.1424482008703369,0.15238059481439142,
0.037106927233740795,0.07010588356313717,0.09609715172430104,0.11981755336683707,0.1400006006138452,0.160770762531107,0.18329306509397078,
0.03089181401617846,0.05606373986875244,0.07424912330520475,0.08914451030569939,0.1005091824031087,0.1140511784999016,0.12566092202388182,
0.0392905657765084,0.06811402739555157,0.08756514012033476,0.10560736001398975,0.12029095161765796,0.13717886281371683,0.15220604533490362,
0.04211833429492191,0.07353580081662381,0.0960742464546594,0.1184086354277083,0.1392631253207445,0.16487597014848548,0.18861136591117572,
0.037350268777045934,0.06595542552900341,0.086126333267645,0.10431908106577098,0.12108264923294221,0.13832686508089234,0.15338991741436575,
0.03574113627886728,0.06604981571070921,0.08945176499967135,0.11018335592239133,0.12633323245341796,0.1414809300313562,0.15681987314198392,
0.02784319103447246,0.045920009730761005,0.059036978524832175,0.07684998982584333,0.09554403866155041,0.112457599134558,0.13480971421935115,
0.04214300674036408,0.07857417670576257,0.1076361277535179,0.1355355891610443,0.1589614435979987,0.18442575666463118,0.20889603964403786,
0.03152778841617198,0.05040763126852714,0.06208202836055731,0.07359433260637795,0.08620349438040234,0.10255826687264628,0.1144399839923264,
0.039715595843897895,0.06996346391073298,0.09102525866201824,0.11150782308885701,0.13171998941898702,0.15652894111820786,0.17946349215909654,
0.032793359530502116,0.06467170531223228,0.09353078907988745,0.1227227147555763,0.145416801364135,0.16808216563433118,0.18752214493130442,
0.029611485489927647,0.058285592152843936,0.08152247009526911,0.10305791985047953,0.1205296589877136,0.13938643405829249,0.15922978850241257,
0.03385498087315162,0.060396476250994834,0.07881564871580372,0.10090767923741238,0.1217374964666673,0.14951289196524348,0.17420746548961247,
0.045661572888596076,0.0808800232917846,0.10645436591502512,0.12925453809116044,0.1477958353423221,0.16787221717306897,0.18529433124878866,
0.044360953820223856,0.07917663550534458,0.10432623940060026,0.12577073471978897,0.14459975307793013,0.16415183754787993,0.18477784511308143,
0.042384710214209476,0.07949084161040032,0.10981912965312798,0.1406377959480948,0.167608581502424,0.19751604407444528,0.22516712970817562,
0.04369378955978734,0.08247369739198271,0.11473822766614113,0.14780289237145822,0.17713259603195378,0.209413297807267,0.23769014784079387,
0.04839944404744168,0.08461194715249934,0.11209950444101581,0.13489082877426462,0.15291264842153401,0.17011081342529313,0.18651955763055314,
0.0469434291990181,0.08665040060619193,0.114743863742576,0.13897973055931795,0.16072738046795101,0.18532635878757078,0.2102925903915271,
0.02717425739249541,0.04203220448307038,0.05267709555633169,0.06379428812797816,0.07566405910479557,0.08968511860411128,0.09890140705338156,
0.033128143019741624,0.060410041822336336,0.08323841241500808,0.10489328107743515,0.12284190487110641,0.1393304734246811,0.15633635538722573,
0.0404510201554704,0.07568080138387137,0.10174929220817938,0.12451598540186276,0.14221847347626868,0.156344797773251,0.16382295613400089,
0.044700260171332225,0.0815130210043332,0.10594926634223975,0.12575884330504383,0.1441361639688204,0.16537141789127655,0.18829209563410873,
0.04076674817132343,0.07619239214970552,0.10640327847916387,0.13513815910852597,0.1581348292378087,0.1833704339639432,0.2078441689518015,
0.05382419901803039,0.09650724862307307,0.12813347207145376,0.15470175015845558,0.17471173968877696,0.1958094846664265,0.21510505629583254,
0.040694277023080254,0.07579594922584756,0.10509230396170467,0.13237691667177032,0.15690962394439992,0.1830300567313549,0.20870971484706258,
0.04160737865174436,0.07365090749451762,0.09714054664271858,0.11678302544587281,0.13091530572121968,0.14439412052666606,0.15762044534765698,
0.03574667259541447,0.0663004962952302,0.08903071291702255,0.11312721254572133,0.13949841253748393,0.17055602038080045,0.20210628682826334,
0.0517206729713065,0.09312202124807241,0.12421739257395707,0.151054479107512,0.17124407484165668,0.1914755623920329,0.2097034068959855,
0.037294582645097,0.06800418803595495,0.09215007268346775,0.11311524145223378,0.13063229962439032,0.14755508040318593,0.16424858215142296,
0.03206772538888348,0.05281072072343155,0.06567143011986852,0.08031823406938451,0.09280284367605565,0.11078843010037756,0.1247412417311413,
0.043559343578850634,0.08046674506508639,0.1099991663857028,0.13917366822088534,0.16498986909076307,0.1933547952961874,0.22071862337323775,
0.03434792903928426,0.06634459908482214,0.09004244215629038,0.11019033182321918,0.12733425017401223,0.14833795049317522,0.1727884909934537,
0.04236832497270432,0.07465544255736706,0.09956818440290974,0.1209610468545997,0.1379987412653555,0.15471912677066085,0.1706160564224246,
0.036261290149696104,0.06258246933751586,0.08099399004493978,0.10002463952328461,0.11912932111907538,0.14154311997022948,0.16101263528203708,
0.04151783603119984,0.07892629288123654,0.10595970393255395,0.12844233361861165,0.14771502102634052,0.1710985609891889,0.19660968409451116,
0.04298016114346771,0.07532767767579597,0.09695649681225396,0.11667176288131358,0.1341174853874705,0.15199161234385358,0.16977264842154613,
0.033695759233678464,0.056072990414867505,0.07011198823709061,0.08320060338749218,0.0960990050747231,0.10837698330348314,0.11795838737824484,
0.04320541600550614,0.08051268938068282,0.10735436320452969,0.1295503568100325,0.14775882092558773,0.16854623055947823,0.18954012758284244,
0.030687465851939544,0.0483549414223479,0.06145010758170603,0.07510211153878064,0.08908866780822686,0.10464375217676648,0.1209256415922902,
0.04796365308085148,0.0887708305233928,0.11719523789814092,0.1408392930253977,0.16152980097997452,0.18499394413807757,0.20831103459024544,
0.04850727625157631,0.08868971885505805,0.12063349952520504,0.14998318737715002,0.17470616192821337,0.2003765369077656,0.22434049386792518,
0.037582645931783114,0.06641455583028846,0.08692597743025883,0.10746959580661886,0.12532077521721058,0.14586476357995767,0.16439621005344385,
0.033318685845492815,0.06085448242553015,0.0833642421805937,0.10388017934943537,0.12097917881476057,0.13742800542263564,0.15447610127637662,
0.044191343600510455,0.0778179455263551,0.1049441968924944,0.12887447572535776,0.1476771767509665,0.16467840313150098,0.1806367432338999,
0.031015329585256827,0.050674952283478986,0.061835533554499125,0.07075376114416049,0.08130660387567638,0.09979359604733781,0.11658554086768434,
0.048444780972627485,0.0898366409486044,0.12094245133525929,0.15046866089655442,0.17608347869417743,0.20588611437730026,0.2304602822739312,
0.03973899983454228,0.0742845959524825,0.10378952279318303,0.13244911147633323,0.15525060632105414,0.17782340764003848,0.19888277150976508,
0.04449296486856209,0.08257042426172094,0.11163342495015531,0.140312897355357,0.1679797726815701,0.19969397625074023,0.2309312470510983,
0.03652290245555711,0.06398519165513379,0.08212450868587468,0.09824844428898995,0.11294151873877575,0.1290570341882546,0.1455024230516778,
0.05542430955209103,0.10156864706056724,0.13465541670544112,0.1607492476225467,0.17978499782181664,0.19888971917001447,0.2158464443543291,
0.031227749693081508,0.04932972259544569,0.05932887555067102,0.06938624333408326,0.07970314841197312,0.09321558150698586,0.10384438422481425,
0.046457604508519275,0.08311431194323725,0.10982409365086003,0.1336750850647973,0.15462935306764525,0.1763463725495462,0.19808464463399406,
0.04209964077527833,0.08054332984386646,0.1094258697942482,0.13390485486056772,0.15491729762692952,0.1803653797609808,0.20659080383353712,
0.051911242589218365,0.09166649399823762,0.12122510505666256,0.1461372678150814,0.16433778031239832,0.18057663263913704,0.19383373957104985,
0.031975165860625564,0.06381653248653994,0.09074210660860169,0.11695579798868756,0.13667923092893372,0.16078820300728924,0.185547496519974,
0.02354994659502404,0.033903147447383646,0.038215855064574644,0.04115885811804452,0.04453417772127362,0.06039802644646042,0.15552290314685369,
0.03700136270765709,0.07102721622603485,0.0948246860819768,0.11525186262828081,0.13303650108033596,0.1562902606656531,0.18172125039308834,
0.04551918852464372,0.08301901728212624,0.1104499420812471,0.13311639825068233,0.15118404230377816,0.16918775387026394,0.1882680181703526,
0.053576121464375466,0.098608422437594,0.13412651052919264,0.16564738868571613,0.19105911990451996,0.21554442129964,0.23984068057201036,
0.03759780883437109,0.07238431312216764,0.09916944211568655,0.1234309261539945,0.14535713533338165,0.17146487143050382,0.20101546115465121,
0.027212343112807093,0.04032767521716087,0.04698479316927645,0.05521130731147755,0.06532814397005006,0.08116305003599504,0.085988112377325,
0.040706576145878796,0.0709752521548135,0.09249727783413363,0.11100863471991088,0.12610414688447463,0.14171877701320834,0.14271763206737031,
0.040451950222962454,0.06713206261752999,0.08584331786972385,0.10054352736981835,0.10861624120224546,0.12200413241345968,0.1285571185365,
0.05013945136419973,0.08919174670046638,0.11858024422946646,0.14407403414026024,0.1668442317267587,0.18839840162843655,0.210366453327129,
0.03034422225188082,0.04790718754716216,0.0601270586983628,0.07225929349018931,0.08782923785568196,0.09295277095704886,0.10797037370496004,
0.04609055695417912,0.08629191765724495,0.11656466032811597,0.14482994533621468,0.16910348257799482,0.1938897680168701,0.2169951690046509,
0.043465901451372906,0.07958847407404884,0.10632882461649891,0.12888512978937736,0.14644716856856743,0.16199855942994063,0.17423890611659598,
0.0468129316740118,0.0835478686889958,0.11161785090276043,0.1357630736890214,0.15532220166640084,0.17486911595791726,0.19413441481412289,
