0.04689673124379783,0.08740035742668167,0.1200722091959907,0.151911170705684,0.17865673206682853,0.20509834999157986,0.2316604931566435,
0.060706499549585714,0.1090842322639377,0.14702634088517066,0.18216922440401173,0.2106410964746658,0.24095339510482852,0.26909827120346014,
0.045223285932876084,0.07968860812646562,0.10239525108182454,0.12500416957767704,0.1463133958717351,0.17041882733802358,0.19406327924805797,
0.014926898042563476,0.023002499284360923,0.028061652557905315,0.03518617745892894,0.04235045193240392,0.04861024203515821,0.01595206207247275,
0.04333931471344011,0.07609837000320495,0.09890592834384414,0.11865327099428476,0.13901544035273258,0.16100804212524625,0.18669723216600978,
0.04980565522030737,0.0873517224872228,0.11445525556666841,0.13982589328876435,0.16415441405217165,0.18889409918414343,0.2146329285189169,
0.05458651046561214,0.10750977179658784,0.14729619848093914,0.18753754452731486,0.22751106947817712,0.2772139791645569,0.3283120037539782,
0.04341909841029467,0.07204845150791968,0.09032850534447513,0.10991232082323427,0.12804048273884835,0.14688270661457772,0.167395564738836,
0.052789904780222933,0.09555774507296809,0.12768882561673725,0.15457032806574847,0.17435612454061913,0.18607981739167914,0.18524731690146054,
0.03247516200734472,0.052378197938531455,0.06416356123956457,0.08032588958626884,0.09943737522063442,0.12134708845109717,0.13462081846418347,
0.043429195294393715,0.07467674175944004,0.09626206064229416,0.11555411761527827,0.1320884984433414,0.14902632869903568,0.16742441090225169,
0.04790554037970255,0.08604147126189315,0.11283014152055605,0.13982224589363007,0.1647321348296096,0.19500614085616197,0.22315634207162335,
0.043875669951558144,0.08058257328718545,0.10763702417967615,0.134153780946507,0.1592700051794633,0.18713394505851957,0.2139926318542749,
0.03727213548756402,0.07233537134773986,0.10442595499742607,0.13812536303712783,0.1670264199599082,0.20021654154048782,0.22583890041470533,
0.04672667671862199,0.08210598910852157,0.1052485674991477,0.12378143047674743,0.13712351148792312,0.14860530218091886,0.15616406658910487,
0.051959405362422856,0.09311442888814646,0.12854158785428338,0.163821726539334,0.19281312964561284,0.22338202350666847,0.25337362800801727,
0.04713759431306563,0.08572833607806613,0.11930994976183355,0.14913076887332405,0.1752816089683655,0.1959036637705364,0.2168065452095721,
0.03380859986303974,0.059881357086018445,0.08046908169666982,0.09945412383894842,0.11572013183062783,0.13448768705365832,0.1548827594823057,
0.035227724742994716,0.06389172539716825,0.08550836887556627,0.11215628129392931,0.1412772391254307,0.18491093140711354,0.20769489356147228,
0.03353604452478511,0.052131705912811376,0.06423679309782486,0.08252102737086454,0.11413496527434346,0.17055612057357183,0.286317289654476,
0.047425307084809264,0.08681458378900221,0.11803185345361782,0.14636129381895366,0.17065083117754998,0.19115709362522038,0.21522721857640204,
0.0575217454906439,0.1036257313342704,0.137937607963146,0.16852844982745027,0.1953249206806923,0.22346106776835237,0.2503046583957921,
0.010599105384929669,0.013674044263370934,0.013493171821192364,0.014079724057669551,0.019090182456362348,0.017929142075013834,0.03198741833181273,
0.03930389825131051,0.06606163276628746,0.08373005815561735,0.10061254029034454,0.11865890713271438,0.13841903394703928,0.1558263406133803,
0.049124512436731306,0.08515836109857684,0.11005574040615736,0.13025524760690932,0.14682968285608086,0.16291815946889085,0.17802077107890601,
0.04486377770297578,0.0819749186423469,0.11035880982850811,0.13815739742855002,0.16379154556803155,0.19115696695331155,0.22192436453170958,
0.03765018322173707,0.07134224040652429,0.09839794314165097,0.12714837132743165,0.14989482010926783,0.1860103255786992,0.2501629420501894,
0.04106568040374892,0.08001585040786009,0.11409146620632708,0.14737361163902388,0.17267988609338927,0.1994286066940264,0.22302072607563062,
0.05207241017276668,0.09664584400551314,0.12925466259943444,0.1582636668255302,0.1810124377586119,0.20687734496758522,0.23254734268496716,
0.058125026501797315,0.1020624423801058,0.13243323724161768,0.16062291490075611,0.1841811814330557,0.21087349157524707,0.22856609204205106,
0.0478475090534852,0.08646884001177729,0.11382548446680635,0.13740564585971227,0.15746693945865028,0.18052537943759403,0.20185549906187464,
0.041244320439515224,0.07169945517219721,0.09148074697534508,0.10884746426304305,0.12280920691791891,0.13802332117046132,0.15233971242438915,
0.04430147977643359,0.08241977040268082,0.11544981655991533,0.1471919964843376,0.17607293617184316,0.2022532880317481,0.2220159345739131,
0.020151824954486475,0.027243579154162745,0.030575463450045998,0.03413816713645546,0.038446542485096935,0.04063151738274537,0.04982211406599209,
0.04629633675572461,0.08534797425393074,0.11848290953055539,0.15237256858142736,0.17903212490210882,0.20805926942802025,0.23708237290785397,
0.048642906021898816,0.09683960202828532,0.13627306384585175,0.17022515187745899,0.2021043367942898,0.24128236400094252,0.28595322162833264,
0.052929582266032775,0.09372933983730487,0.12371130146740708,0.15075821708896864,0.17520615271046103,0.19965603435284826,0.22537022071010096,
0.04760226861048612,0.08886449312414056,0.11954495272790623,0.14562843138562986,0.16851555711752142,0.19604265352996927,0.223582477106433,
0.052128029190232496,0.09838843447793087,0.13113379356889257,0.15786517263946856,0.18118314586487483,0.21201683455640336,0.24507209117848094,
0.04305690853157609,0.07980438709028785,0.10852481918076856,0.13390483277799334,0.15557927910808936,0.17718279505648124,0.19973790134384964,
0.06199658541004439,0.11737081189816935,0.16007598861488642,0.20043632241809314,0.2359812511220767,0.27679598886002565,0.3188575477334785,
0.03971043528235762,0.06401663285743656,0.07852838843890918,0.09666930828236285,0.11492981923193922,0.1418243431843997,0.15943228982355206,
0.060783824564650084,0.10519833869601442,0.13902314544132338,0.16865170838818083,0.19160066289857622,0.21450743358325014,0.2354054121089686,
0.05270691540662484,0.09189503699839978,0.118974220472404,0.14621173757933864,0.1712718096198245,0.19739561265694403,0.2254866306781115,
0.051553965980681675,0.09441232143405463,0.12460086262672845,0.15461998489152728,0.1853112874044406,0.22362558066770907,0.2622616232535266,
0.059825617193539245,0.12096560644874764,0.16942057668961039,0.21334029080647818,0.2501711128279072,0.2963455333510296,0.3462442363231487,
0.03833502388510412,0.06183004573502073,0.07715579884342394,0.09101226461045167,0.10442841173808402,0.12383585427252605,0.1360823190871811,
0.0600977392682014,0.11344032608722912,0.14856128610763442,0.1765016605139728,0.20085274229318975,0.226118209274727,0.24772127592843415,
0.0447711364438556,0.0733122101591432,0.09068907746403175,0.10919062878500972,0.12384766822617224,0.14258441091915092,0.16796354344121575,
0.05340455802590351,0.09539226558835365,0.13082487470130755,0.16316498190566306,0.19142169147438395,0.21926590304274546,0.24790694964150473,
0.04457857585681483,0.07461452070476858,0.09560559816977394,0.11587814350172095,0.13525484083550776,0.15470521891748,0.17077122713594445,
0.048310264494703235,0.08850596725171907,0.11862521804174082,0.14455281328623582,0.16501535069469486,0.18582385593940529,0.20610489941148685,
0.06424437275901673,0.11363172444381493,0.15115950866512193,0.1847945918638948,0.21306183800962109,0.24045830888983813,0.2665431940180136,
0.04518874034110179,0.08416727668875106,0.11674972532303589,0.14910969835593949,0.17573069156766497,0.2055119819682089,0.23615118480438022,
0.06014756515591762,0.11298947862378307,0.15131444261322136,0.1808400071075057,0.2001518185490526,0.21500145402962542,0.22443298662419148,
0.03379206521557035,0.05653125503654006,0.07192973621666283,0.09426776558359806,0.12223633150617086,0.17853936981211052,0.2699294685398997,
0.018093548812479866,0.02469678408020184,0.030685859604225173,0.041186987210423694,0.04983530071078677,0.06746133226696724,0.08397386244018533,
0.025001036815598215,0.03338434865744132,0.04084449945578649,0.052907945387802385,0.06673257454591106,0.08129447308725912,0.10187830723934496,
0.04458006695731235,0.07554287910166231,0.09623408510890581,0.11434153354788577,0.13019703303856414,0.14488191791058955,0.15650651494093096,
0.05417552397762973,0.10781734362283704,0.1555022102830299,0.20340742598747816,0.24139670997986215,0.27727982208589197,0.3178445528321386,
0.04116208000854073,0.07583236324676351,0.10326034793221696,0.13194805886092287,0.15812666335087613,0.19402370011156125,0.22559845984416876,
0.0525046105505921,0.10363655426670512,0.1515828608168732,0.2026631139604809,0.24958783466633278,0.3020257560283459,0.3423284247685774,
0.055961774081784404,0.10181001419723928,0.1384089550935902,0.1723457259994667,0.20214196380792734,0.23261470912474871,0.2591562480173276,
0.05466049598384967,0.10445573893232823,0.13862289972488998,0.16272828269485556,0.17798495254055882,0.19023740553211993,0.19694495359877354,
0.05162499002596617,0.09846108328210745,0.1337750897751545,0.16557464784231385,0.19303079924350403,0.22694048798397767,0.26299650483619785,
0.05433883733060021,0.10211207831198607,0.1362872023384862,0.16737633358299894,0.19803948286784623,0.23477251118686726,0.27026602656250004,
0.03961280345448237,0.07323023280294798,0.09831690181268658,0.11780835601550924,0.13201349468477858,0.14714533607738123,0.15741233506721705,
0.04510481775765563,0.08202562146286399,0.11061316911212224,0.13688090477753623,0.15859499706999544,0.17866581408819351,0.18843676163270864,
0.05554209758999676,0.09466411013816085,0.12354380580027959,0.14806469313770307,0.1678512073800498,0.1899432627716777,0.210128435032002,
0.0679691906804179,0.12423588815197018,0.1693027979052819,0.21046981812717327,0.24303645685162087,0.27428813442605837,0.3016966046288158,
0.0714622418604529,0.14479407835684394,0.20557204070173318,0.26069637635940407,0.30173283590043454,0.3361915106114423,0.363124139497959,
0.04654056703321539,0.09260838988735166,0.13225405009656466,0.17941939768461876,0.23342305798448257,0.3098923045220372,0.39024258061689926,
0.03411243793106124,0.05295458307870495,0.06472880454250335,0.07948938245003222,0.09388333042056388,0.11178862418325496,0.12753072973155657,
0.049632142823331185,0.10255760353844842,0.14570275811395564,0.18874551807390827,0.23117709357079144,0.2831689186377887,0.3229247768303224,
0.06059362802080764,0.11034396272062358,0.15045439921119896,0.18591566872757995,0.21580093355968702,0.24454056214931194,0.2709039932205758,
0.04604860723539192,0.07843370404446827,0.10044580906101622,0.11889373281621297,0.13675897298578435,0.15264232635184183,0.16910618637115288,
0.07115597533362278,0.1280710305308688,0.17105026504475554,0.21016175074340251,0.2446367602491588,0.2777603814805162,0.305692262466003,
0.05541187652443831,0.10209514069710929,0.13637361031765277,0.16630590590583466,0.1906116595179269,0.21240448962550548,0.23117998719734792,
0.039689360122833424,0.0763670717725129,0.10833098666448927,0.13826291550384798,0.16286897978220474,0.18896808299912382,0.21149263705483545,
0.0560863857259474,0.10526569790686872,0.1476882639405699,0.18866860207002714,0.2233604332906748,0.25832318470883203,0.28932135669986203,
0.02181882455762338,0.030772945827624017,0.036540844836475794,0.04267253251955428,0.04708867804589395,0.05152161299806104,0.0552479737195266,
0.06745269356119993,0.1415746252011925,0.20404746774622506,0.2620021404584382,0.3070513764540157,0.3545674028899483,0.39848077981395774,
0.054141240263112095,0.09555329645360017,0.12682905199008399,0.15564550021429294,0.17960822412389957,0.20398626100352962,0.229696301347565,
0.06155502404599901,0.11437853144259678,0.15142224293437287,0.18199047622293907,0.20516698640436787,0.2299874603722394,0.25306966407718784,
0.050236280141684644,0.08312152646051368,0.104377293243175,0.12513034783108704,0.14450183779617243,0.16598860269177595,0.18731350159815574,
0.05378940684249077,0.09697663638667038,0.12917733338474108,0.16114015085259448,0.19152868776499185,0.22148154951229063,0.25586735063158267,
0.048845916687150555,0.09397480966004215,0.1263442569497126,0.15466083959192997,0.18126696776928,0.2099202168677319,0.23571955521924326,
0.04568268934380005,0.09005321029430939,0.1280759192161209,0.16548604023799218,0.19547366069050162,0.2247616063201851,0.25250790891718217,
0.04657479935413485,0.08551611027647431,0.11618668859249992,0.14320590937837527,0.16588817689512161,0.18864636067460308,0.2098063428418275,
0.04663610282406198,0.08071288574674712,0.10341722942078246,0.1263728647796292,0.14728928489843937,0.17668251319924266,0.2028672044081007,
0.06078981193213668,0.10945293283174418,0.1450473866088783,0.17553444817514222,0.19473928334845922,0.2105588471700677,0.2185960593438995,
0.06306002827190856,0.11315709338470951,0.15281234862625037,0.19002174000171687,0.2200938228618067,0.2513101162359075,0.2806622864458462,
0.04106074664946113,0.07993334166925153,0.11125555865830235,0.1437873834920746,0.17921820302467137,0.22337475385414737,0.2684628295432671,
0.03981532414402356,0.06579348798978768,0.08355419539669474,0.1027337299801196,0.12178425663306851,0.14880547792071383,0.16851602473557756,
0.05455307722677374,0.09626290855146384,0.12760520718432267,0.1575408298886046,0.18404050900900548,0.21427250854108099,0.24290841303830008,
0.043006459288113315,0.0806400731372286,0.11116833031328482,0.14802420845150926,0.18869622621139082,0.24547832337077485,0.29980278372993036,
0.0468707979385194,0.08695752657538393,0.12015707220050467,0.15151152562296313,0.17661538337108199,0.20182712780925616,0.223678663876549,
0.05796075275207237,0.10462750439375584,0.13495637156886298,0.16024902593378743,0.18056144261716375,0.20402913537269637,0.2269050912725157,
0.05664680063608906,0.10032370148751453,0.13157512481020103,0.1602893410797712,0.18569750931829018,0.21406469821982935,0.23556114016132923,
0.043681117917707436,0.07258319866628778,0.0907084767113001,0.10930067617335414,0.12713431526569652,0.14724250298617345,0.17165292511046812,
0.056210195483981915,0.10310806314499758,0.13645575077266386,0.16323612532106316,0.18329739896328656,0.20405648063175943,0.22343380310877914,
0.056130486131033344,0.10944635362937484,0.1538831845765461,0.1930193935624965,0.2194876050495001,0.2432010631202101,0.26838655100663894,
0.03023744860822324,0.049395001154652514,0.06372902299771167,0.0887474645004163,0.11057922093612475,0.12070167582056453,0.12786106084703033,
0.050695203857139666,0.10074317461406619,0.14173213159234924,0.17992469557313973,0.20697293213841317,0.2398910255661694,0.27422925514003993,
0.0312186705974485,0.04892061446505471,0.05887716523322631,0.0710350099812578,0.08778008282289734,0.10505434274698207,0.12102971544885527,
0.03953884690736264,0.06312193546651046,0.07802205023760413,0.0913821685034792,0.10412061475422331,0.12133132041470611,0.13231131468581656,
0.07497911288261154,0.131075176664501,0.17343237386909532,0.20874881461371006,0.2343897165292456,0.25607874150403115,0.27155407253204417,
0.03911085723889696,0.07972290298230246,0.11330303659224439,0.14152684657358444,0.1613532638607602,0.1830291815801692,0.20551975243830062,
0.029051977290427664,0.045710137938626355,0.058668133317731,0.07846260593742034,0.09892654495051086,0.1158497413813387,0.1344340249694049,
0.053500066678936704,0.09839408400932546,0.1325538416541878,0.16273476292373534,0.18647161595095474,0.20919801855947637,0.2289837360212526,
0.0564465711085216,0.10571875935266793,0.14284130022173488,0.17901874472618887,0.2054276651434677,0.2278948366807589,0.25103149866375324,
0.015192457430317878,0.019382405216930743,0.02337882105990902,0.02386414654508391,0.029562203891430567,0.01924430114465148,-0.009069755574323981,
0.06142066245179542,0.11313962449415077,0.1549631371799762,0.19622085372670373,0.2306673459650526,0.26953985654000223,0.3088641402271869,
0.05544706998908268,0.1003187145786306,0.12979757499066835,0.1548983024951217,0.1744658101859503,0.19559534571466602,0.2165692990345405,
0.0632403411326441,0.12032346349329309,0.164812174404378,0.20728519425920985,0.24217900039021925,0.2799643122753394,0.30884587340179687,
0.054977795807705385,0.11970773323325028,0.17826489915161392,0.23437130127030056,0.2800135449304053,0.33249834541068357,0.39401778624909417,
0.05738363048160703,0.11994748840847373,0.1709003783294615,0.2183081847108912,0.25664746805867716,0.2997244417009019,0.3388964976961721,
0.04942351443252494,0.09275088066845784,0.12627285964230905,0.1564364395681345,0.18015665413059756,0.20581264455683054,0.22721267779559548,
0.04574061748936486,0.07975321003295052,0.10669749990820776,0.13775252134677574,0.16747442128605539,0.2009565027874448,0.2388169073029554,
0.03949953575246312,0.07260293241661155,0.0997040286661132,0.1319894443039544,0.17079057679126045,0.2267978648752472,0.2803001301399374,
0.040461811287956805,0.06707406706836322,0.08457252397283993,0.09800439268164914,0.11274260077908171,0.12771130660629218,0.14154326044523327,
0.035998343693342864,0.055783566195366334,0.06771184899389154,0.08074419302381505,0.09626453645887524,0.11642254365209224,0.1332462123301782,
0.06410717691782868,0.11700119337117508,0.15404068412544983,0.18768040644254014,0.21798262453250064,0.2513050079536636,0.28626255310057486,
0.03914751991836895,0.06419706718114136,0.07956439124072563,0.09570431348660452,0.10962969923763365,0.12341951744262596,0.14493739870628403,
0.054916168267483106,0.10344412273173374,0.14487506356268695,0.1867217459384988,0.2241786353063733,0.2630417617286866,0.3021326373705368,
0.06337048157196595,0.11653019781059197,0.15690354695148115,0.19538892485424567,0.22975728572966758,0.2650147093584279,0.302046951109947,
0.04620224018795768,0.08099989739027437,0.10834816030858362,0.13228739873410744,0.14978958408253362,0.16632021290061555,0.17916293569915898,
0.05337950064567598,0.09493923154559994,0.127735879786029,0.1571797695361634,0.1838071185567255,0.21276792167080344,0.24115528813591788,
0.047670826294654044,0.09084299260543359,0.12252704235272725,0.15133692900212953,0.17478720386445049,0.20034833379678008,0.2228236118596609,
0.04456162240280462,0.07505184491798265,0.09813267748146788,0.12458013903172811,0.15214097109789435,0.18287990726269301,0.20809474449728185,
0.05015314520767299,0.10597665582737277,0.15378310997929556,0.19971428330063282,0.23826757840086546,0.2910008405333863,0.3475399364283804,
0.045075865553244436,0.07829737464860374,0.10162338861141629,0.12327450137144735,0.14022935655870636,0.16389495687056763,0.18397605411166526,
0.04538861277773924,0.07997559643164641,0.10398214037839532,0.1280253707246479,0.1543606386208776,0.18568169010788316,0.2147375971708183,
0.05337220977331923,0.09543786924091718,0.12668309471184894,0.15514359304179756,0.17859171348200154,0.2037398333266615,0.22707036337251557,
0.03890284300636051,0.05932387629634403,0.07142676723985698,0.08126619639715832,0.09433167283252958,0.11033075345431409,0.12017748652866679,
0.04385843074989194,0.07394975389657882,0.09491791583164738,0.11572097827525772,0.1352178862335194,0.15815199568185673,0.17925958280005758,
0.0732537634474273,0.1367870757769669,0.1860319085717898,0.229918665516351,0.2619645271246292,0.29070174109132557,0.3138750543152797,
0.05511325379729914,0.10801111045027768,0.15094590530229685,0.1893519529369384,0.2184255930324401,0.2503572070643534,0.28793200619533693,
0.06469976964014039,0.11835545821438542,0.16019699075910193,0.19733017169935746,0.22890520137459477,0.26298600495656266,0.2947504379080214,
0.038875930854707426,0.0691465495972727,0.09156844621695191,0.11814003472320243,0.1422528065420482,0.16566437806735823,0.17713855903596476,
0.044340090166324155,0.07731780010660837,0.0990204637006649,0.11617158670952725,0.12712815100377342,0.13567936002000938,0.14059457585800675,
0.02515445181765969,0.035574539207838846,0.04154764287759122,0.04985339044301182,0.05981112712042048,0.06936275747581361,0.07040287700430342,
0.045659504126200824,0.08507349183252155,0.1167739603307383,0.1469473752218672,0.17216375339022733,0.20133460279708834,0.22985013181267525,
0.040027286713681075,0.07548916412845492,0.1042267100348367,0.13804985834242,0.17113571759387763,0.2093482281384725,0.2409322340050675,
0.044684024335176806,0.0793106877197902,0.1069840611243773,0.13076291755271907,0.1496387814665835,0.16588769976186996,0.17930205236827876,
0.05137468818380065,0.11314663365146234,0.16751731546686863,0.21798150330828778,0.26074669297232483,0.31542844052811175,0.37382311153019065,
0.03947340233446439,0.07200312255558482,0.09749127824099975,0.1248229826577559,0.1524086832512985,0.18766352551254398,0.22243826428272573,
0.0548079821828776,0.09763531764372148,0.13001101418223598,0.161005108495861,0.18853926580496252,0.2184801658233465,0.24692083777192056,
0.06403026152465391,0.13610014178686403,0.2025404609229837,0.2688024182962988,0.3182557709903236,0.3642015176813066,0.405731176787676,
0.04950254380888633,0.09344532040069177,0.1258503132834631,0.15392800849482172,0.17773989861159134,0.20610119296529208,0.2385787782871856,
0.02457113600622578,0.04151837168317665,0.06169368137076274,0.09607905255883807,0.12670628051976426,0.16449633866963828,0.1896198068464589,
0.06608581025784767,0.1193583569332867,0.15993988983579435,0.19422478789015293,0.21803779176573837,0.23878212967176773,0.254471319274099,
0.04933284400947526,0.08806351470285995,0.11779134892670647,0.14347184513893121,0.16546501759923474,0.18836680528436037,0.2113276576876602,
0.05096596787629262,0.09738455353242335,0.1337702931742615,0.16575882060329952,0.19241654287625096,0.22242487813268166,0.25246260278979915,
0.04904208443582581,0.08425436616968152,0.1075044072976124,0.13041364896139915,0.15299060039624246,0.1795784193043843,0.20034155285131525,
0.03478682255442947,0.05367289215795603,0.06611825251170261,0.07966388012615867,0.0953615018379653,0.1148147091350893,0.13328139686428167,
0.04217105115526232,0.06969383697904162,0.08791795115479678,0.10363349500200578,0.1174395015598209,0.13137284873962454,0.14641954879476549,
0.058420493109673254,0.10116099752535669,0.132918846162834,0.1608820541086228,0.18066547300610683,0.19948752015445603,0.2148366640071383,
0.05617813767649967,0.11050800983963589,0.15001725566120286,0.18454524233219868,0.21394439811647936,0.2505507289564442,0.2897142021107167,
0.05840321663348883,0.10756433350396571,0.14364858479423315,0.1761379017525447,0.20560353094503003,0.23850754401504684,0.2725031275850017,
0.05167095613747941,0.11273406449101668,0.16351379979133937,0.2060384746213256,0.23543770649087012,0.2679621892910643,0.288893462376781,
0.053965695653238506,0.10265335200728386,0.14347379278634328,0.18067474265211872,0.20988735175836512,0.2369315521338419,0.2572129376249659,
0.06535555314209616,0.12008599286219604,0.1570438766240051,0.18951302348629567,0.21743640006105383,0.24896073970980506,0.2787769376391661,
0.0429357669886005,0.07752714569513856,0.10328153115464161,0.1270580456397726,0.14954545203737846,0.17453484660735807,0.19964463716242303,
0.008708216194590494,0.012398842811449427,0.013371690111920884,0.015847089157804414,0.016923793691870696,0.009682803101651176,0.02136952787592961,
0.06130305390148355,0.1109613301416008,0.148501349307903,0.18241184343082759,0.20802059580687143,0.23455777087417692,0.2543649980758363,
0.026063066528836523,0.03733245793239801,0.04251045984415033,0.050896267416185,0.060200863035111914,0.07326156253293074,0.08075744213408798,
0.04781706559609623,0.09292852656669229,0.12522313225527346,0.15367000546922283,0.17875067479833714,0.20980749351811445,0.2437196890737215,
0.053690117151082205,0.09429549205287628,0.12316727822411033,0.1492683662280356,0.17216015158025752,0.19768234443028695,0.2205280200398327,
0.06017277295635747,0.11574522324679938,0.1575851850531013,0.1950611287003209,0.2265874769611361,0.26164213963795185,0.29751838613247444,
0.07356459587740248,0.1329438867652097,0.18090543374607762,0.22527305244167783,0.26133785168186896,0.2963798296487885,0.3270309145926146,
0.05225461483855384,0.10134286311494609,0.13877403811942873,0.17369506450254957,0.20316080967041578,0.23052115050630925,0.24674113526286834,
0.05085343597311064,0.09291837680633215,0.1211376848780183,0.14558167442238767,0.16657618393897178,0.1898706782271681,0.21354532087856748,
0.016053084556660196,0.02173109557981508,0.023636135188797747,0.02851360413685237,0.028340526333169667,0.03706336688177767,0.027155385676508104,
0.04187795454320931,0.06808103174713828,0.08708654395269205,0.11120272368352084,0.13387220005974892,0.16269064095786395,0.18858528240663586,
0.06096878553758539,0.1199054226153451,0.16641067809799245,0.2086500248318628,0.23906605422485214,0.26408376281120716,0.2811698511039956,
0.03876010611339318,0.0773258231372314,0.11074887623496815,0.14320180100866853,0.16850579898872714,0.19686133435613692,0.22966898640193165,
0.039477345747266024,0.06646158949338592,0.08639996140026972,0.10552796146328675,0.12355747491739556,0.143749357514242,0.15928369602111345,
0.051369252717612966,0.09138417954130955,0.12157430673778787,0.1479250848195601,0.1676625840981703,0.18656949620973012,0.20512864637689876,
0.034295622449457525,0.05137001236429397,0.060332006630555254,0.06904882486160238,0.07890169385325123,0.086181134767971,0.09735291543067266,
0.05941960484368008,0.12037453380914429,0.17438992545487308,0.22939191887806745,0.272249394064396,0.3243873867075271,0.37612474211426905,
0.0456164645803486,0.08040562870692099,0.10492208007040736,0.1264835335458461,0.14382981617617052,0.16132252776084277,0.17789117554806008,
0.04831854283864522,0.08950075747466008,0.1214170455572905,0.14849903666854444,0.17063722259061845,0.19421994100627024,0.21932190056634682,
0.05881139651174413,0.10429743331231493,0.1402972208909961,0.1734931185321977,0.1980785865592338,0.22352513724841958,0.24452895852288245,
0.046794257020625445,0.08141115439916664,0.10613006215727748,0.1320423912570803,0.15782032098473528,0.18420126428580494,0.21176635046535355,
0.022177468062906328,0.03348889129945621,0.04190507796436017,0.05307673709285154,0.062121471193549646,0.0726383543359292,0.08271487794274336,
0.007557278887418066,0.009326872522336504,0.008782541205757891,0.008392626983093393,0.003439886349577595,0.006626753830514027,0.008803925046893197,
0.05806689237488231,0.10780323076260923,0.14959726130962728,0.18918749438621085,0.22246830466538367,0.25740998261930714,0.28876431012585774,
0.04764213988297246,0.08498460385358118,0.11128689622720143,0.13470805439724468,0.15589441037720841,0.18056670492561028,0.2046146632001331,
0.04900998138510634,0.08448240448512567,0.10889756561328409,0.13461401045007926,0.15871587013440439,0.18701398193198077,0.21383789731899783,
0.04594085274463029,0.07898370980746516,0.10255570893790641,0.12912579840536886,0.15790759913978641,0.1941019705863532,0.22918055432320725,
0.05899174041574941,0.10529923121060518,0.14399735991196413,0.17940718438169204,0.20919992885274033,0.23952111468527637,0.26474821736402787,
0.051045285330918067,0.09223999090334119,0.12298633290801342,0.15216464720715,0.17789988748795316,0.20540642903329662,0.23343597749264028,
0.06475765017260172,0.12199121307077208,0.16594012121635854,0.20829378124559367,0.2452882234021252,0.2848244838931963,0.3239595827393684,
0.05137668729005663,0.09252999507601381,0.12295129922416614,0.1474025822046635,0.1641293908238943,0.1799350101664603,0.19494402471469605,
0.038692235364285746,0.07477499637912785,0.10505051375642446,0.13913469807510656,0.1771030659542466,0.22705253050165722,0.28022010568876954,
0.03573520845923279,0.05027871271223335,0.060984413453482454,0.07809566632512911,0.09553554550536947,0.11274542082541902,0.13097886999198496,
0.03956439238596922,0.06410581390219273,0.07703465504843433,0.08758354586889151,0.09577582241266357,0.1043140136631176,0.11823838085945487,
0.041305836213174574,0.07379497421894687,0.09816014317134501,0.12506854638311293,0.15446913417804067,0.19314112934852562,0.2303005552148842,
0.04538786822495903,0.09033103812934709,0.1264181103726791,0.15741723708525873,0.17921812451973804,0.1999857297814129,0.21788715596934843,
0.039530954103526035,0.06400214090773926,0.08005013618442548,0.09607464657838205,0.11062972479828272,0.1297822347820032,0.1468503666710959,
0.05255035101261831,0.09891180288691473,0.13257353000273858,0.16409258885738542,0.19250486349682222,0.22793312013898465,0.26546466952763076,
0.06748707795502908,0.12877931636138754,0.18036609897209097,0.2298638035737282,0.2729370337851568,0.3148234283252686,0.34973758157800233,
0.06429994338772184,0.11613754188311638,0.15239435976642993,0.18445718588964172,0.21103512539562982,0.23703973024986225,0.25983149394057187,
0.04643362135368072,0.08846204125185497,0.12566936419989713,0.16074383076122334,0.19001374163684603,0.2176451229517535,0.242340709250378,
0.04743470332689818,0.08428970008454163,0.11101169169232601,0.13434971389727496,0.15462917832773473,0.17598690332837855,0.19346681840079968,
0.05225470118929874,0.09225175249944925,0.12177447515150305,0.1485265693534492,0.17271022731440877,0.19835241756615127,0.2215737112301587,
0.020320091935264302,0.028607177377709316,0.03215655496725674,0.0370917724635102,0.04148985033287388,0.04693212351813454,0.04869307089947647,
0.04751229756989874,0.08326292934301253,0.10857402701735935,0.13389518092138913,0.15896755899200632,0.18798819164083852,0.21528937740395285,
0.07518064316571367,0.13403109056862744,0.18157818660129674,0.2256602718516951,0.26334724845827445,0.2997835548731727,0.33295899190153444,
0.051748082251005266,0.09146434535774406,0.12108385147725448,0.15175487408756252,0.18160872550323548,0.2168869597727385,0.25134385201767795,
0.018800290048611598,0.02709304718096263,0.032608418176986065,0.04214162334352254,0.05153983929270294,0.06546212202798077,0.08058277511840785,
0.06022388744114174,0.11892674830998237,0.1687958009391761,0.2188820325102465,0.26058900500063237,0.30342989694798733,0.344218666564098,
0.04417328756173928,0.0718760156222635,0.09133083510149122,0.11064429840005699,0.12972647552788774,0.15117872201573868,0.17287848752525037,
0.04356880152560433,0.07940833116396505,0.10629695466021945,0.13566612952731283,0.16700639371630013,0.2074758429591336,0.25191926705796414,
0.06160673751765156,0.1136304887850083,0.154930927996414,0.1947681295487129,0.229983900971988,0.2654778097241019,0.29994159204368215,
0.05369159689002667,0.09812087277715996,0.13222701578815443,0.16317745231027206,0.18885095970204505,0.2164620773828011,0.24139524927072867,
0.05807576790117384,0.10568033300726652,0.14062171671268428,0.17080250332344357,0.19280387212381092,0.20923858033225165,0.2171593550107665,
0.05478526304280669,0.10204153387215122,0.1377717910668278,0.169336003006553,0.19492891757092398,0.22444493939670704,0.2551649975330085,
0.04774872726546935,0.08246024702932785,0.10493713705230007,0.12511581098083702,0.13983144625448216,0.15314226480945328,0.15954593722169366,
0.05018940695027588,0.09081499902560354,0.11781537269754237,0.14305158234168766,0.16710296318084913,0.19535871945821498,0.22264442234489207,
0.06009594676567028,0.11024193679502046,0.1429182505850302,0.17170756160183404,0.19888564830378658,0.2324390794330948,0.2668460824300976,
0.052843621234516094,0.09425081357485217,0.1258911931699307,0.1548483661353368,0.17773710026586134,0.2024016870091031,0.22265072230687116,
0.05576837055395941,0.10555341601055315,0.14642367371663928,0.18865807635509246,0.2248474832762117,0.2690189446911196,0.31439420393959194,
0.0480646779695627,0.08827702200078842,0.11764658604874521,0.1439178333378209,0.16579576704592375,0.189680745996575,0.21318356724240334,
0.04668481440547841,0.0822147524193739,0.10840945077012877,0.13875592473268744,0.17091485071637427,0.21031392982872624,0.24795819549765938,
0.05598737459221554,0.10029368408951464,0.13283165312921158,0.16590749189163767,0.19693485189895626,0.23164321948873065,0.2675522829963129,
0.04621694679523161,0.08736782231291718,0.12399065571384767,0.15873480065188944,0.1888473785560385,0.221413675610277,0.2488960700173379,
0.044297603677611895,0.08191225499110959,0.11341652387721007,0.14342623951193642,0.1695815078239773,0.1973299635575167,0.2244272214694212,
0.026784008670006167,0.040144999429109866,0.0499845612030148,0.06345987431508777,0.0749381619791728,0.09210347469933951,0.10364100185996833,
0.029009596243568653,0.04148824712777804,0.04614496775905259,0.05103291955657308,0.0555604899527252,0.05988396943684249,0.0643844236766604,
0.06281666224573886,0.11245568971868754,0.148928958444011,0.18211755390201337,0.2089852313624979,0.2364262590221179,0.2627866715109382,
0.05813457633315433,0.10507901932587878,0.13685419912354294,0.16084673416121745,0.1774744706079623,0.19164342972253293,0.20280093096911922,
0.06389278912198645,0.12781528298070446,0.1789187927162216,0.2263059921397789,0.26783889682485745,0.31462299425407275,0.3618226622361517,
0.04866461397497269,0.08231190217945343,0.10547491318363489,0.12844829427781232,0.15072602157005102,0.18471064122864864,0.21544490534295846,
0.05634198612533209,0.10571630148519273,0.1434960496826074,0.17664708284246886,0.2030445746662222,0.23221966118073803,0.26217409364448885,
0.04323320279341915,0.07319430445026863,0.09572082238966789,0.11778078901540895,0.14134114154745012,0.16746558042822085,0.1903568644893979,
0.04098557345404428,0.06973656651306126,0.08911154474826916,0.10762336137638787,0.1254262586031875,0.1464292461685233,0.1660282709585385,
0.054378160971119076,0.10097617510239836,0.13419839660885993,0.1668331756845059,0.19984899191021327,0.24121925891419282,0.28272848517182986,
0.0508373025964451,0.09927501213791985,0.13487813914408273,0.1679199460724339,0.19982159043540257,0.23843297251377746,0.2755729093764451,
0.05132795352764688,0.10288816459301459,0.14458361745830145,0.18137395993926242,0.21221764183439276,0.24803732873132178,0.2862889144434813,
0.040598845595405164,0.07503448353211582,0.1023647099198967,0.1283560411200391,0.1500716449408701,0.17404908780504832,0.19871759391216692,
0.04748308824022715,0.08987995090886605,0.12211651734680351,0.14974909386843294,0.16994041662714188,0.191077605891835,0.20959870965315744,
0.06344824973644958,0.11792838993675049,0.15926437682912378,0.1979817705127502,0.2297910076953465,0.2615850977078088,0.2886117410087807,
0.07003500292063031,0.12476211658567132,0.16462987401557083,0.19698753993384785,0.2220502526576976,0.24435652314627768,0.2646072553758641,
0.04736595563598308,0.0797387410534679,0.10185612227315359,0.12198122701880011,0.1399252463435161,0.15977862421301764,0.17817758948721008,
0.05844880347800308,0.10868188644307156,0.14511747132479866,0.177718617662962,0.2034522500286639,0.22923926109545792,0.25122379617047186,
0.06487207276822979,0.12394693428445883,0.1706289401217942,0.2131364623957692,0.24782478442111253,0.28213560507713725,0.31267023362759955,
0.028429606178302196,0.040161051711860074,0.04537781495677883,0.04840215922977205,0.05230472262085454,0.056708333776814016,0.05491350232949849,
0.07049378196452277,0.1278132189849448,0.1711791066584671,0.21028378694463157,0.24324626743241143,0.27700423354055187,0.30825063363373856,
0.0464251549194508,0.08656291946503114,0.1181858672343336,0.14651848819357555,0.17049321325077527,0.19565476837006968,0.22075086703104127,
0.055424963554033375,0.10388430919964864,0.13849386440014572,0.169964560504959,0.198796536395394,0.23302444521708313,0.2681023194434145,
0.04692376095833357,0.08402547516841703,0.11025535066480073,0.13682427338703207,0.16373810358745822,0.19778678183799545,0.23045216209669606,
0.05130484172800656,0.09430304580662396,0.12841825452261701,0.1596678348317048,0.1867138991464921,0.21374436689375695,0.2383259840657694,
0.03491916882761712,0.05537406609488487,0.06881182921649641,0.0821077648514164,0.09295142361107862,0.10282988129738867,0.107502281258295,
0.04729717842661089,0.08417817760346388,0.1107260439713506,0.1358758905778031,0.15602448893140086,0.17582956634171848,0.19176478097681562,
0.06499712542008546,0.1256196549011836,0.1759995268419913,0.22572733118891314,0.2692912600686393,0.3159799227937498,0.3587493468606716,
0.06421986715413341,0.11965742456920479,0.16176671765620015,0.20121507888707893,0.2366769974814034,0.27750549928601537,0.31601176502615225,
0.0482706162075839,0.09707588607026843,0.13503696358227682,0.1667410057748564,0.19038241126827835,0.21864333421118445,0.24635066832825447,
0.02257635112807535,0.031356465554351495,0.03694750774681138,0.04324118124368154,0.04810325054754117,0.05354927060056866,0.05763413013627542,
0.05719889595750292,0.10400432001245491,0.13932487436538207,0.173166406990503,0.20353395912695488,0.2372802706850619,0.27143744029699984,
0.05490752254447896,0.10613671129285962,0.14432687690432566,0.17830881772503604,0.20397109453493764,0.2312925021319838,0.2579875215784497,
0.036708129307900295,0.062400435066905846,0.08535654317517724,0.11713436619731013,0.15924564228401628,0.23113577327980478,0.31809757371381553,
0.05958946151875988,0.11878251426080383,0.16591728671935543,0.20774947086343115,0.2395023012456226,0.27458335129143824,0.3109652486999511,
0.051044171508917054,0.0919331333743006,0.12289056730832229,0.15696755493429054,0.19296823697038631,0.2403709792510061,0.29000588027310664,
0.035971052834131004,0.05653279534277069,0.06966858365616832,0.08526478510117387,0.10070752000708048,0.12009293010229853,0.1376572028189279,
0.014775549753869265,0.01984956387314698,0.021698749164598564,0.022305913565943226,0.02432852090085547,0.024329372117742755,0.023184487144972978,
0.03393306771155842,0.050215910805683,0.06072162560588134,0.0717945467756471,0.0851292227114675,0.10068788528822764,0.1223201485297804,
0.03129775145231586,0.046811132145770554,0.054912342836004116,0.06256617288021359,0.06786141392497,0.07449356671919247,0.08475611387039103,
0.0560915683786986,0.1001654857540178,0.13185118942489557,0.16011323322572657,0.18393620690633355,0.2100534346103592,0.23447334368179668,
0.07212207619264849,0.12447992253726518,0.16384466114039883,0.19792143316756977,0.22555614152298875,0.25272518791727594,0.27765259131844483,
0.02205850729258254,0.029940378898740464,0.034382363192895164,0.038817561600571274,0.04543307164208949,0.055691065006224366,0.061998533193012274,
0.04289290952165028,0.07317284547858666,0.09431469225959674,0.11338142929498582,0.13061566224423157,0.15042274628616048,0.1686221515287825,
0.016372396581808668,0.026021070396696534,0.03450956093554149,0.05294753021524611,0.06778380967320925,0.08201748293299849,0.1110097712339641,
0.05936126415862294,0.11069478378568458,0.1481120639369875,0.1829015139784358,0.21379745842590372,0.24754415536689364,0.276751409312396,
0.059659785617252936,0.11108876535115667,0.14735440560320973,0.17774152441911434,0.20341996818707045,0.23328229575125858,0.2644243054659674,
0.05389347902538337,0.10352918549113327,0.14590722827979524,0.1863674305474247,0.2177375763553821,0.24696533064912035,0.26696955947643114,
0.04374323153347957,0.08220350172176802,0.11359607429492515,0.14294396542641244,0.1687635812514186,0.19664043236287584,0.22419234836318241,
0.04783803429515547,0.08023617631543091,0.10154207316967855,0.12189047405118922,0.1403697389633117,0.16118986567128613,0.18133794699921132,
0.04358188101869413,0.0771920612909459,0.10045836962041543,0.12297498384699401,0.1453305366515993,0.16888231099389292,0.1852631884986404,
0.03920013601851728,0.0743055092976462,0.1037768816978697,0.13755603030071586,0.171819244668524,0.2149100654302531,0.25484864914856825,
0.04771778403640068,0.07890172223442668,0.0991315628403555,0.11822678171838034,0.13485035875411075,0.15274078041022685,0.17237088802964404,
0.05979983935386413,0.1118515275086729,0.15288926647532386,0.19337897778930396,0.2311450345871364,0.27472770627956516,0.31950611134061374,
0.05252959120295127,0.09275475332857994,0.12183933658245392,0.1478300686069332,0.1687434128633032,0.18964880993865088,0.20541773728416957,
0.05694729507748936,0.104003211741201,0.1400640680999459,0.17467955330264814,0.20444376112854729,0.23640688294318582,0.26449621505357446,
0.06865108477688697,0.12725252451211258,0.17129321525311592,0.2089418851886699,0.23717242228659252,0.2627170469375743,0.2825721725651888,
0.06910620660216663,0.12636621878470655,0.1685726239737623,0.20766064450462604,0.24049431988092132,0.27396144867542366,0.30362851947138847,
0.0546294989817972,0.0999812143037776,0.13315171810870574,0.1655942000053416,0.19550966166270894,0.23044987991300533,0.26306281341280924,
0.053388699747383424,0.0955811771502131,0.1269330490869534,0.15945125846820932,0.19140911405630365,0.23282446213362876,0.2734108947670372,
0.05220143801272202,0.10207631697808242,0.1415684426667951,0.17894911461929588,0.21100123663777487,0.2514559837630248,0.2938281735994632,
0.03939875840011987,0.06472591197374253,0.08139046550656164,0.09813647243363342,0.11616295128339875,0.13611441882077788,0.1606314465055982,
0.06948175474804993,0.12528848018348152,0.1704816489952807,0.2139304502283556,0.2507355679341642,0.28778234435389255,0.3223850720474108,
0.06344314572872452,0.11648937181794401,0.15888323217820166,0.1978841405892923,0.22994800354956144,0.2619315215731374,0.29147163049230324,
0.05079970799981143,0.1054233053544988,0.15377571966380632,0.19929204007551232,0.23295761965349077,0.2657171594614388,0.2987604672026838,
0.032096958014550224,0.048573574367461535,0.05856744229294243,0.06928548561091037,0.08257264659310339,0.09814539688816373,0.11059506688584492,
0.05155783721543004,0.09704619014469387,0.13505103900542634,0.1695333047323085,0.1973625372590439,0.22659486477882307,0.25497737185811065,
0.05804449912553389,0.10287387117200804,0.13940007972002003,0.17328761972103657,0.20124242444999893,0.22975652725378395,0.25675254491153676,
0.04583213635932286,0.07554702484320189,0.09503681001690371,0.11429554730823933,0.1328287150724039,0.15434671499385008,0.17585445359338855,
0.05538108933787053,0.10737629690076292,0.14500140759473296,0.1764151691773509,0.20286191475681908,0.23313520297141585,0.2647270264363546,
0.024426909321163023,0.036987176304482845,0.04824079200172611,0.06764705664384976,0.10948620579738942,0.17622332029557009,0.2774294332772287,
0.06569439047921236,0.12261147303813488,0.16465565188738313,0.2011427644738866,0.2307040356840579,0.2643061266862362,0.3005357365326519,
0.03987570005329012,0.062066874768181214,0.0777005709474423,0.09568429335978011,0.11393938921727877,0.13450474313440328,0.15606845547746323,
0.0667035472435358,0.12698225577932737,0.17556273060634725,0.22587319123917315,0.27167653617325777,0.3246174241885949,0.37480504690256056,
0.04991214016637371,0.09095438811951195,0.12354981573806163,0.15316632938293398,0.17691674643066257,0.1995951374577461,0.2193632387290952,
0.04950556251099397,0.09596921107345226,0.13097611142035961,0.16207286904372895,0.1925916042589996,0.2317374382529304,0.27522936146560334,
0.05788059376486342,0.10385266307226106,0.1386854107177919,0.17403617767536572,0.20537711521941962,0.23912509924481595,0.27016815728379123,
0.05895922002715582,0.10565278769157037,0.13732164407836678,0.1641681528421444,0.18668456691495083,0.21107803867175326,0.2334012229765747,
0.050952377564414106,0.08837383297201612,0.11479683918396923,0.13719680920065158,0.15614616912016577,0.17447449201104326,0.19194833281250054,
0.02916840648938377,0.04038714688455496,0.04665036172522422,0.05253139559003909,0.060465071192359776,0.0694128848857184,0.07844793483300813,
0.01815806277714503,0.023984365332106707,0.025827780451240106,0.032540537156895616,0.03985099860910332,0.04104967116574082,0.034407889957826336,
0.05456799525069886,0.10948608204474652,0.1596299468523476,0.21049476869404837,0.2530452440195057,0.29455859469570816,0.33280895141311406,
0.046951524494435425,0.07799377940515695,0.097388252791158,0.11686666505052294,0.13614374119296616,0.15857674819081338,0.18020609588066408,
0.04580951484767303,0.08545728659538035,0.11670834023030706,0.145049608610443,0.16886676881412913,0.19549859661573235,0.22102178850449408,
0.059828953282449734,0.10996021877308208,0.1506207441768874,0.18873706212794158,0.22047363433668482,0.25245707146355967,0.282761851124542,
0.043250677469322776,0.07793982322497549,0.10362842486870281,0.12698139926301968,0.14757159905015974,0.1708770264909321,0.19241716977202133,
0.05188333169199422,0.10790967657657066,0.156743979060604,0.2000266873669666,0.23591662597578986,0.28472065780497496,0.33920095926814176,
0.05321189863537207,0.09669965280125717,0.13002946571926421,0.16393456076617308,0.19501303350687724,0.23429212709681999,0.2713353210577693,
0.05046716533602639,0.1048708092916211,0.1488986668897311,0.1872219661435223,0.21869268918845045,0.2547150676721094,0.2924010674655032,
0.041842241132284734,0.06743888454121295,0.08318553659180049,0.09903238529869787,0.11545151251459536,0.13656175395292527,0.1560542143080601,
0.05063506206691155,0.0881220660771476,0.11367674789143603,0.13707923140207992,0.15894728758459498,0.18378721915405546,0.20461445531889025,
0.05901290365525692,0.10796678314254013,0.14792388722529018,0.18471223056237504,0.2148928038737788,0.24436135747237628,0.2709275948664518,
0.036259783093693446,0.056801972383855474,0.06786308953978629,0.08099905584892589,0.09619832012942454,0.11703581063556112,0.13855867514516343,
0.040131202490987256,0.07409058564391036,0.10069399827299359,0.13364263732300227,0.16173237483128844,0.20392866903254325,0.23815892634996016,
0.04972897210283914,0.08757381482937837,0.11855236460623525,0.1474853135076906,0.16985375776006603,0.19138754968432833,0.21324302016657068,
0.04504964106354694,0.07860511483678714,0.10056559035110273,0.12002813242484224,0.13394898033567162,0.1485878524075863,0.16083482432344112,
0.05430829290659682,0.09696903635461149,0.1293422559850395,0.15882315051158385,0.18442252937567363,0.21231423105003686,0.23703069671301558,
0.049179026329727156,0.08920840797495093,0.11852582040191617,0.14459676894405576,0.16619533656357152,0.18911729379433928,0.2113342411474664,
0.052985551810277254,0.09214118008947264,0.11909825624119723,0.14287169608427322,0.1645776886313214,0.18530480450216233,0.2041766692079036,
0.07344699625876674,0.12770429852331971,0.16738126106901377,0.2018946327759396,0.22956775495385587,0.257755559834026,0.28434934949422835,
0.051016225935429226,0.09603257650697125,0.12899900940101386,0.1623387577770467,0.19509910516992104,0.23432270026289417,0.2703689392515562,
0.04346595867083914,0.08348005749947357,0.1179330495412642,0.1511636742665674,0.1767742081395884,0.20392188028245836,0.23052942088567366,
0.04643432304213434,0.07986538265780893,0.1039703555750768,0.13260535700189643,0.16326980944509809,0.20184606320147938,0.2397900839179362,
0.045804938543502295,0.07861974950278847,0.09811599188159795,0.1135493959623507,0.1249400447637905,0.13569436929571285,0.14230517638453216,
0.03511024451328198,0.061538566002244756,0.08176065598780913,0.09901991251927214,0.11262627053639107,0.12555482084407668,0.1387477437134993,
0.056379490591424386,0.1032913757299038,0.1353307393102947,0.1666730695761583,0.19724369004939973,0.2343397783860747,0.2713908420443479,
0.051931801112479366,0.09356059416668225,0.12505815264236483,0.15586697486147758,0.18143359376267196,0.2107285421944809,0.2368281820059987,
0.05394981667493697,0.10577238327784957,0.14673708216085143,0.18863334556188324,0.23201688027957332,0.2871709125493287,0.3432465865656967,
0.0578218916029391,0.11139343443481663,0.1531022979077498,0.18886016972697264,0.21676475753805122,0.24554597233477668,0.276606847550994,
0.04454162770741019,0.07509799893725815,0.09521930212288474,0.11592189595612128,0.1349172703779661,0.1595765499852141,0.18550683744210986,
0.05256865043291611,0.09785288884330455,0.1320044152665292,0.16308196034058747,0.1909391897287315,0.22206492798415597,0.2534394537145223,
0.051142591381787186,0.09109251130956544,0.1201262662741993,0.14333461684823587,0.15781623309316542,0.16566452031736398,0.1656174685885718,
0.05381723458741945,0.10074423068670289,0.13520459638489163,0.16808551727583063,0.1969007828881611,0.2325892039703041,0.267926579631604,
0.054745904954918,0.09981570847396774,0.13408814243797426,0.16483016459468047,0.19070458733232695,0.2179010650215167,0.24313704886522217,
0.051374338063997944,0.09127882476356311,0.12241601106876865,0.14879663981315974,0.17017242766193852,0.19011316612144902,0.2080265623191545,
0.04462391270958042,0.07870819243158964,0.10279991572064871,0.12581642370105794,0.1467171179878664,0.17114627515987757,0.19605890032174433,
0.041041911680355314,0.0764916980252046,0.10395534898948745,0.13250465220387422,0.16194361620091072,0.19703313813778092,0.234408541945326,
0.02561347230410122,0.03818305827024117,0.047602088474720215,0.0587410066186026,0.06959551641127379,0.08284149161040807,0.09751660924111641,
0.03921682479204875,0.06704012505944948,0.08835148137812844,0.11083093940647999,0.13438438384096077,0.16103777098021144,0.1891110837777108,
0.05354101652160529,0.10533837145852347,0.1480542440558776,0.1865793418409158,0.2156066068815319,0.24963406119549345,0.28461091513900355,
0.05406437187719075,0.09380023973154533,0.12174043021286683,0.142789744093893,0.15561741938455148,0.16331654399713721,0.16545360396371606,
0.051382106852337545,0.09726451009354867,0.13370769205164837,0.16881073696244914,0.19773631670806038,0.22917939322942446,0.2599702602658684,
0.04234101482203441,0.07390870483278394,0.09557800262698417,0.11471383052220667,0.13017222092299743,0.14700046007885323,0.1633064807619417,
0.04683864538637398,0.0801729025695521,0.10353203530733551,0.12556597369930247,0.14673287491639875,0.17066808083463306,0.19030436918870988,
0.05011081638685511,0.08684475827865352,0.11135505764517592,0.1374096549228366,0.16265168489088536,0.19562226742460423,0.22407082439726606,
0.04441160317867047,0.07500418849282119,0.0948849702997769,0.11210363753814435,0.12860201913655447,0.14700922764767466,0.16338425741294332,
0.042713616880820274,0.07627619137782952,0.10095551677400993,0.12348101247728492,0.14198406373905567,0.16090356457479843,0.17999736754838047,
0.02764187555683772,0.04251285327251984,0.05408238854943663,0.0695153763598318,0.08277856451388198,0.09973291424998747,0.11394816236780127,
0.05682458024118861,0.10572360598545441,0.14554159885757034,0.18396595237766478,0.2168598706377482,0.25293675464807613,0.2850084326943475,
0.0374337476740267,0.056347382099790615,0.06803295606754783,0.08146696437087143,0.09642661351621158,0.11536062915245279,0.13431787410805718,
0.04648200363490066,0.07952792216761038,0.10223433148291852,0.12655456449842717,0.15207407434327186,0.18166845206760462,0.21069524011534427,
0.0444263271029808,0.08994211739437422,0.1320295514420603,0.17412248559140725,0.20686848815246162,0.23796684644596636,0.26707064549068393,
0.03857405249969938,0.07507573237493237,0.10366731489277013,0.13257914584818764,0.158781261095311,0.18974008177766422,0.2195439071961,
0.030755399224676575,0.05482707857804311,0.07396536756156456,0.10028249495992018,0.1278300487286803,0.15807979901143893,0.18222391009466574,
0.0584639423569621,0.10291978095807837,0.13473194178986506,0.1634045106548745,0.18792437178378024,0.2137880256076556,0.23768817445886728,
0.051984857469903376,0.09177259308561109,0.11947697444579664,0.1444223090963464,0.16579829514343267,0.18896987108591357,0.2099699800358534,
0.0528642606834163,0.1027001156930144,0.14414549910310367,0.18552591107512773,0.21974275188883946,0.25856310664020504,0.2951578584291976,
0.05662250990216886,0.10952940740231983,0.1554316719934947,0.20307046908489484,0.24350382330127968,0.28602774544190807,0.32847576896000424,
0.06403617386743983,0.11338084061996405,0.14958615733561964,0.18035687424072205,0.20480718249162075,0.22863157843929072,0.2501357254432527,
0.060090531606413006,0.11095447112205999,0.1477101181649554,0.18174026958102016,0.21330275894153827,0.24982527516132835,0.2871513194003303,
0.027053631626471262,0.04166249301456321,0.05285593039693382,0.06485916080770325,0.07662060360631129,0.08708503515380016,0.09304450174402343,
0.044998776184174555,0.07969541398747455,0.10837504098054011,0.13444782393697982,0.15659566592401214,0.1777013053823999,0.19810393156442965,
0.04587636868697231,0.08451917341506963,0.1113346786861543,0.1326178638070513,0.14638838215631036,0.15681370882593343,0.167055508092268,
0.059313781359335974,0.1087801235609727,0.1429846862725199,0.17496432415322727,0.2051165655086246,0.24125367308998646,0.27692144701573096,
0.05531861767780926,0.10308740003368787,0.14341287823932428,0.18202367179506512,0.21647836789182662,0.25365139121626407,0.29031691692102723,
0.06705630253703805,0.12297740224355877,0.16464908628758143,0.2004869308680389,0.2287283043068625,0.2583740605529009,0.28613468393753255,
0.056599766316296075,0.10552311993629945,0.14627217770503692,0.18723657679627054,0.22351752442273146,0.2619639958674047,0.29867913158087556,
0.05570457804050948,0.0998013196797591,0.13041765084204832,0.15559564807235327,0.1737400767367141,0.19072795582443489,0.2055918146521784,
0.03749257336528794,0.0663780050152583,0.09025495505390192,0.11989617935619996,0.14991173288779006,0.18742251081519834,0.22314958631728196,
0.06627144886922476,0.1224595639234307,0.1648984045695813,0.20140704357261544,0.22969715881726155,0.25665204741607534,0.2820299028801203,
0.04503040199750248,0.07791564133856568,0.10269821633545818,0.12552185642906002,0.14424489197097037,0.16489627000015955,0.18565991125450818,
0.03717673183131324,0.0582052452555661,0.07165889508638482,0.08779655968483063,0.10430340271280192,0.12369164801956961,0.14263707774631465,
0.05481978310875151,0.1066901705523681,0.1483254592129422,0.18964135907709112,0.22436752673400195,0.2654153820093349,0.30369149826090297,
0.04360877681559511,0.08135064059268168,0.10917445141370415,0.1362205471603988,0.1632956883002056,0.19665810467490558,0.229369356044451,
0.057589760957144485,0.10306464410608707,0.1363393218488334,0.1647448199111964,0.1872224030243316,0.2086947470725141,0.2272577638479589,
0.03674857542880877,0.06192296731667337,0.07969695726513526,0.10206731392283781,0.12469634937782724,0.15310159555728098,0.1782487044901699,
0.051336798012662006,0.09713840361112112,0.13091306412621234,0.1627456657492089,0.1930935592051817,0.23216306477729817,0.27269959181914255,
0.04470599502884616,0.07516692554348835,0.09577676693686964,0.11608459950579708,0.1339922553298684,0.15428983713413214,0.17355689545704978,
0.037297391327481215,0.0593254397291223,0.07170861286363862,0.08474792268477481,0.09567247414567716,0.11086561038927555,0.12338312349459188,
0.056024264459427535,0.10429403112496267,0.13982110568898418,0.17157200603722267,0.19959564920553366,0.22954479659391275,0.25975975931334544,
0.03307362107625987,0.05014294938535837,0.06466771956055696,0.08383641958274522,0.10221816944662614,0.12089540093151525,0.14024930322584347,
0.06453822312767887,0.12047169948513313,0.15978716295088816,0.19441638347143025,0.22441747599985953,0.2583928973566589,0.2934202168887144,
0.07008769516444296,0.13067940050434246,0.17836921836350372,0.22258906250588933,0.25938971687505635,0.29704952261101325,0.3304771405135795,
0.03984805485668662,0.06792930728701854,0.08784470534142497,0.10876544850582086,0.13172312295773358,0.16149794335010348,0.18826237387251168,
0.041922878432090256,0.07350437333818337,0.097570580142964,0.1187971095066489,0.13576335392732633,0.15372790267112874,0.170314131290773,
0.05630554851962317,0.10004380767800328,0.13377641438905655,0.1639292115043355,0.18646783072957374,0.20822421018099388,0.2257533903046613,
0.03153484427818863,0.04886114556357427,0.05781108954556851,0.06860758100445481,0.09060037698163245,0.11635126440225227,0.13456584927108775,
0.06109281297931936,0.1151504841625446,0.1570996825606699,0.19778720050216733,0.23436160998093672,0.27498522152467125,0.31476357504113534,
0.05841936139915853,0.11105194138642363,0.15696347281859224,0.20111206354615963,0.23813963439000216,0.2740597420207236,0.3050433085262601,
0.05508374549338412,0.10472361914515492,0.144567123912055,0.18409877082020176,0.21980761467464313,0.2639698538490002,0.3074411858655442,
0.04329932575824005,0.07126475160269091,0.08957242116363447,0.10708944267831433,0.12303825377909057,0.14270232110925365,0.16133739567145597,
0.0648453805554468,0.12213430829902718,0.16264865341186088,0.19569205737201387,0.22006313737269537,0.2429791112374868,0.26182339486020817,
0.039733313126362024,0.05962712267013024,0.07058147965092193,0.08218413530317252,0.09576761963149813,0.11003565815582914,0.12456027979084273,
0.05534473294579149,0.09782556336248624,0.12827640424270803,0.15650032723935747,0.18083719331864256,0.20609131470370612,0.230494622507384,
0.05254199192457227,0.10195312093697206,0.13943675092706517,0.17455755220101574,0.20733397511949384,0.24929858513206468,0.2901063262941416,
0.061058888891588295,0.10953765054268798,0.14514314680904028,0.17334334137804253,0.1930035222555277,0.20833409107835887,0.21694720927959515,
0.04251034826570808,0.08288100006754118,0.11584965638221335,0.14830786292403977,0.18017815621244965,0.2189527854764824,0.2613467458768049,
0.020021132295491392,0.028043708651460133,0.03391195151433735,0.042206102342878464,0.05787604222570349,0.13511820205091116,0.34211555158047835,
0.04671086903824836,0.08962444149677896,0.12115660023020164,0.15177302675744378,0.18280185369323013,0.22125335565688622,0.2593011567587545,
0.05442552540445788,0.09890374695785419,0.1313498343282448,0.1592431962674461,0.1831168410273516,0.20872253203626964,0.2331226667255227,
0.06791249473588047,0.12934902796739048,0.17821704449153877,0.2237683917479297,0.2597172275022645,0.29565585961777435,0.3287469881501915,
0.047390918525220954,0.09153317150932708,0.12742028822747034,0.16440052056404672,0.20058492039366574,0.24454998140635806,0.29321058325939653,
0.018038907804193514,0.02595328503677189,0.0319066930298727,0.040285436141051796,0.04425139559906229,0.04168554659153217,0.04021669714326049,
0.047488840878197686,0.08211218510199572,0.10681470202904687,0.1313382451435886,0.15082661202937334,0.17003360230818731,0.18948442602053953,
0.04862543168992951,0.0778993305194068,0.09438190179234242,0.11065606880227166,0.12340569733312318,0.135516053758904,0.14930312163869539,
0.06109914996091169,0.10883924085705886,0.14499275883871504,0.1791817021290001,0.20812090865612284,0.24018438253032964,0.2701394211143928,
0.022963324081311246,0.034355817845889376,0.042649930789061874,0.05313020014670453,0.06135072205276908,0.06562282909891506,0.09976361084390818,
0.054508389983528555,0.10256835558141071,0.13970942604758116,0.17286015023017404,0.19928098083634915,0.22770713185635577,0.25233639325403606,
0.051708951183025556,0.09733531457859125,0.1277969483711043,0.15049955158561443,0.1632930945317719,0.17313751455493076,0.1764221455427674,
0.055641078057443005,0.09903382840086654,0.13070373731508655,0.15971297259774275,0.1838171196404196,0.20724735048603168,0.23127337421323782,
