0.02645197052404451,0.051041793467181115,0.07218586833259082,0.09273160492926572,0.10809366274110314,0.12477582708797093,0.14125625999796249,
0.034198762184440706,0.05929904908519567,0.07985671130932807,0.09771214085325043,0.111561476038311,0.12415076272741732,0.13645093096859515,
0.026208766223824394,0.047315142162863914,0.06142128057129673,0.07341250999030448,0.0842745854187157,0.09682979069279972,0.1101751412695346,
0.015469636733600092,0.02053392444937163,0.02307952650214802,0.02379218797145906,0.02428532958050829,0.0381487675711516,0.01873561101240907,
0.02623618691961278,0.048017245500915934,0.0652953679565822,0.08156638349800206,0.09640059924294832,0.10796459475283694,0.11985647344491922,
0.03182649388430562,0.05743299205287424,0.07536067543043944,0.09099677919682848,0.10570283133432151,0.11989964549577553,0.13256187261968344,
0.035820931313308844,0.06914797392941514,0.09230895595982941,0.11221240209401336,0.13035424150795902,0.15428717254391697,0.17546054921539966,
0.029942467711439373,0.05110463210550762,0.06415268154174102,0.07701331127397745,0.0878837314488808,0.10115804995714933,0.11097900782685712,
0.03138940762251505,0.057330196239865,0.07710171433488464,0.0943753091775717,0.10819414561817096,0.12296100324938841,0.13540744681699837,
0.01995481541443179,0.03426911474948412,0.0431733357616543,0.05078068298951493,0.06206666047964251,0.07789761992009338,0.08648551389680927,
0.0304235917607459,0.05605014296281105,0.07491737588711805,0.090945651370389,0.10475495089810477,0.11841362649688487,0.13199135251373664,
0.03262294045405679,0.05991540323235694,0.07866441946459464,0.09506345268353046,0.10980427759648309,0.12844273893687363,0.1453328217285392,
0.025314298797446164,0.0484103971997077,0.06621304555100777,0.081349492240814,0.09396215977013354,0.10943629314162936,0.1231984061481272,
0.022458148782418304,0.0439949020503754,0.06354909756219194,0.08278010288629374,0.09925799268316311,0.11462605934584906,0.12904017317046038,
0.029890126261954933,0.053681034552119505,0.0702199189010236,0.08246308914790118,0.092319081559338,0.0993911235862613,0.1053698073329503,
0.02901666431376212,0.0511766389985861,0.07033033034568076,0.08780753208150414,0.1016384303980853,0.11435658374540997,0.1276759093442786,
0.02773611956455038,0.05048884495234268,0.07004736926210064,0.08769582151974455,0.1026167297578187,0.11384867774678524,0.12716562457863265,
0.0243984093181305,0.049134381538739634,0.06937477380214745,0.08823634742361464,0.10235255474214411,0.11674707342918807,0.12945466081506796,
0.03383528879887313,0.05999232494215694,0.08057099055337887,0.10117965902732158,0.11712193351767636,0.13644553191120135,0.15667387171497013,
0.02516084198089751,0.038649046452970855,0.049359586515995986,0.05986851611497604,0.07262541494059006,0.08961618502333678,0.10598704998474068,
0.02677602615917207,0.05005032097588141,0.06803247528637694,0.08463356193269701,0.0979870164116594,0.10964515039602918,0.11972567215191192,
0.03131648390298947,0.056012496262302244,0.07449514062099082,0.08966013074972762,0.10189317960398742,0.11441494254618996,0.12790605050993506,
0.014161989454928749,0.019393944385447618,0.01985774218879778,0.025629403232651022,0.024627215015740462,0.008151575160664698,0.026395913529440793,
0.02194500137114104,0.04041013373733812,0.0535007939022937,0.06450299670594688,0.07287694770757903,0.08380363445997757,0.09354560157900844,
0.03189653032205312,0.05555621857178481,0.07334932391001031,0.08708300850022353,0.09757516990893698,0.10860989928133852,0.1195100454509679,
0.026048052086740405,0.048770366807893505,0.0667239429189052,0.08407114085138984,0.09801764702667036,0.11275759245591917,0.12874452202005368,
0.03355613757195993,0.061101303428149116,0.08429712733413623,0.10792667278039743,0.1287911443721742,0.13857363057807834,0.1456983832726748,
0.02221362832879349,0.04226486268593147,0.06014085268967074,0.07657991559225945,0.09044815219811392,0.10215150616829939,0.11470378914808305,
0.03360775125573089,0.06173155662744991,0.08312819089585695,0.10180808920161694,0.11614668229639118,0.13190571934838854,0.14780717617730768,
0.03123184095700481,0.05529654074870587,0.07389686923473439,0.08972221319136586,0.10191172364906838,0.1176202598808593,0.1275749258638759,
0.03193399336143543,0.058218846359437436,0.07637793767938626,0.09124042097535613,0.10242872190052842,0.1139958026993373,0.12589993145358536,
0.027887318392337643,0.05079752235295257,0.06649867766720936,0.07964508925515257,0.09050120572526867,0.10104683239502794,0.11335795084632684,
0.03177419438762152,0.05822171049150995,0.07740414602389903,0.09692691778196956,0.11205185714202061,0.12928159888204507,0.1347986872834284,
0.02136499963165805,0.031103008545431833,0.036165683390898096,0.04327811881371131,0.051637725093951745,0.06159331574445899,0.06052364869581959,
0.02809223456420952,0.053338758515801395,0.07572466563955231,0.0974299421612592,0.11343701648455533,0.1322474331177759,0.14864587004891672,
0.028244707433632974,0.05561649035757169,0.07641105491723259,0.09531506316382303,0.10958457337359385,0.12322928029350189,0.1392170571976853,
0.027332833647162772,0.049028165021767114,0.06351283445551714,0.07758697248139086,0.08875821781840602,0.10448616348046631,0.11722592397442193,
0.03428667941787834,0.06393990176130537,0.08683914804081656,0.10488849855079961,0.11705051072157603,0.13151688512744955,0.14573565539103714,
0.03276520432577756,0.06121453806866832,0.081386920298651,0.09755932523582567,0.1067837963539576,0.11822663850899093,0.13000151293282866,
0.026131835426805985,0.04758635514219999,0.06544314703669768,0.08061559392767513,0.0914103347689645,0.10193683356564161,0.11216555966558464,
0.040555657034944466,0.07637721227528149,0.1036155946746706,0.12590940156983751,0.14385269448653706,0.16528971049844735,0.1856689414086258,
0.02744417389614599,0.04656393965472513,0.05863559744259087,0.07205606849131942,0.08445174485896877,0.1013052291634822,0.11737290315765654,
0.03311672804773825,0.056039879830996085,0.07394991722166024,0.0888570404321831,0.10019455509171796,0.10957138383010963,0.11863136206294257,
0.02856907415597817,0.051122056832078315,0.06681711092173347,0.0811388056512363,0.09539890069107207,0.11299277752603189,0.13011995607531243,
0.027791256208802444,0.051609488895982374,0.06744510918888741,0.08100144617250908,0.09328557959721111,0.10945353454361316,0.1266869958524004,
0.038113806111040115,0.07383021443169226,0.10040702811131762,0.12375409970631114,0.1409344506196265,0.16088648669161645,0.17895803359902165,
0.027881465948266786,0.04715336508732995,0.060153993225296624,0.07194348827850666,0.08131232205934409,0.09342892081859533,0.10272365243209992,
0.04292058654016847,0.07831122251179408,0.10203004409770051,0.11840262783932393,0.13123892864268194,0.14458668422924653,0.1594815449751027,
0.027570362772967507,0.045952842798569725,0.05811917223245724,0.06955891909795599,0.08073636541506964,0.09204583066808354,0.10368945577687438,
0.03110414527421859,0.05501278678342291,0.07498297333020454,0.09170386327446885,0.10626648779627955,0.12018770639965716,0.13186757450498718,
0.034751816838349374,0.058498299358030977,0.07661368478360492,0.09417021885748984,0.10703036447905148,0.12006980807724169,0.1302596783498858,
0.027408718935023543,0.05075176020100823,0.06771544086604767,0.08229555313551963,0.09388349857717593,0.10482991677892058,0.11819130208578862,
0.03505369552145522,0.061216786025395,0.08165913193126434,0.09873446163712774,0.11160778907584981,0.12432868733166857,0.13626054281901304,
0.02491254721271505,0.04711120949414712,0.06634660466800986,0.08406750550148764,0.09650183548563207,0.11036329623306201,0.12471539790269949,
0.03665138791662325,0.06824257660736512,0.09163290076411532,0.11126464092867734,0.12492306904575082,0.13608123673552075,0.1474511125777158,
0.027784703075171738,0.04839266994568268,0.06304503977919067,0.07208109071951332,0.08591262684651545,0.09446698245282187,0.11121619112904509,
0.01910503040312012,0.026849265073065023,0.03395970736492115,0.041885319423927585,0.05300620069204245,0.0627601190300686,0.07386698186832265,
0.01724813113587874,0.02591326517134362,0.031278105644479415,0.03880932955442385,0.04471940016723143,0.054003389661753914,0.06429368251182437,
0.028761664182101136,0.048419555857830955,0.06140545964119587,0.07481885354103564,0.08653268897542529,0.10061516222335762,0.11145061675440361,
0.028973829484528427,0.056600313077174676,0.08004765916893854,0.10382724453934795,0.12367875060610045,0.14489334771999832,0.16094057287485866,
0.02407145021395269,0.04628105410446146,0.06459191604379282,0.08072388341779016,0.0984501115052089,0.11384042628578671,0.13415739114959938,
0.02938852875209271,0.05683832176931537,0.0823588127885133,0.10727164807984645,0.13014519975494035,0.1504883979258662,0.1725754908525607,
0.03233862497844608,0.057139021162677224,0.0782600567053917,0.09648165751918132,0.11159951014394193,0.12491324923205113,0.1404146395716928,
0.03438877012396046,0.06321514816656844,0.08359983652800884,0.0983530832837563,0.10828101620637817,0.11765383231252004,0.12648453666266712,
0.031030826432289303,0.05834439312912098,0.07915705141045565,0.09621706214622104,0.10881573422988272,0.12225255837560357,0.1381948634091081,
0.03122581487725429,0.05846423877301158,0.0771882034037103,0.09264581315517079,0.1073847338240997,0.12366194725527878,0.1409280207689463,
0.024390991506366835,0.0448714333651549,0.06017539821454764,0.07225035159586059,0.07993553468480834,0.08815882619027235,0.0947387766622326,
0.030727776996721908,0.05535268324822848,0.07343052597033316,0.09199373653767161,0.10648094579302202,0.12128874716939109,0.13146070559261466,
0.028274925939411347,0.04976835755912685,0.06512195939464574,0.07873525617459448,0.09035666864750362,0.10113547875791616,0.11269884354996411,
0.042291091058313066,0.0744247419921047,0.10009628988094833,0.12332097653904495,0.14086770939633195,0.15719996389190335,0.17255507646153304,
0.055228443706430666,0.10435905401603199,0.1449059867505873,0.18294935456142217,0.21113100765178136,0.24002607542053253,0.26098239260080186,
0.03331814835889046,0.06472509197097831,0.08791442542339764,0.11102405668945241,0.13216516268845385,0.15846508956841235,0.18754392241911014,
0.020993703288870957,0.033971340257142185,0.04279842200087669,0.05112829704949549,0.05729032500204817,0.06702425431076817,0.07241113613036744,
0.03300441443137001,0.06355602671723326,0.08676835492358376,0.10746460112986853,0.12546687340786333,0.14617404802830525,0.1641333296392866,
0.031651298306584426,0.057783848107822125,0.07827323543543337,0.0991317796668596,0.11385024403769489,0.1297927815998139,0.14145392538363172,
0.02915539969903491,0.051439976578338084,0.06698136078349196,0.08025318447355285,0.09000648782796423,0.10284328028622287,0.11290172482624795,
0.03798400611615529,0.0673183620577919,0.08964413131160422,0.10862504321097967,0.12448292911628533,0.13917361194502803,0.1538229096867405,
0.03547900896001054,0.06535253778875026,0.08653629285590193,0.10417279965017893,0.1169545252557138,0.12955138265388835,0.14241956856644034,
0.025660676882409063,0.04986445462420444,0.07025118812934014,0.08885603621678863,0.1027245272405212,0.11564800900004309,0.1292669082709034,
0.03191298870776594,0.06052127507920257,0.08503863757700243,0.1087413887662076,0.12702355784841043,0.14508165069999276,0.16058961405615202,
0.019751532027094235,0.02818349586028512,0.03416624197329256,0.039033664662499475,0.043700158008619004,0.04857074281098283,0.04881095449913966,
0.03405219192172481,0.06569296107870251,0.09152566289059097,0.11635750371433624,0.13619191730358435,0.15391664586129386,0.17170997728793427,
0.03407827588641155,0.06018738340495406,0.07969135752072613,0.09625651968651532,0.10899645145005193,0.12335382217814007,0.1363798775663305,
0.039157544280372214,0.07286059877929502,0.09637205525292117,0.11521684798576136,0.12808484198141734,0.14201800559192532,0.1560370584125068,
0.030860496632045237,0.05416041342980645,0.07009223259203251,0.08286844187101237,0.0949890457375606,0.10874219768141395,0.12209619613105305,
0.034395727018214466,0.061755167598521725,0.08087314264295455,0.0982225388952418,0.11577668340916962,0.13426538185961331,0.15268452212656278,
0.03292099452772747,0.062352560984713465,0.08344230369543759,0.09941287582370067,0.11389671449772959,0.1287695237158317,0.14280269009316765,
0.029880579819327433,0.05796222857377049,0.08257253881428482,0.10539072563244403,0.12236810916862066,0.14126260065655497,0.1549370151636875,
0.029955854907791537,0.05409658088434246,0.07258579585740386,0.08798027195521213,0.10038239971336621,0.11081295565345238,0.12199666856246162,
0.027829413413250435,0.05102583586479439,0.06681595218319078,0.0811899547908635,0.09357924652702405,0.1089587802794672,0.12283764170842545,
0.03806979482470262,0.06730791330732348,0.09031001414751634,0.11059476950265383,0.12540419988420115,0.13887173271323225,0.1482229612606276,
0.03545695790086979,0.061923014213000054,0.0828318798948124,0.10110855923615249,0.11447280755020743,0.12707853917163267,0.13937678616299415,
0.027584175265520847,0.05279517573044918,0.07208786164852007,0.08963474306505165,0.10516096280960298,0.12371520260839346,0.14299334851741768,
0.027863560352905423,0.0473743312591317,0.06094592066863905,0.07443934361261315,0.08813740086788274,0.10336985200265877,0.11812085062225401,
0.03345788799891739,0.061428172057659026,0.08150862400285752,0.09939778310232654,0.11457088143216558,0.1319500152809566,0.14764187530311737,
0.02738050841541211,0.05278373687824322,0.07166721338866198,0.08976683136175921,0.10643941434107285,0.12720830133116626,0.14799404660456042,
0.030394171077636162,0.05701531997859365,0.08017215956760813,0.10130260380097343,0.11861919798078459,0.1349974635455117,0.15394211721525997,
0.0354654878357161,0.06295570018453023,0.08165673612765988,0.09628342638792807,0.10603099935186767,0.1192224542254222,0.13247738263330608,
0.03200037440579528,0.055413808268437115,0.07192600337815146,0.08608507815924488,0.09859301470976174,0.1129332020358411,0.12445432128216194,
0.026685949431775005,0.046097076547465664,0.05898542039672907,0.07096768323729671,0.08298720805442468,0.09489710805688746,0.10870297157188186,
0.03220965784863238,0.0578191573615395,0.07643281339875087,0.09130441127439051,0.10081309467934692,0.10928042610989654,0.11769332777670805,
0.032480251309398654,0.060733461121994986,0.08505352813740073,0.10959187259660069,0.1269514614135185,0.14189183761837385,0.15403387052599232,
0.023999925887267785,0.04139829569220866,0.053057291083290624,0.06667450752911737,0.08304880757274068,0.10335715570503551,0.11610416544015988,
0.030209529253141913,0.05683748603059272,0.0799673561460344,0.10053402717621297,0.11596465803496274,0.132164967156987,0.1475920950407287,
0.022640935764257783,0.035887285165934195,0.04361486011848282,0.05180752059677978,0.05818371214733276,0.06536533885922617,0.0708749825069379,
0.027337414054509554,0.04623939706452929,0.059530598225324007,0.07135685951818253,0.07960725696435754,0.08847563884103259,0.09397972663656341,
0.04781112802480044,0.0831069390962982,0.10927850010056178,0.13280058842510076,0.15034327366778133,0.1653169174298873,0.17824554693773273,
0.041741404937540645,0.08249355852269115,0.12014832445024483,0.1583949243731046,0.18600264248129753,0.21644383298819744,0.2364652427928094,
0.022380299364175498,0.0374914851691841,0.046797985232642676,0.05866865604762594,0.07418664596620504,0.09208046617410127,0.10484933253357975,
0.0386656899908998,0.06916862082799313,0.09242672684339424,0.11134494767077462,0.12532718051508243,0.13940666168433682,0.15187003427213283,
0.03437205881936919,0.06213692849969471,0.08242233239591806,0.10267259020312806,0.11918680783889474,0.13651856681209065,0.14803536687734692,
0.017222779277872285,0.023572769776868424,0.026423737583951154,0.029735832025583313,0.03580576112231693,0.03087693112585969,0.032151378846326684,
0.0333557664162186,0.058795740508275,0.07996980788698398,0.09886373268631309,0.11493103763863628,0.13094327615838583,0.14927146712774522,
0.033193225549634664,0.05976460588838399,0.07892657480282315,0.09577293983906657,0.1081351767980438,0.12153567456370433,0.13601061471543477,
0.038837787230203286,0.07115997919954692,0.09643769970601763,0.11911517544530185,0.13729591452241505,0.15501578859882945,0.17460967931869573,
0.03458589681390466,0.06874287231609971,0.0972346545790407,0.12482416678132861,0.1456308389125027,0.167390093362764,0.19085230991906943,
0.03810742795754362,0.07332904626187807,0.10064098842201175,0.12534291435564648,0.146203835613086,0.16464832807473728,0.18358123005801377,
0.027387313200080008,0.05080426649391381,0.06851927335885126,0.08483839940932363,0.09886270200589846,0.11137259836808268,0.12540469697521373,
0.03324435704345319,0.05861519350542376,0.07676294508365179,0.09652520811380386,0.11133568111325508,0.1291254228381521,0.1442752891465132,
0.030461410766528942,0.05492160859812953,0.0749871299787595,0.09485642519564345,0.11409164154937318,0.14009928914115705,0.16382519472427537,
0.021867629212530652,0.03995979124490159,0.054620341821456975,0.06742614086310267,0.07846854997885551,0.08845319764101746,0.09652360551843132,
0.026813737735751363,0.04318077131780829,0.053378133947612406,0.06335978258562582,0.07168886340998906,0.0804567811367365,0.0924423380178236,
0.040929210884249397,0.07457371670261452,0.09704835467887744,0.11693782796678147,0.1336670518359929,0.15371016344485042,0.1738948707643896,
0.027615623619682065,0.047069467502392236,0.06075029825370558,0.0730588711088185,0.0860134736264218,0.10056886614594232,0.10804839684740776,
0.031854566428790705,0.060001957284856404,0.08479984740641039,0.10626517624658936,0.12553622852787916,0.14573108494677992,0.1649058853105543,
0.03401279867302339,0.06129458420697962,0.08157496666539911,0.10130928371877454,0.1167198227580635,0.13429988413164995,0.15087077215530934,
0.027441113201958807,0.04940971460451501,0.06836467238776846,0.0835109976581485,0.09598384993390867,0.10712618266933319,0.1156439530170031,
0.036205416122750425,0.06408695661813486,0.08537448776143991,0.10333236081952195,0.11655020980857779,0.13058582507058303,0.14570754955325246,
0.032917473689938796,0.061522110592633565,0.08165670105124258,0.0984638994316109,0.11120713845831366,0.12532505483148468,0.14033849769509757,
0.033774703036505614,0.058736767834751256,0.07564861973472943,0.09407153231627315,0.11254718589512626,0.1375546119367588,0.15615417713533963,
0.02910016566046204,0.0582488191846072,0.0817883347519013,0.10303914713335804,0.11842334318391844,0.13760926757544978,0.1540448000190829,
0.02640489135434136,0.0473596130837678,0.0630026176594214,0.07639059974991363,0.09064828344651416,0.10440370627378392,0.11553996592932426,
0.030138246314669517,0.05499951075356847,0.07146016792060735,0.08578150385437228,0.09974795604268942,0.11639305290778351,0.13507268053600374,
0.02954419757853471,0.053169461323469655,0.07130802110278871,0.08858938807967599,0.10201448782217976,0.11786413823255519,0.13102580971268313,
0.024723732610603084,0.04186690155002551,0.05384256033599787,0.06368158804899877,0.07157791384087651,0.0768943607179295,0.08527017711997757,
0.029959351110303494,0.053196999524747234,0.06884737760042349,0.08116179410020515,0.09264987180724366,0.10613048503147547,0.11718455093033225,
0.03794296567150249,0.06886329399063504,0.09314642571203947,0.11499371295106724,0.1313771164952103,0.14681534475567493,0.16238194405661222,
0.03353965990131191,0.06320867434731857,0.08675808621233644,0.10728199238011689,0.1216229046620358,0.1348010715758169,0.14760808770508807,
0.03979403301791518,0.07134830007017003,0.09505078256275987,0.1152032594326298,0.12991275538024866,0.1451943015769093,0.1609782587102372,
0.02886035904078187,0.05261877867204658,0.06874302066855689,0.08376575887110667,0.09655303259060478,0.11088225207106643,0.11879556472107745,
0.035627811875367135,0.0622045710180208,0.07831262672600929,0.08950104231766615,0.09833204539623529,0.09925444241741684,0.09432066949688771,
0.020218437323613215,0.03045708415769518,0.035438593672544955,0.04022935500017277,0.04671274052000749,0.050426912982529985,0.05549894397707516,
0.024818707130570467,0.04620755586906259,0.06357083067447712,0.07919184968743759,0.0926594736275417,0.10605943082612151,0.12013374839989176,
0.021641482599671732,0.04194564208903062,0.059528351610672985,0.07565496331817113,0.08838914888086079,0.10360267471813081,0.12853807250707674,
0.02497794320216592,0.04683638085691567,0.0643629246918611,0.08116916687249918,0.09397401829533253,0.10573505505148138,0.11656068013589936,
0.031892217417676214,0.06422719489768598,0.09254731118630312,0.11660201798589175,0.13377094797281866,0.15256232321860363,0.17455686189082947,
0.029719472943876443,0.05186041391306728,0.06891384186299179,0.08757265499552183,0.1051372205730019,0.12608391156713786,0.1462533061508484,
0.03398151090921789,0.06096504758855128,0.08199674824085795,0.10035372306327535,0.11611530600372123,0.1324300993580745,0.14992424427354792,
0.0344956048249587,0.06837295582507809,0.09918506173295381,0.12723405921687764,0.1508253426423742,0.1727382350271647,0.19337267149040613,
0.028167566396166247,0.053595365160017956,0.0725406221316724,0.08763365680034434,0.09829165245173747,0.10976078382207295,0.1232700004571433,
0.029348888822958347,0.05830417506823072,0.08482382613672713,0.11507623596227613,0.13807892374625513,0.16195095940624113,0.17695292458444337,
0.03816534253204204,0.06775957009624543,0.08981325296592439,0.10817503188138682,0.12149699543952672,0.1324478574954213,0.14193838744292367,
0.03351639154186173,0.05923680452715297,0.07889385526089841,0.09540193585634725,0.10733786500270576,0.11913860920000005,0.13072147214652038,
0.02688148619742552,0.05061191492802582,0.06915035781056231,0.08446864981237566,0.0956482977670145,0.1076800961749877,0.1191489356555612,
0.02980793328542127,0.053875228098240406,0.06928487993977052,0.08362403373340672,0.09710109183979126,0.11363854538967418,0.12932850004963514,
0.02536484031495662,0.041336407830646536,0.05171267481098032,0.0619188554221921,0.07208903315265223,0.08299464887727144,0.09284586269343127,
0.024992517131780145,0.044683296284996864,0.06094510282434662,0.07464324517883188,0.08485529193478769,0.09538640812472181,0.10571865774900142,
0.035262947564015164,0.06272846518317186,0.08470168333509419,0.10464225371379612,0.12144068329623522,0.13692786354115463,0.1519896785708351,
0.0357661864533818,0.06949727384160623,0.09342847650621895,0.11227333457673085,0.12703025544095817,0.14301192604990084,0.16074052439686962,
0.03887410256734871,0.07111935492000844,0.09440152217040139,0.11321477725069268,0.12863476274881744,0.14594082136743794,0.16456645175616338,
0.03092046455306107,0.06330108528931905,0.09162645357049942,0.11721418993158085,0.13360520664073178,0.1483200445453412,0.16051450707241882,
0.03381935895996835,0.06307978024121937,0.08648729087752494,0.10670674762860681,0.12277102743497177,0.1359433505550344,0.1465698678551752,
0.03734115709875719,0.06748640685824993,0.08689131621014096,0.10345970515591785,0.11715943951151596,0.13275169162220243,0.14807092018280388,
0.026093007606241614,0.04897223016157371,0.06697421377178701,0.08201499651834174,0.09538206284845092,0.11045299380705262,0.12515611120937106,
0.011201612851103456,0.014992831436898542,0.016934613451406552,0.018557934372759145,0.020754555259659954,0.015924190218035147,0.012359810991947006,
0.03492381592921892,0.06340629137275394,0.08605922033415127,0.1067760303865952,0.12283800596152986,0.13949126780785018,0.15584416547638602,
0.020812778566034598,0.03176146958681903,0.03766697814509267,0.04435555587143189,0.05004646593804827,0.05835616572052188,0.06262663769611061,
0.02845408549833296,0.054864456734429266,0.07423555924619402,0.08998137597746518,0.1005305297697399,0.11302755161213264,0.12521277613614498,
0.033928030094661395,0.060308787259630174,0.07821253503508972,0.09255910564527951,0.1043948215101219,0.11653732623115819,0.12892208135722472,
0.036266893500695674,0.06856091822619442,0.09196144345193959,0.11161046033639427,0.1273539231389153,0.14571104331150597,0.16256268508271393,
0.040082631618113214,0.07013240953143088,0.09486130417420728,0.11777815649570067,0.1357611619645102,0.15452594799885763,0.17091775524790975,
0.032479840913620446,0.06158986468004607,0.08398268273170652,0.10159305550596537,0.11689265183018978,0.1314060831386575,0.1465660408434597,
0.03059664710356668,0.056523651388664505,0.0750717402434569,0.08941565545909563,0.10009535745222925,0.11355205730058233,0.12696275027789258,
0.014620664413434773,0.01841184185524587,0.020627849688448063,0.02626198495154537,0.02539384991025156,0.03182212003661609,0.03552421871053377,
0.02901720588676134,0.047022302144743934,0.05939216418012651,0.07242191295283165,0.08646618958493155,0.10329619313468369,0.11789960718514128,
0.032241739008714056,0.06250445207012413,0.08648247403285872,0.10960079725134088,0.12905681732707205,0.1478593482946504,0.16352772260517423,
0.02881097129140985,0.05640662340522134,0.08092844784523674,0.10574460604962024,0.12272103798231393,0.14045647815373244,0.1560892639673539,
0.027650869312637865,0.04831035520096192,0.062090162539804525,0.0744902700880452,0.08410506700841303,0.09548629824830124,0.10398011256713725,
0.03204295871063409,0.05724481252970832,0.07537646860608427,0.09116917707199036,0.10234856726849982,0.11424213468188786,0.12361162344316823,
0.025603456908742935,0.04391869081593384,0.05361636175613775,0.06447082120669466,0.07400741265624683,0.08502415907197325,0.09618837746078944,
0.03606676685473398,0.06803599655511341,0.09370733953669604,0.11862590988291721,0.14093702749835352,0.16322234808504443,0.18031854208704198,
0.027934384832253748,0.050846234690394204,0.0683324355577921,0.08410634175588624,0.09608270108906558,0.10851569085445155,0.11881191658222803,
0.028460762371791966,0.052028318028824884,0.06991205182208413,0.08515951689049141,0.09612325904999412,0.105980364619869,0.11529987670392619,
0.031025550469785394,0.05482171857167615,0.07542678441620781,0.09222942697025262,0.10609641152198905,0.1190295684098537,0.13139652719174538,
0.029535498592329432,0.052594119013404425,0.06943893503517648,0.0850399627231961,0.09929755088656589,0.11706271464428207,0.1360454301677567,
0.020194096739328805,0.029528017943761028,0.035839149006411504,0.04295148148854777,0.0496597883970666,0.05654030896241156,0.05908245093551205,
0.008971570442863943,0.01120237615849969,0.01188361895922756,0.010593186741847877,0.008944916373933035,0.006866060653082152,0.012332279582317121,
0.034359284920647076,0.0626847111927362,0.08741790700372971,0.10967501225697864,0.1280717373889146,0.14702816429973373,0.1631235706719487,
0.030813008145251116,0.05619607687224553,0.07476248538277196,0.0893237093777961,0.10103957373729598,0.11427264774928979,0.12776302852113738,
0.032934380957361696,0.05822598226960107,0.07520333824358627,0.09098027443185452,0.10568916810596587,0.12457298141615691,0.14073650522910008,
0.027669922589474833,0.04961757025033183,0.06445377247854718,0.07857766084653726,0.0932395618072001,0.11270161511860952,0.13168359190060408,
0.033084819350036355,0.0613602933302375,0.08485055734373188,0.10602615003842049,0.12335837554041709,0.13928364637393362,0.15432097595256788,
0.029722407889244625,0.05441028475428845,0.07430295814026916,0.09186283530970689,0.10636957856344968,0.12138161946962002,0.13722067299748175,
0.03901157389586634,0.0714381453917254,0.09551180611941988,0.11603378392063039,0.13412974206348924,0.15468553897536164,0.17362466843759405,
0.030760889943583343,0.054208891459307317,0.07236714232346615,0.08710783529972467,0.0974222438302898,0.105363731541022,0.11377127241954074,
0.02486653326517983,0.049688270300573295,0.07021338783877341,0.08779669824781294,0.10225557235292236,0.12012583986869173,0.14152305206964425,
0.027705448730222928,0.04317029066845714,0.05201884694864971,0.061266737517835075,0.06748223039238437,0.07446631385913004,0.0831568973991552,
0.02751227484862005,0.04920262113883688,0.06325788138024671,0.07387895006459998,0.08325586906785895,0.09251763079471191,0.10010919303966535,
0.025029079671080694,0.04770141559226163,0.0642620549738263,0.0789878740169937,0.0930381406945461,0.11028928338635786,0.12783504718176503,
0.029160357950329292,0.05511060570091482,0.07555997967731554,0.09352027770827574,0.10526331802690798,0.11574964167966685,0.1251231271167474,
0.02665594666877968,0.045660219470242104,0.057513368872960303,0.06918371213817844,0.07913139455237511,0.09011889163444635,0.10067895278977472,
0.03269869930682681,0.06067488029092038,0.08066524523777127,0.09783328795990576,0.11190031583613423,0.1289131783488173,0.14601326583016033,
0.03725899845159736,0.06914568745742192,0.09547266855029829,0.12149312326127862,0.14261998914878687,0.16436778380904551,0.1853162854070945,
0.03938845178647108,0.06922930316185257,0.08986436823584167,0.10846393924235291,0.12420955454015824,0.14157587842885658,0.15808194066650194,
0.025674078053959267,0.048338422949167285,0.0676690951208966,0.08708211567354585,0.1020756182441691,0.11732904039959041,0.1298686490119787,
0.03151281210465579,0.05705482409376832,0.07568108590104923,0.0915644302078732,0.10378429704417867,0.11631548932960813,0.12931401834951017,
0.03451112914071272,0.06099924309158002,0.07953515922102912,0.09499285215371608,0.10865820025405268,0.12187044470258826,0.1357086042904206,
0.018703814155821674,0.02653499777260844,0.03061764596370242,0.03584737709874552,0.03984765501243983,0.04124866894484842,0.044034372433395426,
0.03085165118793404,0.054308306740843214,0.0695409437940158,0.08414629500921182,0.09790502959050322,0.11432621488373931,0.1303241645087488,
0.04403424245760885,0.07698235966019099,0.10370918370684504,0.1276984837940916,0.14783197991419805,0.167595707991289,0.18304753863081905,
0.032915489345668694,0.05789096754277167,0.07596696772006506,0.09319230780499624,0.11086371773087586,0.1303683653683859,0.1491771136389523,
0.018464000300451578,0.026561600319581574,0.03126222224709973,0.03473283781847523,0.03742336791371966,0.040023256901114364,0.04151384843081557,
0.03754087704140186,0.07210289351083783,0.10037295738486526,0.1267266730629782,0.14909520875860222,0.17458092398270317,0.19690597624855852,
0.03177935237711193,0.054902597643593544,0.07022596537122223,0.0835921178650242,0.09640381741454714,0.10976764097726777,0.122303411691296,
0.02602067465605369,0.04827239148310324,0.0647424211262955,0.08063253750079716,0.09411535120577484,0.11191145685652067,0.13005504630507317,
0.0360260674635961,0.06583497910548704,0.08841788686596411,0.10874942073919161,0.12562104774302443,0.14377966320645208,0.1620830020824047,
0.03267582519609214,0.05919225086453881,0.07966636772942347,0.09790759468133105,0.11195482673023092,0.12627547585085355,0.1416390213594233,
0.03509623688604615,0.06179671046161549,0.07894220749348865,0.09116351478472139,0.09540538540742703,0.08948247847186519,0.07281553712259205,
0.029574442619380165,0.05394618290309463,0.07241033796507058,0.08774290892611183,0.09830018896142825,0.10846055896350168,0.11951198873928584,
0.02732706270804938,0.04788180961439595,0.06399118185403783,0.08132871639526928,0.09477399608251282,0.11156367040841556,0.12401919912696975,
0.031711212779333975,0.058015627960749466,0.0752227620514744,0.08837951772104645,0.0997953951267296,0.11394398312773647,0.12910625190990388,
0.040185441553746586,0.0729480966926901,0.09369682525141139,0.10913429677252268,0.12194037960438116,0.13753018806988115,0.1553036426896625,
0.03190834428454563,0.05721173014610649,0.0773005123437681,0.0947599828591237,0.10863079352139714,0.12182531001353092,0.13483002300519323,
0.03084044581098327,0.05704914589247828,0.07794570211175875,0.09919906526448229,0.11908925987477419,0.1411625132826477,0.16274477227528927,
0.030748700160234694,0.0563248631520666,0.07512312684933421,0.09185425750479945,0.10434455838068848,0.11764933090235873,0.1317671940138219,
0.030429271979237154,0.05395564874628239,0.0701105128346207,0.0875470815978639,0.10500909273057371,0.12669600554777705,0.1487501885089626,
0.03390368448916739,0.06134223961709051,0.08128195978327557,0.09956198736098656,0.11665091305223167,0.1362658193475463,0.15609703592834356,
0.02428972650558976,0.04658901643985778,0.06551411003374254,0.08360519205392691,0.09849957293650526,0.11343188628591505,0.12683011399538915,
0.024654206379209124,0.04693089973411908,0.06699727952072362,0.08514278374280568,0.09919453221359258,0.11554329030694274,0.1302400802239739,
0.020892014188616435,0.03168592370765838,0.03827202133962435,0.046286931523813184,0.05472572721503727,0.06007436564780033,0.06872157879884759,
0.02123925164365093,0.034179236887845306,0.04073488906875868,0.04710795135379854,0.052284775403453,0.05943935723333074,0.06372901787425837,
0.03845011642844386,0.06803570642830262,0.08943057539256062,0.10775347136593084,0.12276697026609434,0.13861224991589532,0.15226305347119864,
0.03258444314143973,0.0578951536857654,0.0761991050628068,0.0908111826720376,0.10055989614521939,0.10891424772744177,0.11676931278495055,
0.037271967298817724,0.07198539128897254,0.09790814194112592,0.12068051653974379,0.1379507367643458,0.15827223602584461,0.1786684475906415,
0.030441706852348812,0.053606183481087206,0.07057272305659933,0.08861528252162633,0.1044778496189677,0.1221959942433344,0.14157963292408812,
0.03265788759484162,0.059385900146394846,0.08049135364382909,0.09810196413137598,0.11058379233364624,0.12123301868775128,0.1331411549645436,
0.03360928783770082,0.05756880710337787,0.07357376476848607,0.09015483848106924,0.10325886800464452,0.12108596658536655,0.13481068138892388,
0.0234614060694315,0.042495034276129225,0.055436413043677586,0.06658786306369015,0.07603620387423322,0.0873280173307801,0.09817317596637318,
0.03387299945664247,0.0638621567801353,0.08442968029019034,0.10234924236390308,0.11802003666756307,0.1380564928218642,0.15862925972263017,
0.03079807903943976,0.05768187653404881,0.07652586232099,0.09251520500191686,0.10629463636448365,0.12334995212136947,0.14100899589131927,
0.03397812545521805,0.0660928172707203,0.09068231810787854,0.11197463809559832,0.12677724534979976,0.14296969164952603,0.15944102880552863,
0.024859735804015168,0.04747423001329368,0.06539921031455671,0.08160223877096778,0.09480387305565569,0.10678207647197244,0.11986524922422952,
0.029021354527722327,0.05402034447873176,0.07343844992474091,0.0895606349567295,0.10119768643032638,0.1127051652192224,0.12209439399978007,
0.03794231642521413,0.06983384200270364,0.09359631602136563,0.11432989698325258,0.13301320869652494,0.15414640256643877,0.17257153611859313,
0.040950709720426894,0.07186847039897516,0.09478678193605805,0.11363495249243863,0.1265338890564574,0.13788408785133982,0.14830391792087402,
0.03128470017540146,0.05454761397236444,0.0701814506075601,0.08408525766780561,0.09736050147740256,0.10987208280664498,0.12288890439810182,
0.04130859133258013,0.07489485619417559,0.09824201600851272,0.11866181962693999,0.13686886535473544,0.15584064786371601,0.1730303109614716,
0.03620371174112337,0.06769714247582444,0.09163331342111417,0.11246410716800051,0.12833596747664466,0.1461760188647458,0.16192647806742408,
0.023479388739038907,0.03634117959384931,0.043480427318244766,0.05076295436741433,0.055722519415595986,0.06250641027876813,0.0683895738789849,
0.04232229682033234,0.07476798139035737,0.09883562308308312,0.11923098782297707,0.13570695869233063,0.1530618075640151,0.16994859655814626,
0.033125882214372945,0.06198676837732883,0.08449409932929088,0.10377568995337655,0.11792250173590092,0.13179763036268008,0.14570080793791457,
0.031433376655545915,0.05924603987255017,0.07852964015402938,0.09377711448467942,0.1064651154702468,0.12116920903962235,0.13697397509635956,
0.029973695344704288,0.05544627518206354,0.07308241960290521,0.08785576591809864,0.10193897951587898,0.11946830189878448,0.13735072724497846,
0.03217765778914551,0.05913318858371186,0.08094227106625788,0.10019176520058923,0.11673716118592622,0.13232868724142247,0.14841787460864264,
0.024574523305252696,0.03795838066999563,0.044742258842363845,0.049959210358323826,0.05316403597917048,0.052404912395279675,0.05620721212791452,
0.03162941169828959,0.05335298103564929,0.06873811956898547,0.08368124216867821,0.09657847992233962,0.10919745687297679,0.11892788974212791,
0.03623281323574831,0.06777766675018035,0.09264748871587826,0.11506007712315729,0.13495762233593542,0.15583300372571432,0.17708461521716168,
0.03803840949437891,0.07007749140409011,0.09345645440847028,0.11262656504189175,0.12895146040757408,0.14711948634153132,0.16655618316393453,
0.03128225293765957,0.06035255136524544,0.08279846427183368,0.10081875121269099,0.11278401411188577,0.1239563358639409,0.1353281308929508,
0.018553205969565313,0.026180225180240844,0.030449480527069868,0.03529933920073786,0.03924878287766397,0.04291002250678468,0.04639689979367566,
0.03664422040323577,0.06617258272220819,0.08792430878593648,0.10695139026248066,0.12347826259119571,0.14273354834550486,0.16008519732791243,
0.03411662890763,0.06348858977121764,0.08569484272376865,0.10641104454179706,0.12186308969523559,0.13751482789677275,0.1498746671101616,
0.028806389465382356,0.050920920865568355,0.06666060505391021,0.0820535780793108,0.09743438299949149,0.12081413475239584,0.1468619430567096,
0.03326075568720561,0.06278873255432947,0.08668474351245532,0.10833317155920116,0.12634912978973853,0.14458412853916422,0.1618748414574334,
0.03137424106702075,0.05874940071725611,0.07853101367950323,0.09782317782030842,0.11672732900207813,0.14083242243916064,0.1651487382359097,
0.02672778528730557,0.04356164615500726,0.053631840303889754,0.0646439388740029,0.07387637281080826,0.08461672770308716,0.09615498204053236,
0.016070274091512078,0.021530994449237797,0.024590721864058127,0.02744883184369253,0.030982551672755338,0.030185446505941908,0.03617285770748359,
0.026683340375149567,0.042059372137372486,0.0510700257301977,0.060727235881419844,0.06765060682732309,0.07925967280683822,0.08812022189223483,
0.02363159798068951,0.037038558598880784,0.04607603243951069,0.05370923875034415,0.061957408991098924,0.06951903643611958,0.07682347518586104,
0.031861961238856436,0.05682564217718729,0.07502610180711278,0.09016213350677303,0.1019030749512535,0.11440548010158828,0.12770833948755378,
0.03988958886724083,0.06733339550113182,0.08723611349132195,0.10392580636889445,0.11628742788352284,0.12832485442172378,0.13855246506408314,
0.01920310277715267,0.02787925046876373,0.03281831173411914,0.038585367856757105,0.04502016137212488,0.04957608594942121,0.05620480238567168,
0.030022174058523865,0.05317596770682494,0.07005727914483502,0.08563589580569046,0.09884365053731485,0.111770481113723,0.12383005753266117,
0.03853543454808589,0.08584191288076137,0.13330598845315825,0.17376792694692322,0.18374318047616292,0.17302036238185864,0.15266383659832264,
0.03534831173224861,0.06617371348862734,0.08858859561651035,0.1083524291810615,0.125276310167629,0.14455507920660704,0.16456565645889112,
0.03424672761122149,0.06323117917243912,0.08371371755264756,0.09974257103015421,0.11121096365110106,0.12361850019384589,0.13713692627443289,
0.030561170146605476,0.05897466559186038,0.08243535805613592,0.10420491717681804,0.1214541701139315,0.13893727732947803,0.15363902383052236,
0.02471434182548062,0.04606087541914481,0.06385848508719286,0.08002193429674508,0.092170041928805,0.10451537493518614,0.11729386322407011,
0.02957732310278403,0.05157586142878403,0.0661843554075131,0.08027315971647837,0.09194400689159457,0.10304007934449898,0.11580929848173908,
0.027227253062005647,0.050302955672409014,0.06549927960580768,0.07778105311371455,0.08832166074747273,0.1015542499751567,0.11199150294725159,
0.02861531689873325,0.05382005707538908,0.07212092995329691,0.08930958901568578,0.10664071983675459,0.12717502014506823,0.14882998810323847,
0.03187564336911735,0.05443794800741194,0.06908251909282713,0.08257123631710818,0.09588364207243287,0.10997531452631319,0.12164922601261098,
0.03688395409924984,0.06850010943825739,0.09154995940555608,0.11256079593250204,0.13067951113507797,0.1515061241039995,0.1716481830076784,
0.031207247549861913,0.05618261742957193,0.07409857023044486,0.08932169465229084,0.10226444733465094,0.11538193293517669,0.1270741129184891,
0.035176644015856705,0.06378335242842097,0.08580227710952924,0.10572652203507038,0.1223794221783337,0.13965622399526698,0.15626668952663603,
0.0406571422125523,0.07271840620943049,0.09662884016467858,0.11704675008713011,0.13171817946725664,0.14525421892396986,0.15735345178141744,
0.034401281258381836,0.0612366954563347,0.0808858577495428,0.09811372126236265,0.11388031318484339,0.13144701223138797,0.14763201804764872,
0.0331659008263428,0.061126345197246544,0.08141522934859866,0.09891510500877851,0.1139418558103929,0.13202659884087023,0.15060671230577952,
0.033911533362846816,0.061789848203738014,0.08125858395843907,0.09915927132016449,0.11772854821568039,0.13823717158333085,0.15980308347661448,
0.03377182786826255,0.06418784848475262,0.08755372646677066,0.10822534905229739,0.12558393624445954,0.14382005659074412,0.1624410771961501,
0.023805537500992454,0.04282092704801953,0.058011978182698105,0.07101547081233396,0.08253580814734685,0.09365582584776316,0.1034393346431205,
0.039772482684588224,0.07001047768464325,0.09431105048814112,0.11735183279092347,0.13524524032196103,0.15324779582342868,0.16901929678135993,
0.03377918359643405,0.061341661389254475,0.08323535758874422,0.10258761253879128,0.11997949046272292,0.1353482158989622,0.15222566882848926,
0.030224226364998996,0.06107266803963197,0.08840990403752964,0.11326312982238176,0.1320656800262296,0.1502502244892599,0.16645898075883006,
0.02366779779418946,0.036959469458849044,0.045436914248986486,0.05379544150014872,0.061143727040222536,0.07132669470488477,0.07992964633171729,
0.031125214263971576,0.057087630392449885,0.07799783721096212,0.096348686096821,0.11040020526241526,0.12398061145574574,0.13722120654627268,
0.0321510129835883,0.055520889255862675,0.07439277731260495,0.09064095467718018,0.1040086178478083,0.1164982830526912,0.12741726510562487,
0.025527185476728168,0.04372537646815117,0.056018269321664795,0.06697639647783939,0.0770308804073706,0.0879949413294357,0.09853874170780019,
0.03483503082342936,0.06547771401242372,0.08765032844533503,0.1049067238518985,0.11771499050857659,0.13107588120972505,0.14545634436343396,
0.02313790869857309,0.038935143560451246,0.05591997184238357,0.08238069043235047,0.12388479774770737,0.18963182589600783,0.2723350303988977,
0.03900344361073848,0.07124249022705922,0.09470023239923016,0.11347184312018012,0.1269903267943926,0.14079247238668227,0.1562932730409896,
0.026409048560546756,0.04384328776208792,0.05518797661393116,0.0651065328300754,0.07457575546835,0.08378596707016883,0.09582277040934645,
0.042129935074741345,0.07814021691966698,0.10453524210992847,0.1283598282621494,0.1497615356924776,0.17262506876420242,0.19600646450783485,
0.030239173597571507,0.05462829158261557,0.0743591050757356,0.09200882960064553,0.10588114419498108,0.11981874802808172,0.1310649991464529,
0.032854465492990516,0.06285840658522569,0.08473369658770875,0.10277857999457284,0.1155591227919037,0.13084351466375183,0.14893412546705795,
0.03780644279733729,0.06836716734682811,0.09125666674889621,0.11219035191320267,0.13015223574489787,0.149693294263507,0.16799879730491712,
0.03368434534225705,0.060390928928349755,0.07894404364377436,0.09300170471763489,0.1049434308263105,0.11816574692497307,0.13075537341334328,
0.0328214533173554,0.058921521872622534,0.0777979735456796,0.09370704965245509,0.10605951668254247,0.11956943883805245,0.13063203550483113,
0.02247762741506835,0.033968843222886784,0.04030116691400651,0.04723834946898243,0.05416062010667134,0.061561174472583385,0.07048258542464035,
0.01819475731450349,0.025821401667378376,0.032669283164717934,0.04115163381295699,0.05320961602827459,0.06812880323259268,0.08570261316755565,
0.031162197107167843,0.061531344845379934,0.0878757845671068,0.11311610270700331,0.1355098044898612,0.15802522205528022,0.17985703961639804,
0.026040944905036136,0.04478980496061874,0.05677263082448873,0.06787163211466624,0.07703731357918117,0.088134866807492,0.09810945697898779,
0.02827029759309922,0.05282448208848041,0.07207061274858985,0.08855698653744555,0.10047794550893129,0.1132180086662208,0.12721461926448785,
0.0370926394214857,0.06710754671475887,0.09170788148538261,0.11373698588473602,0.13081453266496726,0.14729919826574167,0.16248928650869146,
0.027229402078120375,0.05123145171730428,0.06951355730104693,0.08544149639516033,0.09815795715167289,0.11167628586381177,0.12655901555095747,
0.03267861114437659,0.06546304861042515,0.0940682361008826,0.12335842341087486,0.14301102576490285,0.164297777932877,0.18857540431353997,
0.032951934021585826,0.06104368385855828,0.08129164831740895,0.10077464104039152,0.11861466625726529,0.1402285967831889,0.16005055784978975,
0.032324384475850086,0.0632864063245192,0.08851300969580812,0.10994000376384835,0.1255813750958579,0.14088881201154632,0.157721628273282,
0.027991079212238937,0.04805356311019974,0.06131884186023295,0.073690517970293,0.08516326127696966,0.09702834314209842,0.11019863152731194,
0.029794342027042137,0.052963700828663404,0.06937233319452357,0.08413307228395304,0.09817983178917834,0.11394003522426291,0.12789616811896914,
0.0316930826488395,0.0570400647529644,0.07779324353080053,0.09653323796628052,0.11143127466957735,0.1252982621346925,0.13746534430619992,
0.023846588887841774,0.04079378154070065,0.051969204029511225,0.062336022783822886,0.07212701782803056,0.08496623969839953,0.09557037359700402,
0.028450432537091494,0.051941464383236984,0.06958186406397017,0.08735436237418563,0.10406294247787422,0.12044694227812981,0.14194195442270277,
0.02776578664440641,0.05131014792065629,0.07045016493391681,0.08753365799566934,0.1010609884143143,0.11492084304759238,0.12448907111481256,
0.028051649382881603,0.05005106042956055,0.06497513436579311,0.07778702815567262,0.0882584691812305,0.09540886467990746,0.09737419991292386,
0.029564057437469596,0.05372250554528486,0.07166804592455155,0.08767122071280621,0.10049073549856158,0.1141231346059006,0.12707535635813755,
0.029426737464325337,0.053859585187391576,0.07211430641180742,0.08743388088779133,0.09845206948327279,0.10928710418523738,0.1212252014408033,
0.03451820654036399,0.06076723509954661,0.0786985043033109,0.09414223664067134,0.10667447391592325,0.12008843703122342,0.13232992348855258,
0.03821381623128679,0.065255832653742,0.085222939080012,0.10169770942910142,0.11409626373034235,0.12584999854669116,0.13796535177402192,
0.02953332769058115,0.054732592494708354,0.07150900569744455,0.08603156181852052,0.10008328804179135,0.1162008367764917,0.13414261986815848,
0.025271487273595808,0.048576271647500974,0.06847328034720186,0.08814498664151356,0.10340789727680418,0.11961709922366832,0.13266266819935604,
0.029077133732075804,0.05216655064303297,0.06758571880773967,0.08350274177576565,0.09962861118763161,0.12183723254400204,0.14107009614864194,
0.03330461467417781,0.05900269621250823,0.07486477394320844,0.08663574828558752,0.0953202832738842,0.10256268907146769,0.10561244979615736,
0.021425202718943662,0.040059624555189174,0.056368277996297074,0.07118238100983201,0.08274369373339718,0.09362631495703391,0.10368602135925897,
0.035188321355763164,0.0638903191738928,0.08295226545235444,0.09930143936529952,0.11501781266621693,0.1349537436869248,0.1551254932295114,
0.030285962984542007,0.054608888799428094,0.07439505465262061,0.09134713072016462,0.10744009247522032,0.12402866831347838,0.13869994823843004,
0.03531536979559016,0.06813531880474233,0.09265754754662378,0.11570944256185842,0.1364059884874074,0.16379245586504973,0.19057495539810773,
0.03549434189770897,0.06555442392069777,0.08854160526233788,0.10765669516374735,0.12068776928045435,0.13227933584851903,0.14376128587978435,
0.029111224950263425,0.05179645135767497,0.06711210984275336,0.08154829791392972,0.09551272252647189,0.11022396072551056,0.12642964073699767,
0.02927669233765775,0.054983907999131894,0.0740328995900463,0.09017352325534846,0.10363191187845387,0.11852864299228792,0.13487376887253175,
0.03336807500967431,0.05917788438446481,0.07884295233068031,0.09525007935304448,0.10769215239232108,0.11785896086127207,0.1245152063872792,
0.03394575925259697,0.06342350775304693,0.08458042110002319,0.10362570079748909,0.11944847102801401,0.13943840145055567,0.15907999148162327,
0.033197489658644684,0.05964160713623082,0.07999313964472464,0.09734324499343715,0.11136908375473709,0.125319019871377,0.13884313524825032,
0.03028761038337715,0.05404723542983322,0.07211561294716874,0.087817179582862,0.0993050664640953,0.11025106215776152,0.11966887061669959,
0.024410989953655527,0.04530336486592569,0.06128788364234748,0.07519290157156529,0.08820110702768279,0.10240281195126719,0.11594570611417396,
0.022608958126841515,0.044120691557286276,0.06254022354633547,0.08011636959824521,0.0950364608677891,0.11104535954111593,0.12497906225988496,
0.01993785984810959,0.029755169558964862,0.036375050484356755,0.04375098141632177,0.0504388364007392,0.059203412038362664,0.06564370278619554,
0.0280972842459084,0.04835627522273427,0.0634776362671675,0.07824338257642441,0.09338848509305257,0.11276352548559057,0.12563485020906412,
0.0349739008406711,0.06739571156254388,0.09417809051800832,0.11810315717735773,0.13528997327614106,0.15202917226930143,0.1678707788129677,
0.03136412924569226,0.05496905489246781,0.0716063341872175,0.08431217404948656,0.09123632407279912,0.09402782352811594,0.08918529525972511,
0.028441604377388078,0.05323160812544243,0.07298696724134504,0.0903914651085774,0.10481422664743462,0.1214611155381035,0.1365684853470415,
0.024514660864013302,0.044727712390772875,0.05913748172201258,0.07058886261444287,0.07998905804373979,0.08942858798861021,0.0986636178538909,
0.030449058375708434,0.05255002114418389,0.06839356469898969,0.08177407723399058,0.09348103348011824,0.10616150814544442,0.1177652535937345,
0.03188241670393046,0.05607192742149408,0.07207167492864211,0.08869127279153592,0.10325751920204955,0.12206916261394078,0.13810773813534646,
0.0329523795709925,0.05801451888227451,0.07606868558818636,0.09169360808559161,0.10587510800231825,0.12044394466258596,0.13422884236761337,
0.027893862966560237,0.051327885503668624,0.06978313508937056,0.08576495147122966,0.09783007446060343,0.10957612228310502,0.12103014692673592,
0.02225598122662348,0.03706005018533691,0.04768994213211282,0.06171548918709081,0.07461522787002471,0.08948802368225135,0.10435316825044445,
0.03307517839837188,0.06142987433723892,0.08359664567335887,0.10497155779866311,0.12193372762256785,0.1409560790381547,0.1596390255060307,
0.02517884256315418,0.03994938433286335,0.04893578436829956,0.057155003939378904,0.06662549609802275,0.07865026520121665,0.08697875625698843,
0.030355919353212128,0.05371660670877116,0.06931221584894717,0.0844181449377947,0.09908333030190059,0.1170954513117053,0.1340566919270749,
0.026647530275650668,0.05196502865214453,0.07466762074839961,0.09725770269486837,0.1148357047518082,0.13269978076851627,0.1464504335994017,
0.02344554173884756,0.04604089172471503,0.06423485783755238,0.0803476637815592,0.09292820648369114,0.10701055590845607,0.11932014685144672,
0.025720858251088954,0.0455792618261945,0.059255832875428883,0.0729726243801637,0.08786380849026744,0.10688472334322434,0.12105309322651171,
0.03473227262153245,0.06100480419325592,0.08066673272879529,0.0968490909767681,0.11003354577435072,0.1251674777133227,0.13861750404074863,
0.03262536587342168,0.0578706742449118,0.07600833849911348,0.09165896490156553,0.10403265157024572,0.11750059740508956,0.1315737915622854,
0.03257543069199338,0.06031931414378933,0.08283208202208148,0.10470206833320585,0.12410588297927454,0.1479182755085197,0.16901443121718449,
0.03317757015838584,0.06137926542032623,0.0844824109964787,0.10732313384704155,0.1279448345783622,0.15102439666543055,0.17309137990687423,
0.03909125823296495,0.06791777445555397,0.0892950429411954,0.10678476677376501,0.12015517953312489,0.13257225426582864,0.14464572154446745,
0.03509800973873632,0.06355515605407916,0.08372860299192199,0.10060006820411364,0.11535141839217992,0.13230587711648664,0.15031845344003636,
0.021683659915572296,0.03341539648358857,0.041446887073032256,0.05030263291148651,0.0594686980485144,0.06924610231717349,0.07749098170774751,
0.025223034053839383,0.0462879901153735,0.0637190744722672,0.08035134528819483,0.09323610384850554,0.10542520382432384,0.11676541828551733,
0.03267518868062875,0.06100982808317614,0.08183766740565487,0.10016867085505396,0.11466726587182337,0.12812393781673484,0.13752774866511766,
0.0350843099663996,0.063971626287449,0.08260210603364916,0.09764537592506768,0.11131363268976696,0.12788109035231773,0.14419102995516225,
0.03231391611017644,0.06003886039433002,0.08361770666591375,0.10473930840507219,0.12309419569415808,0.140847253227296,0.15896117483080643,
0.04047770410775551,0.07226022277847823,0.09498740638603446,0.11405262233244329,0.12829786852769856,0.14249355963817575,0.1569071755847882,
0.032352181495934856,0.06042397622240625,0.08363322435739436,0.10505464648568391,0.1233116478252753,0.14293100791234514,0.16173865214251376,
0.0306007447346941,0.05435344345397947,0.07155960074531935,0.08515139731455049,0.09507880056662546,0.10404792885259083,0.11314042042238387,
0.02799047175716478,0.05195417805229128,0.06962170201638831,0.08667902337308124,0.10525426946181912,0.12746770327352025,0.15179863599766727,
0.03852055348037008,0.0685142494640978,0.09167009160304805,0.11057407504298673,0.12496904452483909,0.13878292629344202,0.15244878738760476,
0.02918650322272432,0.05315850350822578,0.07189052311637183,0.08867796159224482,0.10172579328130248,0.11522707425181289,0.1266089263049324,
0.024266856808989965,0.039831851173115315,0.049617667205177934,0.05937097338568446,0.07005740673652155,0.08211394356663639,0.09434075655643191,
0.030231885251081073,0.05479118762941711,0.07449301175171628,0.09445593639825126,0.11168432369637439,0.13341238197092387,0.1546429658089581,
0.026833843441086577,0.05166721364343783,0.07019649978863643,0.0852471662664023,0.09783634991374876,0.1130281643440225,0.12986486598993605,
0.03167063476740762,0.056032155696900274,0.0741372427249357,0.08950722123601701,0.1015699917748731,0.1135241936967627,0.12325797265483641,
0.029761665591378817,0.050761668652649944,0.06565017096541768,0.0818404777824671,0.09735722444026472,0.11518562055571137,0.13358535379290284,
0.03174227059450602,0.05986554873922623,0.08022011132495653,0.09686855984471404,0.10989800742257215,0.1264166173113531,0.144189812089894,
0.031401944027441786,0.055553656597271024,0.07186226614076359,0.08776104944564582,0.10061863011674203,0.11594504683945221,0.1284095010894512,
0.023708109124066817,0.039785653560189094,0.050544258457818535,0.06043912815266547,0.06871482196021587,0.07841286424541527,0.08535768028697564,
0.0333841232498073,0.06194950055560955,0.0825524142286764,0.09950429937585162,0.11342414792944194,0.12832141237637962,0.1445594077408607,
0.024448407789228285,0.038891282512196985,0.04847873498365302,0.05886718970670465,0.06894576323913744,0.08164061962830256,0.09167174811772236,
0.0383308780849136,0.07003985184785895,0.09205327265314658,0.1105959389919456,0.1256510985674319,0.14364711095064286,0.16271673587760202,
0.03794625631923521,0.06918936935186071,0.09351518385092057,0.11520847627325283,0.13343461118189123,0.1519745034528483,0.1703788349893248,
0.028626582286087252,0.05084920283440778,0.06685659658781164,0.08362880280221154,0.09678326066181961,0.11329204281274247,0.12615629619426344,
0.025063790365788836,0.04614741451542472,0.06328575487239085,0.07875133611309325,0.09194838866564436,0.10519341526750149,0.11729301259431082,
0.033343754355515266,0.05876741165036669,0.07925614100051004,0.09691152536780953,0.11050174626017296,0.12329299138708644,0.13416647726395653,
0.022802650025980503,0.037376398982109656,0.04541978164219366,0.052518973559003757,0.059137242062346246,0.07047255458825273,0.08113926629177472,
0.038153056565156614,0.07047985793764862,0.0941669288223907,0.11561840758354344,0.13506610311855105,0.1571629350136484,0.17672340953073795,
0.03222143751735974,0.06003823696703622,0.0837130847357948,0.10567506059681728,0.12377515401714327,0.14075611598083979,0.15628439853326978,
0.03322207619891885,0.06039715006291335,0.0803273757708358,0.10036225888037116,0.11885663440417817,0.14061457328889657,0.16142475287497493,
0.027506695470205605,0.048087379910556456,0.06190383772263476,0.07344309388583209,0.08416323860178909,0.09604144990004106,0.1079951213671984,
0.04454349743297906,0.08168919496473806,0.10761169604641785,0.1272234101559004,0.1416673967877057,0.15509887522388244,0.16855615981752714,
0.023841768028961673,0.03831996931712918,0.04574447685071741,0.05304464630301924,0.06135558676396393,0.06962583786741879,0.07990519314325473,
0.036666911327953675,0.06487743791420367,0.08520703014358225,0.10308758747975937,0.11837119651914911,0.13458200392683775,0.14915082363010604,
0.03472518793034787,0.0664151589013575,0.08932341999905416,0.10821132645716121,0.12372951511985518,0.14305606899674483,0.1624997898073843,
0.04103026552431533,0.0720112732112334,0.09517434587033655,0.11372633283711417,0.12780204954769392,0.1401977536586853,0.15056689987416763,
0.02450630705300973,0.04874480593577846,0.06920429991347442,0.08873189775382466,0.10342076455611635,0.11944201471248775,0.1381773827851528,
0.019018921581305356,0.027811067917565522,0.0313929465823033,0.035674883592147204,0.036248603568806756,0.03891650406222541,0.07410783995623393,
0.028387433554532195,0.053845430737255305,0.07207783463806232,0.08618245804237448,0.09854309493148253,0.11494050771347021,0.13248070886186367,
0.03571203631121473,0.06475643472740865,0.08594942235579248,0.1027817054164746,0.11578791923035067,0.12849119370927675,0.14277437410506952,
0.0421604848433004,0.07757156253052774,0.10460077486996974,0.12781055837173752,0.14595174574263675,0.16355085458930335,0.1797079478430129,
0.028523099693789307,0.05442986820880284,0.07432098827473466,0.09220263404825815,0.10771976696659732,0.1271244624561019,0.1468256655581887,
0.021578353477015987,0.0320867578056153,0.03778047523815554,0.045002043650695045,0.04988772290429844,0.05397731849710817,0.05454343088715396,
0.03089552806835935,0.0542944747876284,0.06918203359253995,0.0836832204320732,0.09506290992763654,0.10066928198801331,0.11226243696207183,
0.03133107301281245,0.05258069433505072,0.06746727898095876,0.08032470355119353,0.08940633184766311,0.09197736208953292,0.10564081906863089,
0.04067257784090649,0.07273128884337525,0.09586365951244118,0.11652645002699008,0.1327749689085212,0.1514944582348802,0.16914862003166678,
0.023370446398065563,0.036436282653418015,0.04639652547422214,0.05721958338346637,0.06891972932608777,0.07885007137963586,0.07395872020739087,
0.03515757713151136,0.06529602161020147,0.0879869166893991,0.10790739676422416,0.12519642000230743,0.14401460510259204,0.15837900594654994,
0.03546462318862132,0.06360336227380976,0.08529306841903837,0.10355319702997627,0.11659006320386565,0.12959001116724572,0.13934835778597723,
0.036454395057925595,0.06535383639174004,0.08597777401941598,0.10398151207125216,0.11740124597485936,0.13095686195450543,0.14495948202732936,
