0.046356750499334624,0.08848523404051442,0.1241706881096208,0.15811115601787182,0.18855818464978347,0.22143771116220876,0.24751794928638043,
0.060873883933028894,0.10829843049828008,0.1455312095850326,0.17974078616472514,0.20696429927277893,0.23571186378634704,0.26291319514777717,
0.04321026799014583,0.07716271597732055,0.10016794415949375,0.12234264077529926,0.14267354429302162,0.16732840440740135,0.19265269607429406,
0.018239158673857885,0.025240101687827907,0.030423059344192056,0.03565912102942593,0.03682493464225975,0.04492343420348308,0.050000967930277966,
0.04274462976647167,0.07653109906101925,0.10017926007995985,0.123162462124352,0.1432280637611006,0.16647713145290977,0.1891670855255114,
0.05009639382804928,0.08804151673619737,0.11755800046674973,0.1435709141030371,0.1659118483799236,0.1916335713424289,0.21516875574068797,
0.05160752512871563,0.1013019694638046,0.13928147366432472,0.17358651273130288,0.20711096284284494,0.25003062335473564,0.29457802713302067,
0.04553625255323369,0.07583082438481091,0.09479142403864554,0.11383760352390128,0.1312986954321415,0.14857706509208007,0.16983710602404178,
0.04783784633885005,0.08682462025272387,0.11586005273276538,0.14029120630897168,0.15879356235449638,0.17178558862093815,0.17575722974810246,
0.03513754398213963,0.05705882581393926,0.07008563679920801,0.08611393983282034,0.10494132997281018,0.12464003911064847,0.14876695964651884,
0.04403116336643284,0.07794433167969464,0.10295752701587922,0.12480072892622605,0.14415163280442614,0.16527816010281027,0.18407915948532738,
0.05099259681690461,0.0915235208398661,0.12003017583402925,0.14732824842120837,0.17234249037669572,0.20176216139233705,0.2305602600934157,
0.03988650355573462,0.07483820618021043,0.10129291766337915,0.12528829128550759,0.14717623532992313,0.17258722846366442,0.19583867338786842,
0.03702704749161831,0.07264630944113121,0.1044573142216152,0.13775939192738604,0.16535009570320713,0.19529079912628008,0.2229745553728978,
0.046615403152089556,0.08262223761635766,0.1081880511372386,0.1285456169127238,0.14468958292355613,0.16028107958120463,0.17365259707678893,
0.04472875631204684,0.07936321907320652,0.10947676448724049,0.13755151708159674,0.1624616707635255,0.18785758552336104,0.21136993036598395,
0.04894280187882672,0.08954661163700811,0.12338447018602507,0.15494226015619908,0.18139994365055745,0.20562898493110496,0.226355218134923,
0.03493786200008219,0.06473595735900227,0.08902466359252353,0.11090017488757264,0.12949693352792482,0.15045673333816592,0.17076706810841802,
0.042410054260306744,0.07685903677115503,0.10331451414182062,0.13582659195177638,0.1710168570394256,0.21188929481932092,0.24445505897348688,
0.03197535437456312,0.05613323442691336,0.0833238650608204,0.13444596543086854,0.2167920563246991,0.35934372342994747,0.5751045265311211,
0.042658303343998116,0.07661375872742694,0.10518946797888502,0.1307345445142717,0.1490731195230244,0.16886618651533958,0.18615876847593069,
0.05512510647267996,0.09985851119171833,0.1341148359447201,0.16396062385216625,0.18789968048237576,0.21386411278488315,0.2393653712270414,
0.015113791690355793,0.018941750179416742,0.021704947294800266,0.024396149910959068,0.02885758044727786,0.02380880843342714,0.0161340321435639,
0.038401489151364564,0.06620277774476485,0.08633748766973669,0.10357745227394888,0.11961185512903154,0.13992874849020837,0.1577651419948847,
0.04891820679550385,0.08591758156117553,0.11137030581273534,0.13289486887011395,0.1505508595606506,0.16796325754266161,0.18244236214547824,
0.04463726039774455,0.08229417139932066,0.11156113591292004,0.1394603846527981,0.1652950542974679,0.19415647432053607,0.2190883196733692,
0.04423437708754194,0.08110291425782701,0.11295159527569605,0.14498745010462064,0.17133297906137568,0.20638372126581575,0.22450399766224896,
0.03862799008404937,0.07589235806939783,0.10790806453281776,0.13842865232887522,0.1639369978231948,0.18775389370989493,0.21138717653304118,
0.048660619294820774,0.09241537198825711,0.12533129298961232,0.1555147407527521,0.18012996203990317,0.2061218657111692,0.23181549266537618,
0.052618840138395157,0.09376691741537362,0.12457045984571917,0.15380800844971046,0.17666130958171433,0.199651437285748,0.22378527624934816,
0.049211239427179115,0.08905419635472357,0.11752214662122869,0.14034484452714593,0.15999648131085079,0.1812748047972904,0.20170413733732703,
0.04571809658793304,0.0816508116150718,0.10654343793924974,0.1272326809157415,0.1452655229109125,0.1643609333238412,0.1832744917922642,
0.04937653844021827,0.09150396251361025,0.1278528407580737,0.16632915110597682,0.20328178611122247,0.2469137309818014,0.2928423540420899,
0.024429567779228997,0.033011691992042465,0.037870529282371994,0.04257895771578595,0.04993907575202003,0.05905622221190753,0.06341672222553313,
0.04467111597361398,0.08468610204213627,0.11904212727985972,0.15237178483533534,0.18081223654263004,0.21239390099601613,0.23757632871230897,
0.04832410969435684,0.09594385881860804,0.13520114413729967,0.16981396053337505,0.19710060973339122,0.23049544440000952,0.26714176952427315,
0.04830686525522348,0.08560898528617757,0.1121369871751378,0.13749880757285074,0.15951318347550153,0.18310476025992514,0.20424469114646854,
0.045019572946321425,0.08395854468535352,0.11348932419674838,0.13803187825690164,0.15803737393276976,0.18025336194504535,0.20491260590774013,
0.053262453386728366,0.10078652985990755,0.13591727552160662,0.16428732931857393,0.18581244740404898,0.21297525377434795,0.24528910237474366,
0.0422320817446137,0.0789711903689359,0.10725035058074298,0.13139514697829757,0.15143641910452177,0.1720038707442519,0.1906191543508684,
0.06015202010960145,0.11494486627773706,0.15844752010738364,0.19799075914809455,0.2323815379299236,0.2717908473548863,0.3134276693556322,
0.03894226771313736,0.0641765524085207,0.08025224640668613,0.09713076880384894,0.1163511132700313,0.13482325371961196,0.15748065408381995,
0.06250887069353622,0.10703553697938457,0.14274663033845994,0.17302371469044905,0.19717122395575043,0.22006716842220672,0.24154939738113185,
0.050422048603181856,0.08986340234970497,0.11795265271517509,0.1450557130212862,0.17045981834464682,0.19939561883314139,0.22731375156144054,
0.04829444377435888,0.08958804807998783,0.11816908423826446,0.14501414313791014,0.17282049351592002,0.20781408697073775,0.24376347877220625,
0.058028522652859835,0.1151353448163981,0.16021046836187122,0.20033104121728226,0.23194721189817005,0.27038901919899067,0.3107477239727414,
0.04215555339354327,0.06859809137027456,0.08686779070679505,0.10401506547320659,0.12052251734209382,0.13982496916724674,0.15411140037374557,
0.05995792670275671,0.11253852934167824,0.1473631105570435,0.17458875237775107,0.19702825775151597,0.22235067971469755,0.24686155083759712,
0.039801470442146755,0.06470246521304011,0.07939802918699469,0.0936202125280817,0.105988047398286,0.11894900160800147,0.13876872304782847,
0.054028847202578084,0.09675746578002153,0.1319916396404053,0.16428819328628566,0.19148282261849306,0.21936599377802424,0.2469376102474466,
0.04690404789067601,0.07771571137909473,0.09946177841764287,0.11881643072185545,0.13652438095411196,0.15513290024154527,0.1689174677652454,
0.047688320896611736,0.08820779728467011,0.11737848374158602,0.14349971827784638,0.16476578724371482,0.18880695099493042,0.20999138537315185,
0.05798514735443511,0.10279639959443172,0.13714496977029722,0.16642533475137003,0.19118311070554955,0.21582653660075607,0.23823028640380178,
0.040524632353361636,0.07708051016133582,0.10707269980392536,0.1356845437372004,0.1597213930097912,0.18369198267143924,0.20991273368066257,
0.055389458607150464,0.10357360363749456,0.1390913569439918,0.16883803015064,0.18799763408719747,0.20657068999384495,0.21949509887083007,
0.03888905889185921,0.0659723739827509,0.08066420997024727,0.09614009015741218,0.11955685662174219,0.14923801794959432,0.18218636792278883,
0.020089047379209954,0.028448653247455272,0.0358307864195995,0.046973298198214664,0.05879354158138443,0.06849793271738046,0.09424745273528379,
0.02547092760382119,0.03647356119728509,0.04393896631977509,0.055729117195246106,0.06812675391921276,0.08456646942240534,0.09703190898635759,
0.04969567016557652,0.0829158774221232,0.10514873436670645,0.126011823511849,0.1422714470680258,0.15914992112575943,0.1714493674817297,
0.05502714364447638,0.10768559053123829,0.1534770826920936,0.20080522145739113,0.2370529690485344,0.2753370596089876,0.3114490167101423,
0.04334310374972398,0.08269178364252822,0.11372817514923868,0.14644694916712322,0.1773775633671413,0.2093288195027002,0.2480244643509026,
0.05137067145940164,0.1018174182478903,0.1492039579751432,0.19892869926948337,0.243178189170209,0.29039560529219416,0.33275713165242143,
0.0548864232187496,0.09993149986532471,0.13735462881605376,0.17130673487326067,0.19858475899376996,0.2285266685857436,0.25330491887514756,
0.05605607382725176,0.10545185508264704,0.13954233288336415,0.16438164139855257,0.17954974364017,0.19379694891631627,0.20191390626097314,
0.05071989146305274,0.09561581321784197,0.12915212666037956,0.15829514207397818,0.1831099445960724,0.2119095088588094,0.243999182546375,
0.05041030654177651,0.09471229290998534,0.12594253645852224,0.1557228427417301,0.18261179583039178,0.21547456610536006,0.24909120537164825,
0.04216368306222052,0.07691391954679981,0.1027172264360292,0.12408207978233632,0.14009217168729282,0.15616898333762697,0.16979892496577206,
0.04811368867568283,0.08738395051807027,0.11736651542258693,0.1492511003070347,0.173162887327903,0.19852808364781155,0.21569706182683843,
0.05705777800450503,0.0992240952502914,0.1292421302836435,0.1554412410551529,0.1772556341274655,0.19832985751786442,0.21819323374059582,
0.06527923339034913,0.11731811695930132,0.16061803805265026,0.19957373217733268,0.23259526239412284,0.2632366259601684,0.29233797470753237,
0.07370080826173425,0.1453715814468068,0.207811838721904,0.2656436138197527,0.3098687757320064,0.3504107088711378,0.3831850614957738,
0.046483297657199635,0.09399700968757171,0.13303268141835825,0.17554238928452795,0.22077382640971527,0.28607902297640914,0.3542249952563744,
0.03591815516712273,0.05675348944880222,0.06973027706652532,0.0841301935037172,0.10008010142652973,0.11762803037951028,0.1406455597434583,
0.05438580298334912,0.11125773472495173,0.1558781189743409,0.19879102162961113,0.23835187404448985,0.28346608876005874,0.3218772578252169,
0.05455152908021762,0.09942172674254544,0.13695209682779275,0.16941363179633126,0.19751895275516415,0.22441410264857378,0.25096580675668995,
0.044026703141696044,0.07675273506438979,0.09911215143214436,0.11988043540381442,0.13627230483503727,0.1552020061684005,0.17340465601682056,
0.06070063216792105,0.10920166675161978,0.14643457505132187,0.1807891002575875,0.20865309077332836,0.23763865475211526,0.2637206729497957,
0.055289820263882815,0.10284985675094666,0.1371149831841056,0.1649265361500839,0.1874459972669979,0.207924845771018,0.2208778504508831,
0.0336279786442829,0.06583629765060556,0.09367673199454118,0.1189997861700611,0.1392428990161147,0.15789616785939486,0.17695950100124794,
0.052489866028868896,0.09822973072711413,0.13864169226225403,0.17834764570186434,0.2111789442745136,0.2465774401180216,0.27703559500627856,
0.026386879671657756,0.03689632395632225,0.043759118690447275,0.05189425004450968,0.057151805996032784,0.06267585737620161,0.0723330772617326,
0.06184247053892735,0.12782119065675213,0.18318183949035458,0.23473894287799527,0.2748341953734012,0.3143193071873008,0.3530413071365499,
0.055432051223249054,0.09759015939531555,0.12941969417548901,0.15890589948508674,0.1826469717759451,0.20686510984932838,0.23163050092363688,
0.06073084909704662,0.11328208284049891,0.14964256932436326,0.17960673230115756,0.20214329737043601,0.226316672929741,0.24955587084716777,
0.04614610233965106,0.07952072410332713,0.10230792089660118,0.12358732653477615,0.14185832206141807,0.16319687067472285,0.18586057408758766,
0.05788553269547176,0.10409993857422059,0.13759994315950583,0.16971068277987045,0.1984074004939651,0.23081778206850603,0.2606638513729716,
0.052104398517675406,0.09937043242735316,0.13403437862149137,0.1641936284572787,0.19087117558734903,0.22329699217836443,0.25312722867766974,
0.042776851788143375,0.08502758271923776,0.12218925255137193,0.15941720585668945,0.18598001140342635,0.2168042302929197,0.24184793332383597,
0.0503935023961507,0.09203314042904746,0.12510848635907998,0.1544114111032258,0.17851323552052664,0.20307535588212522,0.2252676526256749,
0.045070052892679874,0.08014338422253318,0.10549353927000678,0.1282540727484017,0.14981895313899518,0.17674529772702,0.1979164284040597,
0.05578931222279155,0.09816991222901646,0.13181052229023088,0.15999638791431717,0.18112315747845836,0.1978709513018717,0.20974320198230234,
0.05722205406068152,0.10201689136905345,0.13721812843545667,0.16841440352964557,0.19412516134984123,0.2191728112980288,0.24340756925377247,
0.04185377890825984,0.08055230424436015,0.11070850553395312,0.1407674477096213,0.17273358520953316,0.21141509224819552,0.25032323944252344,
0.044022376919665596,0.07425162022791934,0.09431713374942946,0.11623843358543223,0.136196673466891,0.1651623057867795,0.18752431110127202,
0.0512433798596324,0.09100073737860645,0.12010055168556684,0.14643620487253492,0.1706279901508289,0.1943337471564369,0.21685725056402527,
0.03899205710224421,0.07403846171561489,0.10177547427718035,0.13142022128818576,0.1637915120322844,0.20327618122230398,0.24125151388308075,
0.0477359789982498,0.08916170310115745,0.1239958781095466,0.15838145341190393,0.18506195051413796,0.21643831745287276,0.2432552939361611,
0.058340274886497547,0.10517539280127099,0.13704715144690516,0.1629781386214174,0.1842045531218054,0.20856977157967796,0.2349523421358661,
0.057451443081200516,0.10204983853874337,0.1340177648837888,0.16327793792888198,0.1875570315252695,0.21398474451991586,0.23805363932527604,
0.04482333396237969,0.07641424693505001,0.09698541174224574,0.11724904161281384,0.13407996690545634,0.153501222151672,0.17527131081732444,
0.054697390441854815,0.09899393192174705,0.13074410924801147,0.15628871772190844,0.17446579058226408,0.19210546087256267,0.20967428286019216,
0.05580036231752323,0.10849753675680789,0.15443017753184615,0.19757343830857477,0.22866410499738393,0.25657080154217604,0.28055741846316834,
0.03554548276957195,0.059552095015968746,0.07571957764526614,0.10189561631019296,0.12418752167929512,0.14798453786991894,0.17217374976988112,
0.05268467249813141,0.10272489621066323,0.14406275207749705,0.18200998622305764,0.21012928047173177,0.2393914336790918,0.2683549294221735,
0.0353635916294389,0.05556909254861462,0.06718027266191122,0.07790916962213211,0.09121189578253129,0.11313144526911306,0.12548091105102677,
0.040917690743015635,0.06631538318018489,0.08204758107053416,0.09404519040291585,0.10346609477196846,0.1106177900404124,0.11831372325453832,
0.0717454650993903,0.12523703984468024,0.16653911426934306,0.20255097450866058,0.23102021394390226,0.25750926970283433,0.274711073528444,
0.04668405068547756,0.09650165199898,0.14288605980998786,0.18605964226712263,0.21471266903217573,0.2421038690414405,0.26668788806502347,
0.032886289606147374,0.05305050636854841,0.0679371764883898,0.09121197233487442,0.11598166302522922,0.14456617810613373,0.17475803935417755,
0.05346408867869359,0.09683475775351867,0.12962728145956764,0.15767836291032641,0.18017167682951649,0.20181941480936813,0.22099849432248184,
0.055628464474619534,0.10242431841721829,0.13812548072891662,0.17230867466917657,0.1999379499037129,0.22791841670340648,0.25168706121245094,
0.02042384733190956,0.02711460229107826,0.03197059021027334,0.03843993249609886,0.04189275012862526,0.05152920700668586,0.04155867805330438,
0.059054975150797405,0.10855700416276663,0.14827695447193398,0.1868632474600448,0.22116159979851693,0.2587541902648016,0.29692698483446656,
0.05237812326728444,0.09524649026460236,0.12589957456812984,0.1518166978629907,0.17267795824583645,0.19556704018297957,0.21903171273080946,
0.06141338358322354,0.1150226299810891,0.15849116960781232,0.19921006752053685,0.2342925165347379,0.27041434895315236,0.3028917871475168,
0.056105624404721416,0.11824598319553796,0.17304487882715983,0.22576952536810171,0.2693066373785474,0.32145150647417614,0.3700040237908197,
0.06023803747321855,0.12144235636043692,0.17060667659046466,0.21767562329030066,0.25383161894641787,0.2951482810971448,0.33186157307971365,
0.04620842786431764,0.08547632665665711,0.11287061989438801,0.13595709286184568,0.14804912808288467,0.15655732998716015,0.14912903380542145,
0.04656117999529437,0.07986110165473528,0.1043290803907315,0.1289124160618821,0.15182073652314895,0.1759261152465845,0.19486869587539987,
0.040192174200774894,0.07465041717555637,0.10284011373844847,0.13486879122253356,0.16988585172443918,0.22146184489314544,0.2736051558457823,
0.03798381616325441,0.06536748014209331,0.08486950814825554,0.10171071891514549,0.11678276629807106,0.12916932169480336,0.14167935775513082,
0.03706501990325031,0.05742743023872963,0.07031580162248009,0.08317489601597211,0.09903093656323299,0.11816389608936169,0.1345508618705095,
0.0654220149242868,0.12073674034693292,0.15872858453963615,0.19308305613268895,0.22292933889396108,0.2553899277250337,0.2882854167253583,
0.04398198722968347,0.07141158539543203,0.08940372351286897,0.10591184589260591,0.12145901376098797,0.1381866202134994,0.15595359768745035,
0.05089864810793482,0.0961704723645837,0.1362512709952187,0.17607383951924038,0.21198353412361445,0.25131797811599227,0.2860978751605242,
0.06034747981259334,0.10989278094993322,0.14885499509703248,0.18623898148192583,0.21901583482206743,0.25773689133695504,0.29217015689577763,
0.044904056591614776,0.07947203468556487,0.10856085389357356,0.13398999949209248,0.15370471811059427,0.17273039009621496,0.18695061396972423,
0.057295177686326776,0.10217853939259738,0.13691096469082173,0.16781961861437897,0.19379440199493358,0.22229644596615344,0.251111068823942,
0.0528113557089406,0.09900781772639995,0.1321823600309441,0.1617104289951339,0.18603444121882962,0.21162596465869402,0.23564017208139623,
0.04515724388637377,0.07670119283116343,0.09959198887406197,0.12459602767594358,0.15123596615434384,0.1846077045693223,0.2102795198061006,
0.04801716258426098,0.10050129262863176,0.14732255858501211,0.19015052603119056,0.22528170109273057,0.2684936031394824,0.316833234736486,
0.03993965199619212,0.0692343285047299,0.0916729910053054,0.11292142715744197,0.12877987009807024,0.15131381556914789,0.17155314963948465,
0.044341137161666704,0.08034196476091983,0.10537892485048965,0.13054990574723388,0.155925022661926,0.18613707894930473,0.2174339257839576,
0.05485240864070954,0.098063442257809,0.13226478885120102,0.1642301408438151,0.19115238859563766,0.22374423594092505,0.2500924990647562,
0.04121677549651037,0.06620677496998882,0.08247915215044072,0.09625515923403864,0.10613301389955807,0.11984197756293828,0.13191500651012514,
0.04429863978535446,0.0759664843292533,0.09805045355059386,0.11847220327866752,0.13833342572148052,0.15990441945838196,0.18262461980082764,
0.06023894296402311,0.11057025552219638,0.15076923119405639,0.1871153074491701,0.2152282744176998,0.24213528232451148,0.2638592974639306,
0.052623231357239356,0.1013233197011468,0.14121296099552974,0.17666615878502123,0.20244546929527973,0.22850398024142848,0.25736154860399546,
0.06094367776939767,0.11078353737531485,0.1499521200008739,0.18527033026173148,0.21450952307880275,0.24567805035014695,0.2775937139521323,
0.04204148353752547,0.07708969346520518,0.10287240062900692,0.13176481299668918,0.15800513262330754,0.18761829453857387,0.20850065368709883,
0.047640579217723834,0.08243829228295162,0.10292252626707915,0.11813614484602133,0.1254665627222686,0.1278317910336552,0.12268847446762755,
0.02739237138838112,0.039164114670096166,0.045518279921878076,0.05182823847014984,0.0609384763520418,0.06852793290386577,0.0758528723354877,
0.04177093448459651,0.07811389231621126,0.10856421067238402,0.13608355710448453,0.15991945150454298,0.1843153903151429,0.21129476637481684,
0.041367294765331415,0.07996300332181795,0.11076538906056461,0.14219462235409697,0.17611717825620388,0.21686390483568724,0.2507604785423539,
0.03873395515150379,0.07050666461754586,0.09718658065017996,0.12088690807286305,0.13899124245803132,0.15480637616305556,0.16654214632561123,
0.051251388484226446,0.11066601430401475,0.1614680297386858,0.2079337130341915,0.24497351612712845,0.29048941371225845,0.33720735911598587,
0.04458021222453815,0.08105564734839014,0.1106242856484792,0.14097798344259263,0.17160159965291288,0.20876980103030707,0.2454157216243624,
0.05506361465789488,0.09860725918089472,0.1311624329964949,0.1610572966463376,0.18615845260345762,0.2144098427740032,0.23944252136814398,
0.05969307480769027,0.1242960597544441,0.1833351990338577,0.242113815423295,0.28793013831781883,0.3300101456769751,0.36492390843046496,
0.04572332309352411,0.08649672753440169,0.11682589939176678,0.14219134441462652,0.16249673504225015,0.1868172384870211,0.21250371073831656,
0.02949676289580904,0.05312398920362423,0.07887521075597805,0.11516002758148372,0.15019775203365357,0.18988233925082593,0.2226342604333001,
0.0609941980784494,0.10942938205894796,0.14674881990840088,0.17746933368792386,0.19956239061269937,0.21829346652660672,0.23197142963084855,
0.047423023647415824,0.08544415704749413,0.11431078140448628,0.13965067018554625,0.1604980665954051,0.1811643245193758,0.2028252228838799,
0.04923072665352987,0.09400568046591853,0.1290202085332092,0.15917341597907952,0.18316820516663757,0.2103622477079092,0.23580420151388395,
0.04696523571588597,0.08284872782309194,0.10764573346982623,0.13053695263014164,0.15360652885924742,0.1810085973755001,0.20503248873097493,
0.03623617283172376,0.05704575178961057,0.06975377977780071,0.08329767848159343,0.09710569421988408,0.11471407523329047,0.12913914429545986,
0.035530774300542745,0.06172797391502246,0.08125125202130155,0.09824075919029464,0.11147937951163561,0.12392357044855144,0.14031886957627474,
0.049829882481102594,0.08743478105241584,0.11715345095121953,0.14391087349657153,0.16545734810854992,0.1861742407678818,0.2060339178668225,
0.05562557752706449,0.10815709525418113,0.14625558340212344,0.1790655056658338,0.20644302170238402,0.23954953101207965,0.275987427723252,
0.0607045185870722,0.11305401731116953,0.1516716173567011,0.1852578599375019,0.2139894246875141,0.24621856389737223,0.2789434955640812,
0.04777668592021592,0.10252924115938082,0.14854879561054093,0.1872210780657074,0.21188420504917818,0.23767259971343885,0.2565147953761777,
0.05120602992917755,0.09579231403461184,0.13295077499263244,0.16750093981670808,0.19480624995540194,0.22215519003935558,0.24362038115646487,
0.05674704615693032,0.10353219301255413,0.13560039753265765,0.16427754471288614,0.18980564613669987,0.21945072129213497,0.24879584338477923,
0.04109715557324122,0.07562398466452881,0.10219484589843006,0.12654126475628633,0.14879954425280498,0.17307670900338193,0.19929382454671768,
0.011121777325393982,0.015853044928235246,0.016197163898904913,0.020393250896218622,0.022969099359201727,0.015579700958375853,0.017676090612969805,
0.054216676973893284,0.09855379970867582,0.13295290366993673,0.16536973090226323,0.19181529788121066,0.21703058473138243,0.2409219541233722,
0.028743482014200974,0.0437632523667904,0.05181968010580639,0.06270910913056936,0.07330851693603013,0.08834340736268403,0.09663070666801517,
0.04709482100877339,0.0921553940132254,0.12552816670787872,0.1539621913743172,0.178310893720797,0.20932057862642847,0.2436171056743141,
0.05516270642261561,0.09824355838371077,0.12856905481932837,0.15485078333996502,0.17709845899683105,0.20087730850667412,0.22344620818933952,
0.06015240369660902,0.11556778243042358,0.15753866924695573,0.19578427556737196,0.22846047514327564,0.26563321470840956,0.3019562844534933,
0.069055197109986,0.12342864628355153,0.16891159180009163,0.21186623952660455,0.24764551778515448,0.2838122361089929,0.31596134003710136,
0.053418745791160044,0.10242649050439871,0.14000689320726462,0.17374240239965044,0.20323724822291925,0.23023407979396399,0.25242786291737224,
0.04850241428476645,0.0890991653356768,0.11737723571422265,0.14118667693860984,0.16237003725541582,0.18672076759017753,0.2122068570625379,
0.017537278583752217,0.023506322861771206,0.027382174348255663,0.03041986985114908,0.034434162109079666,0.03747377041858668,0.03278662503903527,
0.04042240670403086,0.06610563017293965,0.0848841210179536,0.10798362224948482,0.12999153445121206,0.15453367260422549,0.18292559005254821,
0.05826060835593043,0.1136562839625372,0.16050134506466082,0.20593651419439848,0.2389403425488697,0.2702725389414383,0.2921029980095461,
0.043072774167272364,0.0848644567503961,0.12117338138120581,0.1574286925642379,0.1835385753757197,0.21721227849918662,0.2459968119472089,
0.04037880549819849,0.06903774616197088,0.08734842516356538,0.10594369262021723,0.12168829654872813,0.13643416581146375,0.1497126505191404,
0.050730085611237485,0.08990815033639636,0.12051485201456748,0.14554536673456486,0.16613048395350602,0.18612475740155315,0.20277492878027586,
0.03616438642811727,0.05716044676285097,0.06870561135932979,0.08104524607678187,0.09586586802567135,0.11174478468187653,0.1255356376596767,
0.05807015441086431,0.1161593791723915,0.16574139118007036,0.21931650902705993,0.2666196405166763,0.31435204222412305,0.3669786598400507,
0.04208635601157787,0.07487517679746164,0.10017843425336709,0.12246356979948572,0.1416401825452272,0.15864578831140175,0.17343499085592157,
0.044630725964371995,0.08152679352866457,0.11060019324393976,0.1350484403432763,0.15420470296899647,0.1750332641649853,0.1955711382380902,
0.05618829387396486,0.10049000267341476,0.13625076852327755,0.16845865021997172,0.1937345065179485,0.21810735560703196,0.2416427111843358,
0.05054618793794382,0.08943521082397703,0.11765097771363611,0.1475533505899431,0.1754119626156619,0.20817817175169043,0.23751648173258363,
0.02441150043473557,0.03642775781883557,0.045667064490359975,0.05560806562144015,0.06519214659128808,0.07726602680011753,0.08661540412592555,
0.009135424353033935,0.010378620331736659,0.011239275017233163,0.011607014391029553,0.009580312884223344,0.002870597044788157,0.025609028037099163,
0.05549217782123621,0.10325371419215658,0.14426472744690325,0.18332586919868338,0.21679736729135826,0.24984213676647954,0.27975705552919705,
0.04589735407166788,0.08333943591944545,0.10947769259452166,0.1322905364462958,0.15295842742900936,0.17557865970742692,0.19903822493735873,
0.04729977378455001,0.08333336920188661,0.1085925230596795,0.1342092522328502,0.15960212430511705,0.19034422606275275,0.22236100722485935,
0.04594854312202838,0.0809052725426098,0.10555993698630321,0.1317036063011907,0.16011259796236751,0.194625453191307,0.23032986642674066,
0.05632178608553259,0.10203258860345239,0.1417452871292361,0.1796257792730957,0.21081236152495827,0.2424515236806991,0.2711780057776915,
0.048892680991562146,0.08925805219484712,0.12082078333025331,0.15068256806204874,0.17652762960567947,0.2057976926979609,0.2332661019124013,
0.06420257849950964,0.11983758530706361,0.16249781534797933,0.2036190339213631,0.23917406651845138,0.2775981267996603,0.31365380166631807,
0.05088954338197627,0.09156679066868134,0.12242887791794849,0.14782990739252025,0.16539680891616054,0.18200009459328773,0.1977655988050323,
0.038632053960583515,0.07623720118627897,0.106295934163036,0.1371618796566911,0.16759993767789166,0.20953107305844365,0.250273287256183,
0.037805029836867746,0.05420455763567618,0.06516584260315611,0.08005844901209444,0.09478866433465755,0.11331265861588975,0.12962346261692684,
0.03760604846362098,0.06303444186114325,0.07662584312884312,0.08652336361105231,0.09327821614361972,0.09795593566276638,0.10014217099701271,
0.03957361920948538,0.07192027540541626,0.09638248911672989,0.12137890674622191,0.14739076262633613,0.1792335965064488,0.2134864271299221,
0.045356750336017854,0.08917536344233816,0.12432862399823214,0.1548833066262605,0.17600849854644138,0.19517452312715725,0.21295742562821895,
0.039442774588662084,0.06592630718107448,0.08208056470935213,0.09847734680270612,0.11357462318401414,0.13058785407695314,0.1466984145426949,
0.049385039919162904,0.09287646326267186,0.12418285855743709,0.15278203261385653,0.17782666306158507,0.20900969955285578,0.24296881823389965,
0.06432393205835524,0.12100180938099576,0.1683837591848201,0.21522865538091182,0.25524709072513296,0.29666834741652093,0.3301438757562632,
0.06239688938377216,0.111917265959569,0.14705975469925983,0.1791195443434079,0.20605031828644876,0.2342470475644324,0.25916535212655795,
0.04235010571214721,0.08132244846038586,0.11489758341660192,0.1467824708484171,0.17424111004508155,0.19923137058533044,0.22203271190855453,
0.047331191837486825,0.08528616284041259,0.11383291670383887,0.13942678601874978,0.15988507860421275,0.18217675377711853,0.2036683041959479,
0.05063685118629219,0.08912181994055146,0.11697904790426701,0.141081400992668,0.16292931714395587,0.18557455148996152,0.20797819868267667,
0.02278908561416327,0.032007851322436734,0.037356012844750104,0.0418196682100752,0.047181702875988704,0.0530631920122579,0.05826324602127996,
0.047921543560826944,0.08503283422673392,0.11071837044658751,0.13638033372836236,0.16099641050023172,0.1892843725311552,0.21708361827735442,
0.06826595778860434,0.12130243237161059,0.1647261880567113,0.20507809604636476,0.24053679153841698,0.27449332641989854,0.30498338271058684,
0.05440294998265394,0.09672568428171145,0.1284519706709731,0.16063759009313483,0.19117770911341198,0.2262351033933806,0.2602525374057102,
0.02082533223238015,0.028546248073469983,0.03382527716665157,0.03931013091782364,0.04659360452400637,0.054557610070227955,0.06398399906175457,
0.06039075555883797,0.11925415655970989,0.1696944943871801,0.22070334253204021,0.2625388096040402,0.3072188881495633,0.3488445972302068,
0.043727840405224414,0.07222475917637891,0.09224101788144493,0.11158090465422432,0.13081683129724805,0.15250628358953033,0.17375471186680214,
0.042368115908821884,0.078267316499108,0.10514190040260721,0.13303470628807185,0.16044705387693245,0.1953185633621288,0.22852338447486129,
0.058713067186844964,0.10823763246204515,0.1476668897468301,0.18486721630672798,0.21747956262800258,0.252305164175302,0.285575884286615,
0.05426658109480459,0.10048356382509145,0.13731054249418415,0.17048484458908753,0.19919225672420923,0.22922776862517996,0.2577886314101507,
0.05613646193809,0.10128509304804466,0.13483419264574079,0.16410739688476303,0.18749867757063268,0.206366570263505,0.21645607921223786,
0.05187310470028437,0.09613952329555651,0.13007550189504363,0.15884718035361778,0.181566867458364,0.2065176998187461,0.2338954023637162,
0.04978679420072578,0.08659359376314292,0.11326115330691142,0.13858979179320208,0.1582456812364343,0.17793206485330618,0.1920981659333777,
0.049959471336522836,0.09127570973911504,0.11853533914231118,0.14226205920491328,0.16400863279941108,0.1907018328329074,0.2167770904441773,
0.057931274922882164,0.10603858693086111,0.13710360564763233,0.16289560919284352,0.1866475025094658,0.21635869016364706,0.24733664183665335,
0.05081392945897357,0.09118669267841524,0.12388623743312599,0.15249653562682747,0.1764750506267164,0.19966835200744967,0.22131572676737882,
0.05304067794541694,0.10011038428748968,0.139201987618475,0.18002979856403148,0.21663263670984173,0.2563129970059546,0.2970255709549291,
0.05024694252827561,0.09318277630009889,0.12546930647494997,0.15412192349898124,0.17850326492440807,0.20478935867166834,0.2307425697721405,
0.04630909415871436,0.08330066035300533,0.11066237299873076,0.14128561834817766,0.17342182733407424,0.21532608372447792,0.2552638998470957,
0.05485058319679758,0.10005412541185138,0.1337088543668373,0.16764753075606095,0.19892029155970195,0.2363838030827806,0.2701816951308252,
0.041190568390956125,0.07866075250493199,0.11207860321768114,0.1457381239169626,0.17253145894573385,0.20059577263544798,0.22541760181617518,
0.03867701034828497,0.07312077346333368,0.10320402842908191,0.1313207123517903,0.15644844409612868,0.1816138166781009,0.20569219281025344,
0.028973069936782038,0.04346917180113431,0.05392756991825283,0.06836232782172746,0.08253981530162599,0.09632746544831014,0.11190047391113818,
0.0315937366172163,0.04817589826062554,0.055630675408368316,0.062297976190567504,0.06925245473461356,0.07706493671271133,0.08231516194448438,
0.06314517432806313,0.11345569532538727,0.1500083117378852,0.18331470027302701,0.21181222889929768,0.23928201223315654,0.26523981931250684,
0.055292235597786434,0.09970546370121729,0.13085263219099727,0.15484289725068923,0.17170763318304436,0.18629589554269896,0.19880776463447844,
0.06333482642577333,0.1258891358181205,0.17476298793692271,0.21924976188258177,0.255595007434165,0.2966905993059171,0.3374748201056625,
0.04852972478060971,0.08398227462730293,0.10869836164014653,0.1334897191553744,0.15513887189219824,0.18294739939461793,0.21517071049945,
0.05376494111362238,0.10014532814441306,0.1364176095724476,0.16740139312956942,0.19183432618147758,0.21778936846514066,0.24522380432324317,
0.04545839072057825,0.07691987439110859,0.09896987876358203,0.12152331231630689,0.14187212067121988,0.16729391571385827,0.18902378442723491,
0.03756383740153453,0.06549822800496218,0.08461496536260783,0.10267261896250668,0.1190781225315296,0.13849186163051386,0.15766558611150214,
0.05439958086737802,0.10142975208492896,0.13519462615125047,0.1677898114876331,0.1982675528034363,0.238215812393299,0.27698350081612905,
0.0498461895575169,0.09601270810455072,0.12972073762102093,0.15986098258706327,0.18865119435145464,0.22448210318621606,0.25908407666709554,
0.05124529932509429,0.10182615496152995,0.14233542454438466,0.178154611608879,0.20727236709643596,0.23956286996484497,0.27391003411170106,
0.040050027104309605,0.07519446625843433,0.1042182946415696,0.13051433223220513,0.15238219087017502,0.17615499825338335,0.1988667544714291,
0.044929033291714056,0.08496312361894102,0.11661514471063324,0.14338238560409855,0.16339901877798285,0.18370165332915409,0.2018514196924763,
0.061311814041868466,0.1136088297374868,0.1536931489357521,0.19220448619967379,0.22466269980377465,0.25935914266692334,0.29056927679724437,
0.06641977307311149,0.1173807812111069,0.1557298234023243,0.1881042216287547,0.21186594438851142,0.23502998032918512,0.25573132019820777,
0.046315039621439166,0.07882691244566149,0.10092885582349578,0.12156589631741797,0.13923621343624243,0.16019985997759875,0.17815952595084347,
0.05691422244705536,0.10445189346293307,0.13828117390305575,0.1687471909046505,0.19321858087756996,0.2162688582287308,0.2371417350280276,
0.0592341406690958,0.11187093920650426,0.15386547151894095,0.1925643102598114,0.2248747131984601,0.25850774345995103,0.2901295261989888,
0.030554456589281468,0.04448691874645643,0.05120608536477941,0.057205974999817624,0.06264374199884239,0.06951811339309623,0.0765705502593317,
0.07199802096464976,0.12946995944061285,0.17219814868437713,0.2103544877306667,0.24198910115594427,0.27357866114613383,0.3043254996981854,
0.04529208383075575,0.0850682629159393,0.11686024195569901,0.14463843735488074,0.1671853461998542,0.18991465768349736,0.21219792931587525,
0.05353583600593191,0.1005391514722798,0.13388218429960475,0.16295375002649512,0.18900648205752663,0.21944480574294542,0.2516718488820045,
0.04908775183305653,0.09011655031504485,0.11911004241994666,0.14692650700539978,0.17475636767615,0.2089882547544712,0.24298267215531585,
0.04958078418599481,0.09170734969080954,0.12673136787644193,0.1595932632804747,0.18721019877461265,0.21493183332752105,0.24114620711877238,
0.03704656954484702,0.058665922017580155,0.0716546304358427,0.08530494195214505,0.09634344037074663,0.10484826328487182,0.10841108223248927,
0.04630991711261616,0.08053874795425353,0.10467290804511727,0.12936556936961457,0.14846765417749025,0.16920735091789335,0.188840171922313,
0.06323982939592598,0.12114334817722133,0.16859690373919287,0.21406603110007422,0.2540846682913362,0.29701535664161016,0.335819906914802,
0.06141335010101779,0.11424949385335768,0.15394871051785583,0.19013845400330648,0.22228802832139152,0.2576516304621924,0.2931220309738889,
0.05112501617515442,0.10127813975005757,0.14073210694023788,0.17378521435658376,0.19658394166308638,0.22107287043006343,0.24738551719427437,
0.025174953291642196,0.035089466763498035,0.04161722179737894,0.048353910350925886,0.053281107406157144,0.060498118965123034,0.0645371895519306,
0.05563989669947681,0.10063524748672104,0.13515710947711054,0.16753920497095004,0.19579102628263453,0.22694301393746472,0.2584810613041956,
0.05557510519629199,0.10692323048862691,0.14686298070547377,0.1822382035227477,0.20945005387333937,0.23758545059293126,0.26439876203028284,
0.037666219041654084,0.06584243958264939,0.08817062839407647,0.11578515661510283,0.148410734916161,0.196171495275926,0.25206282094021537,
0.05505093477073912,0.10769383844151063,0.1496199737980675,0.18752349813640248,0.2155805029575361,0.2446463724047732,0.2737458288455967,
0.049835651928135674,0.09203617349622918,0.12326004039650235,0.15656244417422796,0.19041192028281498,0.23526029998825673,0.2787919602488762,
0.03968668207890035,0.06274002924990132,0.07717814781663314,0.09386938466033713,0.11154098288527574,0.1307866327017254,0.15157311468608037,
0.018309194430991656,0.024041829133385397,0.027187690938825462,0.030126663938867808,0.033625762184571445,0.03374242019897247,0.034987570838196126,
0.03569846814402316,0.054909289363089656,0.06572575222437341,0.07779526616197784,0.09034855048430873,0.10450672420732339,0.12253636762840237,
0.03450027390921154,0.05245587482895542,0.06317421255509523,0.0717607928613551,0.08119572859626002,0.09162450447875659,0.1020524373991659,
0.05336521754686526,0.09582843342704833,0.12720082235009153,0.15477809674267906,0.1778715049370597,0.202617483666498,0.22815477533361464,
0.06251611201050256,0.1071901115069251,0.14086092443436107,0.16976403136633672,0.19344921083586103,0.21702756392894493,0.23828841179847693,
0.024237944208328716,0.03302718531078799,0.038360264590725945,0.04341779922765744,0.04952057843147451,0.058998219315586325,0.06633476389410514,
0.04652511230212756,0.08189302449527959,0.10755841033996458,0.1325328393881551,0.1541795942731197,0.1795721160773484,0.20157552389397115,
0.02258766412372107,0.04465474338666924,0.08403402063719408,0.149073679685979,0.22205834651040082,0.31352979591639635,0.4186082950247155,
0.0567614226108399,0.10558087905276735,0.14222834638280094,0.1760223135178835,0.20548618509467734,0.23802999438964667,0.2684104966315764,
0.05371043620080101,0.09972960082622934,0.1325152601220478,0.15931364453855248,0.1816696756348602,0.20691438601653542,0.23403926591930893,
0.04984252901023276,0.09622247088358683,0.1357808976325572,0.17355363515121763,0.2034591855094852,0.23184754102172175,0.25426364068276497,
0.041650471107285425,0.07829488774626558,0.10885241546895837,0.13758906959580813,0.16168452386601853,0.18733424840848376,0.2119049795254214,
0.0432760867020991,0.07415452143712453,0.09499643623841438,0.11460378796348182,0.13117069223704883,0.1500622248655068,0.1664960937013895,
0.04336337879333309,0.0780928334292078,0.1016359082666295,0.12426600188931647,0.14596437093117137,0.1709310758333373,0.1907470078138288,
0.041279257128298476,0.07860199684605015,0.10797541455406223,0.14077214830195908,0.17432050507802166,0.2152267273162093,0.2542986834307734,
0.050442545231755,0.08425503902897792,0.10672109061354597,0.12868907353169948,0.14862021168853112,0.17220732923206175,0.19323790120913975,
0.05691436667893334,0.10655542380877724,0.14542691937692728,0.18346400946874292,0.218420299854093,0.2576730768806001,0.29827154689935076,
0.05086436608192392,0.09116106283152689,0.12109337416410404,0.14814452066959571,0.17065501008687284,0.19316126772394207,0.2115449531040745,
0.054964582822959816,0.09983591453687413,0.13488902101572642,0.16780032468008949,0.1967592825682942,0.2276061855162374,0.2558983125126982,
0.06588747186951761,0.12035006079454028,0.16267368086627326,0.19939644794940614,0.22764163263129875,0.25457035812494627,0.27709633770578335,
0.06305139271663764,0.11459425145138744,0.15271306294459294,0.18777218131226897,0.21778267331693907,0.250051914113099,0.27730759684369855,
0.05387455800631943,0.09915827734615269,0.13195616149410577,0.16286606939569107,0.19186633545220114,0.22510686883084272,0.2563642437750032,
0.052498123727830845,0.09639808920910795,0.12825242524176786,0.16100959817265378,0.19202486175393807,0.23115786150801637,0.26877185978529794,
0.05215109846045606,0.10195862273885234,0.14122338201744003,0.17750879364081837,0.20806098681091606,0.2424364006624481,0.27685917786544156,
0.0410517933669306,0.07047373099988218,0.09076085030687035,0.10878070946428638,0.12598107483536555,0.1447203572386045,0.16387910403438233,
0.0632898678140168,0.11289802280312698,0.15357687052788555,0.190989700725171,0.2233202175637292,0.255374423904513,0.28378351841861577,
0.0560982732902963,0.10253288937527218,0.14040477129076814,0.17712822754463992,0.20752622229710702,0.23899795736541485,0.2683904240361323,
0.05052937548436045,0.10363278488601785,0.15122912754175658,0.19712293414388918,0.230192164890923,0.2608133122711486,0.2913574523922918,
0.03370636405088227,0.05130096801887996,0.06137887769648753,0.07270608004256426,0.08342238088771994,0.09803038033129385,0.10858491496465666,
0.052457128826947745,0.09835970307153367,0.13611787615232532,0.17017536839156436,0.1969500718244632,0.22550993208848527,0.2518417888063218,
0.05258472924376904,0.09316539210527706,0.12650759740966594,0.1569864970807542,0.1828867530905008,0.20837947910811497,0.2329155407555986,
0.04568558464785329,0.07703980756563145,0.0976320300917238,0.11734426217583403,0.13580152997590667,0.15708619860702844,0.17867592299534144,
0.054409947224124136,0.1051743554384178,0.1428105083408982,0.17382672105628733,0.19821086428342413,0.2267368058883771,0.2572962083390636,
0.025756549401852603,0.03676411491658532,0.044221018129424326,0.05588679158995001,0.0750873262483406,0.10771755467945711,0.18650858614316873,
0.06236855041556122,0.11569839549464714,0.15529662827825505,0.18920991404052984,0.21623023070670447,0.24656580476896123,0.2788313266103094,
0.041679537265808954,0.06726951382971742,0.0834627357802447,0.10109673966080268,0.12017971523335184,0.14070970710709577,0.16156642625805515,
0.0631111739740664,0.11871117663941981,0.16233496537947814,0.20640528611946243,0.24558092013991956,0.28952565753440296,0.3314291566120957,
0.050056970097376134,0.09124604587318748,0.12555319704778262,0.15612611071507823,0.18080045485271573,0.2060127615612092,0.22724341335386158,
0.04929413386658582,0.0957728511954177,0.130418377583478,0.16022401777300477,0.18747759333054784,0.22167172817348554,0.26148940588725916,
0.0567629795970118,0.10214938749331628,0.13633771845636822,0.16993248214556272,0.19914248179329258,0.2308208939198054,0.2602972394239825,
0.05699855768335564,0.1028072048892394,0.13414880998112697,0.16048465032589915,0.1831738171753791,0.20822947271899034,0.23023268752515993,
0.04940749096492482,0.08759982497869254,0.11457444703772901,0.1373000143282673,0.1563076344094449,0.1756118908985378,0.1938325167343274,
0.030913844831513437,0.044663394343994564,0.05227975887205117,0.06126379564392806,0.07033096517076083,0.08167981300530161,0.09530981790289307,
0.020734178601596986,0.02723493644227957,0.03103707336048787,0.03621803756186276,0.0399341452625157,0.04956807537572399,0.04547402222252001,
0.05177468752210624,0.10412916611419087,0.15118996640380206,0.19927821044867566,0.2403939340460539,0.282623186512978,0.3185134794303739,
0.04254396901516344,0.07249709350861619,0.09131020393669215,0.10979656577101929,0.12624047730539797,0.14603708954436836,0.16541863556474382,
0.04460380471132912,0.08330888221091466,0.11379488337160992,0.14144060206099598,0.1642058021594906,0.1890115534742904,0.21378951680768868,
0.05579399460673976,0.10266530869045937,0.14214259945226027,0.17823073474745602,0.2083590349395381,0.23841520803601002,0.2663868473759761,
0.04240024922867137,0.07822266490340725,0.1057162401796888,0.13091638493023897,0.15388783139676504,0.17831767285006422,0.20551848483521903,
0.052257593236424434,0.10818579155897011,0.1576357825954071,0.20415992931756988,0.2408864075594744,0.28766739904718575,0.3362813554158569,
0.054597458738140155,0.09990249538274523,0.13365170063076443,0.1684680388311395,0.20117199271753625,0.24008925082362256,0.27511236479702306,
0.050322027370306964,0.10231036556083985,0.14476657460901854,0.18120060702452825,0.20970923062420624,0.24107074096205852,0.2750102322881745,
0.041390959583384214,0.06793456558244898,0.08442959420440518,0.0999567499798612,0.11502739102597558,0.13280951932135895,0.14650407150273279,
0.04691489434999773,0.0822926993008527,0.1066591536582018,0.1291456459595545,0.14960458696366172,0.17185662364287504,0.19294514515091027,
0.05439753888262024,0.09870775844233279,0.13582272899450837,0.17035554969213318,0.19902122839031924,0.2269463999037432,0.2532966441527106,
0.038491612644166076,0.06292317650394695,0.07650755725051929,0.09049683908947015,0.10598797925732005,0.12750045828090584,0.14692433537268884,
0.042906313514264945,0.07982975607918692,0.1085408022896172,0.1395841637201905,0.17122968623612872,0.20889097379867658,0.24250210958184765,
0.045420803845618224,0.08124855124726735,0.11016519621857383,0.13656010621268164,0.15654018696493585,0.17685340071893246,0.19323446771699723,
0.0429050268296576,0.07540478133793195,0.09680956543668272,0.11536874330552772,0.12847457416452812,0.14035453587832614,0.14716097765007347,
0.049098233276023424,0.08852189236574877,0.11934314772855331,0.14767238802754076,0.1716413289412352,0.19845357289619373,0.2227991524698391,
0.04560193641164999,0.08316474979725176,0.11167913010370349,0.13645875058896811,0.1562838775028654,0.17856408317467812,0.20053433249855604,
0.05041500091132823,0.08858176942365507,0.11492888901103974,0.1386346398297142,0.15915960541032687,0.1801951549470952,0.198476826186652,
0.06691892683392452,0.11494281120377152,0.15010523325953712,0.17998688902198962,0.20411820995930932,0.22831741372254766,0.2513735943417911,
0.05174033870269249,0.09839075744567655,0.13231653363197451,0.16441078058236197,0.19532905986696605,0.23320580193757226,0.2722577021375164,
0.041993652380877086,0.081157839744575,0.11482671571841602,0.14751262928021538,0.17362243120641033,0.20031845457500883,0.22654660796216336,
0.04569886521246862,0.08019285419230106,0.10476120041360207,0.1322115659145415,0.16218481506703142,0.1991844078982646,0.23485398888310968,
0.045144947570632976,0.07898153545342836,0.09896372520683991,0.11383107274775128,0.12382401614654243,0.13212022309782617,0.13423516176833145,
0.033038647981112466,0.060198192581034746,0.08242644718119516,0.10304554913164798,0.11832022826851346,0.13331251596278543,0.1473890873738774,
0.0520378273178844,0.09556949346451986,0.12577639635883006,0.15490768563858007,0.18384482154660023,0.2197680375544029,0.2573277339684364,
0.046758942321593715,0.08510483348142561,0.11512296811818007,0.14368318101786662,0.1674799110820507,0.19319101453788787,0.2203531102069981,
0.053442888878047025,0.10494782452607376,0.14610919209910753,0.18674092880507157,0.22736321756953246,0.2799256721201162,0.3325495044323009,
0.05572842395215526,0.10566209031168947,0.14438768462942866,0.17726003609706642,0.20229479336057643,0.22717665016411304,0.2537373945641636,
0.04732076122556068,0.0817426860028925,0.10486688336432089,0.1279395487182598,0.14860437489787795,0.17357041892108133,0.1964716940741333,
0.049361314892937665,0.09178441431488171,0.12393677229151584,0.15290345269019207,0.1771124933377484,0.20607754537720052,0.2350101038919612,
0.05419084451831845,0.09603650119903408,0.12604264898927905,0.15063295850551928,0.16666257414239277,0.1790454854783611,0.18303354320662876,
0.05853065797546775,0.11004939871446379,0.14826906151725064,0.18342164402050454,0.21440782703677935,0.24902993174338456,0.2834001356586723,
0.049225459856654115,0.08928821610498414,0.1197387727511116,0.14644871255486341,0.1687616189396621,0.19110467014361648,0.2126284226004033,
0.04712062179782901,0.08392904181546298,0.1130193761308431,0.13862994160033637,0.15828141041955757,0.17761109146765114,0.19598317198876514,
0.043095242534647575,0.07806601350214681,0.10396392015304526,0.12815665430311454,0.1498668008134585,0.17552492449878557,0.19892365194789624,
0.037210037612416265,0.07145125047411541,0.09953363164337849,0.12677049050735792,0.15269888268883208,0.18478552007663832,0.21621459882290398,
0.026790812812328,0.039315671993601475,0.04805840675161354,0.05748101245745996,0.0664645262002898,0.07725936470230367,0.0880479972499301,
0.04323526924208486,0.07403131458166312,0.09611125499143605,0.11923354231505486,0.1414297649891064,0.1665396257277752,0.19030086439078953,
0.04958987963549491,0.09746397640471709,0.1367541327948015,0.1725466579224853,0.19949863767928314,0.22825716002039745,0.2564793006612524,
0.05454431810349018,0.09564437211635173,0.1239903066267527,0.146648706626795,0.15984192283732934,0.16959531294178004,0.17256014048614,
0.049019145802036625,0.09199257417383555,0.12599768671798284,0.15767319603350294,0.18452756487574787,0.21447941887632735,0.24224407967416728,
0.04023399144047723,0.07161702372633985,0.09380957843607833,0.11178539664957424,0.12721750962772993,0.14378280489746237,0.1587820726311725,
0.047585248495157856,0.08272905983756285,0.10684600057165025,0.12939659863505676,0.150363243558836,0.17287732644255666,0.19355488678938845,
0.05005296243777138,0.08676481094271436,0.11260713727692455,0.13913840416810067,0.1651565326259367,0.19685199132594985,0.22895869263126606,
0.04665559527020396,0.08123951910577928,0.10488709122684599,0.12652764139194433,0.14516926959990423,0.1658705826500546,0.18227728953696476,
0.041604004742511684,0.07559696616506209,0.10117765052890572,0.12395598251932703,0.14248135794556308,0.16094723086276727,0.17995802874547198,
0.030652149386036772,0.04799213684845932,0.06201471219698418,0.07920346753514139,0.09721692457235419,0.11597436915585153,0.13664825629644664,
0.051756994372324006,0.09676462836803026,0.133192833909682,0.16843395307179315,0.19951381910239918,0.23250140612645256,0.2638655346295446,
0.03935689379150544,0.06079656042544855,0.07430461418971215,0.08870558052686268,0.10480089241766298,0.12375470175880651,0.14207280672080008,
0.0468143688859836,0.08151668079026565,0.10454089426805177,0.12871086399904721,0.15293314124583618,0.1825914977490862,0.2116896486699622,
0.04292664117748681,0.0862983890262292,0.12645705218984316,0.16705828429190842,0.19890123929588105,0.22986259861705832,0.2568666608207768,
0.037385969630696896,0.07369537892640386,0.10265197656162293,0.1303026016635584,0.15456760003098327,0.18382117524945507,0.2106986073180457,
0.03726575728705056,0.06681370252388283,0.0886628339177923,0.11642127602924879,0.14715188779279495,0.1824527419486418,0.20720192088035314,
0.05822047007013834,0.10289944543307425,0.13543676954791903,0.1649018581510521,0.1896989959873948,0.21560998487376296,0.2399792972541023,
0.0539024601892278,0.09592609160099175,0.12559385552089244,0.1523451692798547,0.17536783720224947,0.2006633339892195,0.22318388849492327,
0.056919534901295456,0.11004571712743101,0.15458699155443795,0.19983394736914376,0.23774874315565656,0.27974145189109684,0.3200158393816768,
0.05180808777876804,0.10002206690730348,0.14177526416585445,0.18603767766638354,0.22619714883686073,0.27036346389351756,0.3137450359508324,
0.06042961837003876,0.10636868825812357,0.14131842810652195,0.17016214131325486,0.19350005195585837,0.21618035064203397,0.23689299790216903,
0.05959926870893295,0.1099026491309468,0.14596235189674522,0.17885170419656282,0.20832555013108794,0.24203589970796643,0.2763090904381254,
0.03162222946499688,0.048937354383269675,0.06097731433562003,0.07485112702260832,0.08802002397890972,0.10137334967050753,0.1100310671774248,
0.040487692264690414,0.0721752937082326,0.09888565992003033,0.12306053655176079,0.1428209012037591,0.16261518322030677,0.1798277809433248,
0.04774919866444463,0.08853210512121854,0.11704058046194372,0.13982957892774645,0.15355722261677607,0.16151707192492723,0.15965982411277868,
0.056105590864729625,0.10272918658972818,0.1344468281832941,0.1616540630356269,0.18756887937616534,0.21823937887496228,0.24762461904150077,
0.05211078433346776,0.0976354426339107,0.136380007571937,0.17333921473767747,0.20540024743289886,0.2400476012432405,0.273881345880797,
0.06557229712520053,0.11894117343729958,0.15927188557121938,0.19460446383803232,0.2228021573830696,0.2517790842917189,0.27960182285875324,
0.05468793985786403,0.10246598964523454,0.14250463114070203,0.18084790051159488,0.21471897388717306,0.25140400649888583,0.28466346518120383,
0.051387553882511525,0.09162052706402299,0.12024077857431778,0.14349905496776905,0.1605929521040849,0.17652680162144205,0.19103305026329237,
0.039537760313039357,0.07214541338747922,0.0980998328976195,0.1288067687656136,0.16071125142019135,0.20208878500655217,0.2423848028451996,
0.06256994489631741,0.11402985302113323,0.15399248938762608,0.1884536493267077,0.2150814990700505,0.2417372386275697,0.2665862867951055,
0.04556158084274564,0.08095548894130515,0.10779908908929292,0.13173266722216057,0.15081858954468091,0.1715509540695909,0.18946482850120824,
0.04093767579558265,0.06639485133713524,0.0828087434181196,0.10052310642233306,0.1209925956146345,0.14423336107617574,0.1648937241606135,
0.0537793448600185,0.10369633539287544,0.14464080605004168,0.18493147833605106,0.21858182798683848,0.25609105746606703,0.2914600521811868,
0.04282337541216582,0.08114783133024152,0.10937944993919173,0.13538629783972686,0.16010845359863884,0.19084179813646296,0.22197828890371865,
0.05860388880891291,0.10473067272473453,0.1385858598982627,0.1671786951660643,0.18962986379317495,0.2115299861579908,0.22973257604518743,
0.04349523793473228,0.07463945749298909,0.09672046127318844,0.12286988588125808,0.1502712932331098,0.18115786254361413,0.2138424212843383,
0.05036511318224321,0.09556907627421324,0.12881908197924483,0.1585739023963633,0.18638684216629928,0.22025439904944272,0.2568235484288623,
0.04938947787247315,0.08531673218650937,0.11047473190887201,0.13446503764137652,0.1548728163110518,0.1785440847394539,0.20081964183065484,
0.038819330054516495,0.06291063621002689,0.07770109362422414,0.09113896190105565,0.10469761247807571,0.11626585004158556,0.13284634506169393,
0.0523076038356317,0.09740197834850653,0.13024685681772832,0.15910866790658676,0.1834737785116687,0.20974828200825862,0.2350821685632245,
0.03656370072364212,0.056319929401514195,0.07202762303517386,0.090982946499469,0.10989613126714555,0.13125767145469694,0.15072768603241024,
0.06091767282198293,0.11343264678113579,0.15098378910385082,0.1844113200004334,0.21252708543297674,0.24549525358049834,0.2788862664734068,
0.06624217799255472,0.12213619466081596,0.16718261655421884,0.20953852713871154,0.2445211499975812,0.28127074223602494,0.31519121971474684,
0.0415205878751585,0.07252107278784468,0.09468989199916682,0.11663922831102028,0.1399726736836404,0.16914450083685037,0.19577171163698567,
0.04076829535652313,0.0734817866944045,0.09957520028355087,0.12368354162897084,0.14395271762526798,0.1646626414735557,0.18419344113581346,
0.05518077287509189,0.0981930232554962,0.13297397035959946,0.16422912782713872,0.18868065824761018,0.21126629288942922,0.23113712277692142,
0.036532213008999954,0.057940852818200425,0.06767331902960903,0.07968213749112649,0.09739659987702856,0.12453310764374599,0.14422910989862361,
0.05931434069149878,0.11141248954711588,0.1521843029468364,0.1920838289045606,0.22715045637261191,0.26620949547411293,0.3027708118190073,
0.05336773388335979,0.10108751715467304,0.14266982782071475,0.18314095671672642,0.21680246963832409,0.24961253348541304,0.2799869482345884,
0.05626711493195075,0.10611700637403942,0.1451743861573895,0.18358612497880958,0.21806971990512444,0.2583927554661772,0.29786856171724446,
0.043078462179122756,0.07348324438735976,0.09337594218157928,0.11149417834797173,0.1288493758640427,0.14803401593788498,0.1669458188792702,
0.06720735828652961,0.12534201140921306,0.16702845224974855,0.20067341654188686,0.22653019936153335,0.2506477079566447,0.2718316811101433,
0.036334757414449415,0.0551594739119512,0.06548944652322487,0.07621874004229487,0.08800805171797028,0.10259858933523214,0.11684484973142134,
0.05622473356715813,0.0999104148605348,0.1310693588060162,0.15974770851426703,0.18462740153323345,0.20925004428774222,0.23392090825828346,
0.05174671119630698,0.10063585873361343,0.13700657438040487,0.16906648504040586,0.1975705900301442,0.23280115346515315,0.2683069590600629,
0.059069054974494634,0.1043445110034963,0.13778455490808364,0.164452601594661,0.18296500561389373,0.1982871766472555,0.20765197389745993,
0.041526631850136095,0.08192130186321825,0.11702767698159632,0.15005200688592954,0.179729122006212,0.2153714662278031,0.25531110004247626,
0.024166660962455917,0.033933414126013896,0.03969496768935542,0.047044488665116894,0.05713746207240785,0.09970203829677263,0.23446639742827632,
0.04707621478116036,0.08948584255107724,0.11988086980576781,0.14803845742576294,0.17479588081188463,0.2086848722219706,0.24221288836355417,
0.05500118775617594,0.10022938205767204,0.133648649577787,0.1620589029454366,0.18549126280266162,0.21100574751679085,0.2357583912388529,
0.06364745464267509,0.11996982069869587,0.1650967827960628,0.20570643217891363,0.23838371144411716,0.2710190463324268,0.3002050112032976,
0.0433332051147992,0.08411886094715057,0.11632905712129375,0.14759508331529578,0.17758699071184006,0.21318342281994718,0.2502207117533856,
0.023454010653476267,0.03377472591951855,0.040484646478040155,0.05078639966487915,0.05657887613792153,0.0569061137741409,0.06977655800416487,
0.052808495608066615,0.09179503906693738,0.11851936689734546,0.14247501459654185,0.16079394899231791,0.1856022198510854,0.19484364265371948,
0.046622844983274285,0.07582108558982882,0.09443857918244271,0.11139273644699973,0.12189658346163276,0.1332114942876591,0.14961200109300107,
0.06063833918351843,0.10894180541486918,0.14539019906477438,0.1788582434331768,0.2079136869945766,0.23936421384751502,0.26859152426955224,
0.03112939548350176,0.048753962847563066,0.060789825505854614,0.07686387575777155,0.088747450772529,0.10569596752165444,0.13634011075919725,
0.056868882248280114,0.10667589687168226,0.1444560961205721,0.1796410288774055,0.20824349143898524,0.23749411834227635,0.2647495146746866,
0.054582393232947696,0.10005248094810718,0.13126663028064686,0.15626946491797064,0.17243754579894485,0.1861832356051661,0.19317612004599988,
0.055645696310943994,0.09937452354604435,0.1323405665179677,0.16148153012909813,0.18568599994022608,0.2106928394339425,0.23253944069377835,
