0.025050558175702346,0.03962665777689898,0.05240215033636488,0.0680612144931671,0.07786650188205768,0.08799212762999004,0.10023447278726942,
0.03651036076487247,0.056915530287410414,0.07712584341243094,0.10237082139547303,0.12010324121651965,0.1351140037579258,0.15024389945969577,
0.02657965780215563,0.03941501515391052,0.050440300803864864,0.06485728123103683,0.07610093606009906,0.08487040647569706,0.09424944552748298,
0.01140464856578939,0.017522026497643912,0.024102101652235877,0.03277297652525401,0.039490811799224985,0.048657209722962926,0.04897743773923549,
0.021565275931805065,0.03305990292445581,0.043495028419719944,0.05710368418558495,0.07040493036513926,0.08218515539864235,0.09534905195335579,
0.03135750713000019,0.04672246895644664,0.06208754941679229,0.08048773104580605,0.09365230117593522,0.1059876806312101,0.1235453911693446,
0.025566696790777093,0.04453681808020981,0.06361449621872771,0.08925053845231895,0.11025233318627249,0.1327830165055435,0.16306939168877185,
0.024296774013917544,0.03577612103476725,0.04575242453093234,0.05790374314337158,0.06839503326749989,0.07921134072929999,0.09207872919892503,
0.03238143105126668,0.053260187051342896,0.07469329255520592,0.10310756068041833,0.1214878743654501,0.1325037741364237,0.13407320907439904,
0.018142033730330628,0.0262078562619323,0.03181933647017488,0.0418655137696792,0.05177363477336766,0.05599609043834333,0.04888769826725288,
0.026197209666527464,0.039556824388096185,0.05090338258987291,0.06532472794930498,0.07679360897368048,0.0893568705776452,0.10470577656074793,
0.02594487092769675,0.04034766065838143,0.05373935106942707,0.07306020562461947,0.08989483366546322,0.10729091078975536,0.12980238911747388,
0.021627471940685858,0.03373645671747872,0.04579789075074468,0.06364067419983344,0.07983782945581308,0.09393743738339316,0.10795305118382371,
0.024586671527184255,0.03866066417640123,0.05255439560285861,0.06926836716790172,0.08165020210673726,0.09538718703058109,0.11323831057126006,
0.026930640730012737,0.040486727032967275,0.052258863246516456,0.06586947771423034,0.07404178230460984,0.08126932339326844,0.08706025988017291,
0.030213827349753385,0.04535618147268247,0.05840563839465259,0.07024772369288806,0.07417684663396695,0.07530211692232675,0.07276112954520196,
0.027066135143216666,0.04189642363679801,0.055595308097756486,0.07072536712359233,0.07719790274309823,0.08009122801203117,0.07768255113534099,
0.01914584162845466,0.025696911400986757,0.030383848298936814,0.03585825125383736,0.03989743653143973,0.05032327975888807,0.06436193129862035,
0.018553482269630498,0.030523337330743,0.043203923592760256,0.06467298967849543,0.08440793761648972,0.10906743988785661,0.1386967864978233,
0.020912184824065195,0.03261735496212293,0.043572684826264654,0.06065739395281279,0.08409950627474762,0.09651715783139532,0.16388748718750143,
0.029325467027749703,0.04350348044626036,0.05765474688069215,0.07518416418073666,0.08758416783592708,0.09750388065147793,0.11020521879482464,
0.03488711262948919,0.05405242518315641,0.07125881836346439,0.09282160801186799,0.10803244261522936,0.12183266464346094,0.13801350806453896,
0.003715175671259401,0.0047956234961440405,0.006781361717266963,0.003958031145500068,0.0008975648235879934,0.0037573787788736284,-0.006246164086107628,
0.021180140314343884,0.028157064890450875,0.034983271745378526,0.04316159454995458,0.04932466477061661,0.05897222709742511,0.06938768984831699,
0.02513672122604178,0.038806241470186076,0.051413442416986206,0.06692872510368603,0.07701651139761818,0.08795546473043185,0.0989390691536976,
0.028129808001897363,0.04306528372856947,0.056394780481175764,0.07248097764343234,0.08495276020351317,0.09881826384496702,0.11464488572630142,
0.020443966476609607,0.03630153280730485,0.05484348521929261,0.0830481221939678,0.1105328754102027,0.1479911867824639,0.1836095088410015,
0.026323824461200285,0.041748104840629095,0.05674909077395604,0.07473572528250828,0.08592797632268205,0.09514374622949419,0.10683337377288464,
0.028075391537051478,0.045385580434327694,0.06212986778813848,0.082773459412798,0.09809209695261899,0.11274022131279843,0.1300444573363859,
0.03317729981330956,0.051269740329401514,0.06766167749688169,0.08677417611335579,0.09840529212642861,0.10832900996910749,0.11505174255785862,
0.02807316967136114,0.04279939926586965,0.05660541957463191,0.07536032124670976,0.08895103482835931,0.10273150034555091,0.11850366252843082,
0.024882494567850827,0.03751571617652883,0.04955787332140463,0.06540012409896105,0.07792179403871909,0.09003991117879749,0.10326753326225689,
0.03331173753777695,0.057964806583114266,0.08602474345603901,0.1256176790378999,0.15481650557379512,0.1802983688318407,0.2080025170282922,
0.010560065829429121,0.01282292040838147,0.01445931802700407,0.015884818922232462,0.015614238458654837,0.023414832492491225,0.019228243071891363,
0.027075111912722608,0.04155796823556878,0.05391091978206664,0.06839504902036551,0.07629610664268331,0.08467211259104783,0.09580494197473562,
0.024318790297275673,0.03930029079459529,0.05401927980650122,0.07285338576594302,0.08781517767160117,0.10237551341119942,0.12004306850744419,
0.03003776490176259,0.04901790045212923,0.06663136191081992,0.0895241907048544,0.10602136294373331,0.12028625012494974,0.13837653471615316,
0.029936630531553262,0.04644193816484629,0.0615834214609192,0.08148283298530039,0.09747347755254408,0.11422215355241166,0.1351932196794893,
0.034275484928846016,0.05257182777295811,0.06775555970917481,0.08679844825875722,0.10240262702396785,0.11869836870513077,0.13917977274995988,
0.026546603114743054,0.03899805566520663,0.05017626789588905,0.06460689303528945,0.07494976207906494,0.08600185476597327,0.09701923570176062,
0.03906229871125253,0.06406160299572507,0.08901108769937081,0.12227706922834304,0.14608626664082533,0.17260378691076803,0.20786558474988234,
0.02468688035310432,0.03415849624366495,0.040658794677656186,0.049383080557356886,0.0596598398330439,0.06920863547427646,0.07819809584947035,
0.035814623746803324,0.05344848070761268,0.0675482921553625,0.0806053563044538,0.08609965473281371,0.0885715299791041,0.08820835641649973,
0.032625463758625524,0.048846626456627094,0.06332338307106976,0.08187328087594453,0.09555506282810917,0.10902604175401838,0.12599625270451573,
0.025993939507028205,0.03867838452799254,0.049715959650097744,0.06498549745012382,0.07713488013306491,0.08894551981406609,0.10117495625362186,
0.03640866892745489,0.06496722984504016,0.09495644908481064,0.1345596713063698,0.1659936713122948,0.20133140173978284,0.2552810431804735,
0.022627849550464547,0.033038932549668915,0.04175528025926077,0.051447823391456544,0.05842892435916477,0.06628243366547151,0.07405654051783282,
0.03101688409670175,0.05181653257605757,0.07097365500093306,0.09457325637360009,0.11159150794308544,0.12699770804078256,0.13901988230844115,
0.02666924746776294,0.039333408645145757,0.05146289205904073,0.06521901318925322,0.07754554037251092,0.08893585921417986,0.11475374659377605,
0.029347707814948137,0.04586375267122415,0.06209668648394501,0.08293140002811308,0.09710596559232412,0.1087679973338768,0.12158492832710788,
0.030325086296194605,0.04534833686324993,0.05984635287065832,0.07676238404250868,0.0881821452248069,0.09803472554660377,0.10886709111768583,
0.026677395324321885,0.043005684030430584,0.05858747601266884,0.07871411557545567,0.09309321017136371,0.10728390466251511,0.12090701962850979,
0.033452401746678725,0.052104607724515396,0.07067621256638887,0.09321749721069023,0.10826765785658295,0.12204489422677567,0.1367852005722105,
0.030181433289883795,0.04471892709055092,0.057150036429121996,0.0724380700360572,0.0822163261547375,0.09233490954429507,0.1069619791383858,
0.03693937446309604,0.06193053528297201,0.08499884527411351,0.10948007106780556,0.12280732348804217,0.1303979058695557,0.13435891530579405,
0.02159820226104879,0.03215432655444698,0.04122884321214401,0.05423606304605863,0.06721906468975751,0.08571500930776382,0.09755796992689621,
0.008673598873405243,0.010638469146776713,0.013017754138675343,0.015491307272551472,0.01875345014895925,0.027069861377031806,0.02976493486837754,
0.014472786888326379,0.018354103087675648,0.020369239825811906,0.025679969565784343,0.035184589569204124,0.04700974386671882,0.05921285655734851,
0.025821192046993943,0.038496876009598856,0.049411351270721576,0.060943120364842264,0.06643098875689929,0.06458571238406657,0.05804671908947246,
0.034660951842180314,0.060038300606957,0.08777559243968552,0.1292223482203313,0.15256748374295628,0.17693440327592733,0.2189252409945698,
0.022518169800070723,0.036074697588882786,0.047849256677853454,0.06753337704803293,0.08443083728323297,0.0998738423004575,0.11660125869421616,
0.03513627016384168,0.056953101996872056,0.0800270044957625,0.11284647046222335,0.13650922477214603,0.15188827922206913,0.1702783384980274,
0.031549053029411585,0.04951277391214585,0.06784098588161845,0.08894760010988832,0.10315259084878664,0.11491099452350123,0.12795941378416306,
0.030120297736654908,0.048916871152980525,0.06571226885510216,0.08492905914129412,0.09606274568335789,0.10232519396839716,0.10281976397323507,
0.030609850913302154,0.04672437552260648,0.06055065042751908,0.0778794087964385,0.09198138489635511,0.10559548077566672,0.12218676452051959,
0.03213937356632698,0.05162688120977058,0.0704620792903838,0.09602089696760602,0.11635913663540558,0.1377602482165852,0.16577709328641707,
0.02508915167505553,0.03857905424689922,0.0519930361505132,0.06868136726169015,0.07907391616801272,0.08824763852279126,0.09604087342178326,
0.025328459513417823,0.04196762912198448,0.059384152439955734,0.08671371692712525,0.10981366525960118,0.13412932391288898,0.1713206538021974,
0.03550181733864699,0.05316122739888846,0.07041320555582871,0.0903984831773954,0.10112666616750404,0.1109676419414677,0.1187449232579816,
0.04300784199992325,0.07037830403725497,0.09695805072232234,0.12974784015526467,0.14925118399065343,0.16425791555147526,0.179204587581022,
0.04151861562330563,0.0767502910137827,0.11649902583635925,0.16990582900212395,0.20212285415238399,0.22782234779164023,0.26140935371061397,
0.026249425864423078,0.043230961013751575,0.06217646290881416,0.09448120843453979,0.12857455340863477,0.16861596522106084,0.2288791011617445,
0.018021732379353447,0.025308672590150752,0.031023535421906914,0.03866129793289606,0.0458106973795426,0.054677003973106236,0.06670370260296887,
0.028994779742392073,0.053584080511112624,0.08212296064245446,0.1267083464955435,0.1677606208625696,0.2138091258307013,0.27454379180674493,
0.033749883656857826,0.05400209612900636,0.07434308087443876,0.10000304478912286,0.11749849244105627,0.13313492592186318,0.14986630153897992,
0.024068901660000492,0.03400981097457489,0.042187753160596746,0.05293818468850998,0.06011420709574986,0.06766799297073751,0.07425621419685166,
0.035829230857702274,0.056119235453847956,0.07297916142243802,0.09095713741246486,0.1011326762523737,0.10614777242962138,0.10748527418532328,
0.029568830912448482,0.04868605031094573,0.06809518469125052,0.09218341679888276,0.10799018253022291,0.12124195319979365,0.1332460899717236,
0.022280838774511483,0.034148860809271826,0.044598754237133276,0.05846783333240423,0.06904944142603943,0.07940132687281422,0.09076484201717962,
0.03409613204818566,0.05531656611106054,0.07726188931217776,0.10301694969148671,0.11769427556829243,0.1268818126372739,0.13402002453102216,
0.011877190850945943,0.01557897517791379,0.019603917738270256,0.024931654489015954,0.030164518528975507,0.03777432128772561,0.07884180940335829,
0.03438052566188295,0.06752704991778495,0.10579785170497574,0.15691027004391064,0.1917114843624418,0.22761628864511996,0.27918576691014935,
0.03418848635180805,0.053512768878342436,0.07033962857099342,0.09058214248480018,0.10293335921742579,0.11504172117199656,0.12606965556511496,
0.035767785164458187,0.057465164720657845,0.07730455879559005,0.10045068509385578,0.11580830387149442,0.1295697656809178,0.14540538042630718,
0.026623941029218657,0.03749007679362303,0.045884579725408554,0.05477617062039527,0.062360540843009404,0.07132136687674183,0.08217861434728557,
0.02857836820061681,0.04540783768698295,0.06190499085754197,0.08374564324751253,0.10093990400229841,0.11730615576526128,0.14190179866022654,
0.02361445295091565,0.04060096214825482,0.05759151192788619,0.07996529690161762,0.09728899094013167,0.11476269616429151,0.13645145244392562,
0.027378435937733606,0.04528663542978881,0.06318560209165519,0.08805457408901868,0.10652079540102423,0.1257032384630398,0.1479918760660133,
0.026432438440005906,0.038714037559963284,0.050693669264828926,0.06540760365185701,0.07540068170501903,0.08403509480101688,0.09273908916030905,
0.02594691533865251,0.037067164594326664,0.04549911811248069,0.05495976433542635,0.06317488286735114,0.07236911353768002,0.08398071859148983,
0.03589716061139029,0.05787421647292321,0.08102412882263475,0.10785762014048556,0.12306183669336336,0.1345702719251278,0.13977039480404535,
0.03755044008279774,0.06061828839175204,0.08263698542404342,0.10950671291615054,0.12690929717541263,0.14200927156437085,0.15536481491600884,
0.024503778680724207,0.041542892445455976,0.0594388774051649,0.0879110011645175,0.1126603377247631,0.13914655606961548,0.171631247889287,
0.024024406870814183,0.035281022789617734,0.04485532796785386,0.057850565070858076,0.06971306884108765,0.08056879590224401,0.0966156210307426,
0.030832413550053193,0.04729497453700401,0.06331950773915525,0.08354639922122926,0.09961776141623113,0.1157355689895483,0.13806714079063423,
0.020502124367753692,0.030388323379515796,0.040023154039328455,0.05604487887074867,0.07112868005166043,0.09577184274706242,0.1364070689549165,
0.031466265142229805,0.04966182125862896,0.0661343325667316,0.08708620723474897,0.09872122767852666,0.11063399606710318,0.12519229165774345,
0.033235459768510243,0.053031303836796134,0.07014080079208102,0.0896414203828508,0.10269069156561274,0.11543167771829073,0.12986526695975972,
0.03388628944175532,0.05584994880373516,0.07651686017650577,0.10343938007966376,0.12279037349099776,0.13983433878268897,0.15897981794243962,
0.025213284510661314,0.036428147513726035,0.045082386461659824,0.055919965926663436,0.06499404670074328,0.07533215906343996,0.0886097106363987,
0.033080233767501487,0.052078496160329286,0.06904696285550818,0.08873770295630404,0.10237606184893157,0.11447861498723974,0.12774605942601622,
0.040544073760537806,0.07120329245275525,0.10163303339228183,0.13615741874061846,0.15352061068141512,0.1709659868850227,0.19674596121805019,
0.01744469866712262,0.026367593283588207,0.03324278036988218,0.047717078158336264,0.06132802403091702,0.06792178956562107,0.05388219919403613,
0.027607877414677972,0.04630241129421661,0.06541399688046771,0.08804022137799013,0.10188672354659613,0.1155516777478352,0.1318678633834834,
0.016667528617442983,0.02446956828498603,0.030674986741354267,0.03944119628958074,0.05118658627137257,0.06168633808733961,0.06067463299298682,
0.021805170834491124,0.03072709112783845,0.03832538894439574,0.0492570453677921,0.058664521309988636,0.07018494408449198,0.08301578220423984,
0.04534641689450672,0.07283381955444376,0.09894193464937706,0.1306799264687548,0.1484098033386515,0.16137328283653432,0.1726460743717907,
0.026228645857441894,0.04323687392261319,0.059412742140774556,0.07741732291780341,0.0895001945810421,0.09855605832207809,0.1068968541164932,
0.015843995723486808,0.021996026357396795,0.026935977468767625,0.0386652511398933,0.04650717137691767,0.054157388616120294,0.05931724441115368,
0.02564657203303254,0.04180197718703427,0.05735631490670194,0.07497676430731984,0.08377302895324236,0.08798195090630935,0.08674403068940868,
0.029865380199104705,0.05079189909762496,0.07230467161104161,0.09989063034639327,0.1167988729228623,0.13395325786297188,0.1552161298685424,
0.008356854152642876,0.008849601089408608,0.011215679903488962,0.013061404169718726,0.011456187949994893,0.005249814548725151,0.018372172707187714,
0.039148678727997224,0.06418269637233205,0.08895261086010976,0.1208771157458219,0.14301613579353567,0.16460588608106833,0.19040612515947178,
0.028113797951145273,0.04574556693291762,0.06133765204713012,0.07987226479596467,0.09113778903711024,0.10162421858261265,0.11387134026972316,
0.03689436536253018,0.06338242605353629,0.09124427977819215,0.12939840440912664,0.15555086512050845,0.17747585342663152,0.20377057123258172,
0.030516625985497637,0.05871851491412918,0.09351529006398605,0.1440136666390153,0.18352052914306682,0.22945614495801558,0.309068127821269,
0.034596614541651444,0.06525611679881953,0.0984455047757525,0.14184723725486983,0.17256947962542324,0.2042049260969169,0.24789283595582723,
0.026544323989680037,0.04341956713352966,0.06108950658752926,0.0827366852404552,0.09654628461139834,0.10966940263372633,0.1226889637047973,
0.026944123550892055,0.040823401487818496,0.05430233686077208,0.07209678884428225,0.08668122252849897,0.10522486062370774,0.1310406905021435,
0.019983604098473596,0.034640903062630464,0.050497898625629645,0.07819548108680933,0.10999913805459899,0.14748626874911974,0.19869070343930978,
0.023651895221717772,0.03356958614740688,0.0416190779711414,0.05023348755770928,0.054992887895471874,0.061024810890751374,0.06546681169132572,
0.020844332496982462,0.03032101841592073,0.0385505640462851,0.04965095097323651,0.06070659097931491,0.07526494613513972,0.09433952375030526,
0.0317172559536513,0.05115529679102285,0.06961592773127372,0.09311046429838672,0.10892719531740463,0.12750468865931633,0.1512153237919223,
0.02146605906473126,0.029760389636863217,0.03833288689320336,0.04588005081446231,0.04998495349283399,0.05240743125105823,0.05227435527789692,
0.03447018177068683,0.05526654469872249,0.07487979157905335,0.0988994686330127,0.11467064217980166,0.12620158116429905,0.13859545877201815,
0.03514026291962714,0.05569797130168561,0.07640754836469536,0.10242739058266886,0.12040300166022581,0.13519352510509822,0.15210331399299712,
0.02944318200621868,0.04394664007245383,0.05797009973155293,0.0739647346873422,0.08280800574937092,0.08893790344029184,0.09359294749009471,
0.033161717468206835,0.051880094206822415,0.06919530689442681,0.09026731796621762,0.10401591772398718,0.11734092572859063,0.12939821423007503,
0.026095424286847458,0.041341074138345736,0.05586413608785237,0.07584838716207193,0.09094821940108665,0.10540820410771376,0.11832609106433849,
0.02170621689160362,0.03194108939813279,0.042559599358044355,0.06221830021069353,0.08295301027818963,0.1078946062150752,0.14966304112008236,
0.024041303427977095,0.0417983378528817,0.06170414995620633,0.08999667315154801,0.1141932551089385,0.1385160296513758,0.17117204647891002,
0.024047302026111415,0.03681513909188107,0.04809613477562725,0.06250015252037884,0.07280466675027862,0.08823549053276364,0.10979794326706854,
0.025645598368184863,0.03873880095021598,0.05064096334372082,0.06818609848487099,0.08366139697073893,0.10208669304961228,0.12489480092681922,
0.03231792601437092,0.05179396232334446,0.07018822727282915,0.09467215193048444,0.11352977695461368,0.13318718287163392,0.15753927023333944,
0.023570233994443097,0.029982361737367427,0.03556568102093028,0.04181647003823521,0.0468421465558481,0.04923078639424539,0.05466965240384114,
0.02241007537593241,0.03189252374617709,0.040679449739851485,0.05189785837558452,0.060514151717329184,0.07041806881890951,0.07879545531347822,
0.04031793075721434,0.06812154953232794,0.09674528826978875,0.12956839743623705,0.1468444685062118,0.15906011604048773,0.16963738398442982,
0.030173440024594208,0.049297322868659156,0.06771444291389958,0.09152798627770588,0.10968037559025326,0.13009615109972292,0.16011636158875714,
0.03611386076717738,0.05803349576742705,0.07928293506227457,0.10640500453296116,0.12524731251114038,0.14407042391463232,0.16494302605138828,
0.018784261410750458,0.029931159961766842,0.040407637970970675,0.05951885674481995,0.07764002369124869,0.09546577122790549,0.1229608748563251,
0.025118335761022948,0.04277483293295158,0.059364874105129146,0.07997192151504673,0.09299499321562107,0.10306166393124455,0.11357899591864203,
0.014377675923857693,0.020151779135314796,0.024292819576295293,0.030360265142218016,0.03694617724553017,0.04465335698204655,0.036475995224924534,
0.02563686243257096,0.03857313637186929,0.050552918311644233,0.06671390703692025,0.07898661156862928,0.09390185821130888,0.11261811660275474,
0.018936308873170268,0.02842083559348295,0.03736984848316094,0.05242392230335292,0.06333677576219186,0.07096540905930665,0.05891525437466953,
0.028998714795083636,0.04206403629297819,0.05468685814712219,0.06746941907273298,0.0745883564292102,0.07964323595323397,0.08145525297870097,
0.030154693361033626,0.05895679717597347,0.09282796208900025,0.14127854352642855,0.17674740640611472,0.216510389939824,0.27652713113187566,
0.025114333802092537,0.0424673825974363,0.062006478381222196,0.09244751748732292,0.11992664578507416,0.15472292010983846,0.20875032273576608,
0.03160844098305851,0.04826502426081328,0.06273580394377615,0.07849666026830172,0.08792875698932277,0.09550270568857637,0.09739113995093612,
0.03691332893039866,0.06759086633997315,0.10397639737783378,0.15677449084613568,0.18852132118370216,0.21674747832523547,0.26096397402255894,
0.029773393911237938,0.04574699044309583,0.05972248170156405,0.0775029351573473,0.09124148617958318,0.10505444962746559,0.12062741109664661,
0.009541577783869099,0.01366460527650528,0.0200139516311188,0.028103365881121126,0.03238095555145303,0.04206752029752902,0.05165137943160431,
0.03730169021454755,0.05979145560855852,0.08070804198419966,0.10253569593409946,0.11331920282546547,0.11907539031824636,0.12152311697531092,
0.03715459172111669,0.05802836689468307,0.07776635220542265,0.10055024227093885,0.11605181083974388,0.12921354818342237,0.144436368496379,
0.026202873435962327,0.04058463869989029,0.053398459524294124,0.06936434311391322,0.08015827424459944,0.09122224252786972,0.10066605718228712,
0.026882885640030676,0.04107757575214299,0.05294284677488467,0.0691888270581451,0.0826579568016186,0.0968370828098354,0.11001360799763321,
0.02147554167523324,0.029666833402046202,0.03633207037447394,0.04480024885618622,0.05486130872253095,0.06485100747917466,0.08166819645591229,
0.019075406574656062,0.02630819090435522,0.030779515093059685,0.034820212625450556,0.03687245984263177,0.04215390820130643,0.04948865163894471,
0.03539425985274604,0.052702189040875744,0.07008402002365235,0.09074659458398081,0.10368832614803998,0.11134734543653432,0.11803254916973906,
0.029038515287149153,0.04967095790845288,0.06991286098107997,0.09634947359736101,0.11734186260384359,0.1407003841851554,0.17264794568659297,
0.0303813769774425,0.04829750940502011,0.0648328052445369,0.08636609291793086,0.10264813701736664,0.11817874965921729,0.1389229835886282,
0.025933814236789445,0.05006586643455052,0.07747571648596917,0.11436125495128856,0.14042950514621705,0.1646095851707533,0.18531864092490366,
0.03084138029335822,0.05134802712559506,0.0732194967811701,0.10168108734587186,0.11985175231184242,0.13482481042582417,0.1478970777832149,
0.033240138460111666,0.0550184221021229,0.07515581531482239,0.10011295685357824,0.11684881081611044,0.13479217919996994,0.1581942837050239,
0.026364335011878,0.039568104243508435,0.0509092396363781,0.06463463985753727,0.07463613151523775,0.08683049124265986,0.10098322814823266,
0.005625723090824811,0.008090613380164337,0.010527124084141665,0.01406707426798753,0.01274315616416999,0.014858733307968107,0.019945888381688145,
0.03424176017143002,0.055096400834670226,0.07618496640599122,0.10217303899596733,0.1188722078835389,0.1344042838251424,0.1508269959459091,
0.014401226560694374,0.01921263303853943,0.023700597375748665,0.03022367964587205,0.03605687415360371,0.04660770720084323,0.054712537516540045,
0.028883522262382225,0.0452622754036858,0.05956690543639477,0.07860438450653255,0.09343668540572615,0.10799106949078835,0.12627658251673735,
0.02752118959452025,0.041767507043591216,0.056222720741136024,0.07521856257421171,0.08915729412700098,0.10358123245298496,0.11910587686626484,
0.038154760379711654,0.06276402904859958,0.08667368349408185,0.11830723202333374,0.14190935697332743,0.16577636070213367,0.19588146053662914,
0.04674617062368944,0.07599392973161549,0.10649893920267609,0.14428541732764044,0.1684292458430008,0.18956987733842465,0.21216434201539974,
0.029637330737303156,0.049793136179977784,0.07095208020322998,0.09918798749267732,0.11931702350695816,0.136728914947703,0.1545437640275544,
0.028829571826158747,0.0441376033524113,0.05729669951778125,0.07320814072654885,0.08383342346692751,0.09311267196895125,0.09812714516148975,
0.009514493078045106,0.011698792311741178,0.013619275520671149,0.01479140675308987,0.01020531328219346,0.014089807991059472,0.0033692109539631416,
0.018616914683419875,0.027667225969409553,0.03647216423371935,0.052804478298739035,0.06803133687205237,0.08577759683223539,0.11270120124474999,
0.03742837104448684,0.0672337595814965,0.09711729976421137,0.1321130117498596,0.14926291665748262,0.16085273079965756,0.1767068621215134,
0.02024151314644264,0.03217067307788302,0.04518748096170396,0.064233752745088,0.07858954475657254,0.094664065729294,0.11453756015031226,
0.022394736010962358,0.0320733285847291,0.04212824971190877,0.05600884190159575,0.06791651406389038,0.08078500116955546,0.09639793932472307,
0.029660276135562224,0.046549281954519024,0.0634222328848464,0.08327608669376631,0.09674558192932171,0.10813583682727539,0.11928753410762204,
0.01980756556159674,0.026813440570968926,0.03093486692243022,0.03515425986647636,0.037562554637171085,0.04047475826815294,0.04151763354251778,
0.031122283639297116,0.05600888881789309,0.08446718625482573,0.12679057386799467,0.15808114558506328,0.18948233630508118,0.2387985537024412,
0.024779488433323085,0.03627350252691332,0.04792286505489865,0.06242440194771044,0.07217864440247185,0.0797551002314794,0.08983109790978913,
0.0300932744852087,0.044181026651468516,0.05516361318926063,0.06484409792097529,0.07111477065318185,0.07462031598906287,0.07402333200099509,
0.03516412452129626,0.05523034568417813,0.0745872735178627,0.09651617517151564,0.10942065446822381,0.11773940581128219,0.12472950779065442,
0.02908401583816197,0.043922807813792195,0.05683389629743199,0.07459355630338194,0.08913642131441611,0.10331378697188658,0.12107115149131296,
0.012527791878394597,0.018349981379155934,0.024817485242675498,0.03505308862446779,0.043895633343284196,0.051974979507624114,0.0633611545159382,
0.004340171694140308,0.002924931817919702,0.0038921345910816886,0.00534904298153137,0.0028085861572600206,0.008625269325044285,0.012414448452098341,
0.03748263247243413,0.059941413571132314,0.08281744252141522,0.11171450268674359,0.13115131164368254,0.14714241782083495,0.16374323492771517,
0.02760814333050522,0.04071217877626144,0.052113865869110036,0.06627624172537702,0.07778892961025007,0.08978133081681422,0.10440026805886922,
0.021482542241084458,0.032314065629318815,0.04189197227999572,0.05444092279233606,0.06508439607587045,0.07585886911084751,0.09036144645994446,
0.024469600698184657,0.03634474506729735,0.04674257238196714,0.06388804708563446,0.0794282851703842,0.09676094001974182,0.12291829610891601,
0.042132228883936786,0.0664013779453043,0.09037244767735692,0.12040303217569594,0.14013279504661774,0.15671728855084197,0.175753152116078,
0.02917239606701173,0.04340305307640995,0.05614808217978032,0.07089502707384351,0.0808522766746094,0.09068175547712636,0.10340332898591886,
0.03801212254024345,0.06251707164313176,0.08622521947256231,0.11526364428349158,0.13467686933964262,0.15222650148420555,0.17530540068980982,
0.031040421034151947,0.04881074661082217,0.06455821106062823,0.08254187949184277,0.09351499829795179,0.102665131155602,0.11204176983780544,
0.01710890523078423,0.026682718865218263,0.035870151588279296,0.051024541902481964,0.06222608525108246,0.07310416354185216,0.0817354620648685,
0.01854490201591236,0.021403181748954114,0.024799344456524392,0.030569119119350636,0.03854759279279527,0.04573960479647838,0.049331646923542395,
0.02251429062295424,0.03285267246216636,0.04196957095741361,0.05367640871089441,0.06351604883897448,0.07463065554395441,0.08857296814146942,
0.02378236715104491,0.03430143675157027,0.0428327045608308,0.05684625303935023,0.07025971345376751,0.08106214722194595,0.09221868896222335,
0.022353500850963645,0.03677296897043026,0.0510210404058445,0.0704549680789386,0.08405224499277349,0.0962700285904468,0.10401217407386548,
0.024745945074801948,0.03642246078480093,0.045677874583687154,0.05856539269017766,0.06995791325016658,0.08337856063642035,0.10015163116022148,
0.029507568981918794,0.04816998229804351,0.06526922634895273,0.08703443790771702,0.10362511185020722,0.1214913303217764,0.14385498896558604,
0.04232881127751086,0.07308681421240129,0.10718290386791618,0.15617896685523644,0.19193124816564092,0.22231480350743024,0.2535082307150693,
0.041497222822037834,0.06803858238941034,0.09287431788532702,0.1213978019583699,0.13941831110333436,0.15167135295733655,0.1635916971534854,
0.03170538078607288,0.051060612576609814,0.0717512843973518,0.09573991874593324,0.11071108203103469,0.12202376718622919,0.13082490922737652,
0.026305935435303962,0.04007180831407887,0.054007198596561196,0.07204069018184528,0.0842533201877771,0.09836463280823725,0.11299860500623862,
0.029210642240407956,0.04597172540582193,0.06291155944491061,0.08588963764233286,0.10246683051816934,0.12060931629674641,0.14052989841694835,
0.010992679184188338,0.014432336119596526,0.018385444741632725,0.020312480899415505,0.022717877470661993,0.026142188252434917,0.020278349502061355,
0.02942976451710241,0.04564204196011267,0.06019125677045351,0.07962494086303357,0.09413180444296641,0.10696201620625284,0.12025620585265175,
0.05345512576768004,0.08846093936628899,0.1233808921007887,0.16753065530052105,0.19623728304779292,0.22119005230700398,0.24783420883588264,
0.03225419211642957,0.050361030750747646,0.06796722121097812,0.09187446960146313,0.10982482069310379,0.13003140364287805,0.15427977499422407,
0.008470615541896773,0.013293742074153231,0.018007942086730507,0.02841813547700767,0.03654774812177495,0.050354037249443706,0.07621732801241592,
0.033342882351362374,0.05643802918994439,0.08158448472175905,0.11793233771501997,0.14230118979544135,0.16598769002050293,0.20055051921005917,
0.02394605665715885,0.03467473008319467,0.043945574476549794,0.057259573044195315,0.06884026255856045,0.08172469042662206,0.09751583576806354,
0.023251706810208727,0.0360695327817293,0.04739924468161466,0.06526033848590299,0.07944681789823883,0.09296967380023645,0.10700101264339436,
0.040165899094900426,0.06576857913805954,0.09236469969708062,0.1291255715351144,0.15513500047873127,0.17757058077274865,0.20262739145842829,
0.03419970373917515,0.05434765702574403,0.07487784871023177,0.10261484249408072,0.12433439048049177,0.14668188122722228,0.17221836653250874,
0.04070827481522346,0.06975266695269683,0.09971377404039203,0.13895318901688963,0.16589931820601975,0.18787938747227406,0.2080482640218736,
0.035379192501213554,0.05275146900437732,0.06693396449969516,0.08351616346312539,0.09489934686364704,0.10532761679286774,0.11519829224085203,
0.027327192482294805,0.041333030996064196,0.05204519520724533,0.061669890548812056,0.06394688771286282,0.06691692879070452,0.068075135738096,
0.02621838766286629,0.04243248075248779,0.05777652488196157,0.07842226060654749,0.09466910841297797,0.11216442098515438,0.13369296718872906,
0.03218800565726467,0.0518398141708708,0.06952295533124728,0.09263868136821536,0.11102524883684955,0.13093316536752078,0.15763936295894435,
0.030107759999110823,0.04617890686650486,0.06033552428060556,0.07776670953503721,0.08780907453957706,0.09682926942690408,0.10431077452457825,
0.0320229736858607,0.05380534632148024,0.07636350378717723,0.10933226862981002,0.13242543426057563,0.15887319561367655,0.19948092952930094,
0.02811761642625011,0.0441058694637162,0.05836501408197046,0.07694710184402154,0.08943564337986844,0.1025008097732657,0.11256120761924211,
0.024925568931202714,0.03938851581305014,0.05444011945714808,0.07883599522301112,0.10299658807359964,0.13119637065217649,0.1736598353144178,
0.034295002308681884,0.052159576606017916,0.06854317511059803,0.089977810548642,0.1068838733832093,0.12495833085132758,0.14468519372824898,
0.030202158802533987,0.04704977868161382,0.06240380799634449,0.08117265717610599,0.09167087742011047,0.10063305717700577,0.11085527488880396,
0.026639553320698575,0.04084404128039489,0.05452906808827627,0.07131192961659868,0.08290060430908495,0.09553334829118203,0.11388392909830301,
0.01884416472367835,0.02902132989917006,0.03947966426756147,0.05998061651771109,0.08205820073913749,0.10935403370889142,0.15463918641494123,
0.007526020176492758,0.009462741137763457,0.008566146219448399,0.008225459187971573,0.006893563220547901,0.005991148126120349,0.002821129701020559,
0.03658001069938343,0.05798664162391896,0.07836544481839348,0.10350471229438084,0.11986526925860716,0.13442486557000588,0.14772579147251858,
0.03507930322101019,0.057579489367030647,0.0776716795291082,0.09889759463651282,0.10981178141500422,0.11770824996232325,0.12204008344698092,
0.03866712692141049,0.06695082553138289,0.0968248479879469,0.13812879463294425,0.16994790222446415,0.2063661768626375,0.25907973328095585,
0.0246752198261686,0.03661540746415867,0.046051467761834004,0.057547864318620696,0.06981776591851549,0.08323674947313264,0.09204674730712686,
0.03008502440451866,0.046818919299110105,0.061726089498881975,0.08017103084004433,0.09344472593723092,0.10661982920833234,0.11889364407443118,
0.01969174374609173,0.029007796220151625,0.03683207022310997,0.04657230036598719,0.05218555758356366,0.058990061559799654,0.06434647506925702,
0.022536197814191854,0.03193788107384055,0.04039194861675376,0.05094446386720542,0.05998465214525933,0.06939563655166393,0.08039997552093943,
0.028752988801547048,0.04555088558997512,0.060663195523383444,0.08038390408571576,0.09651051156506969,0.112835234704999,0.13185418969578624,
0.025440970257950425,0.04419345785494767,0.06334518245656186,0.09006872358302337,0.11170788285047818,0.13547642729827694,0.1691650971115826,
0.027587274599015967,0.04533448159711522,0.06291026390302788,0.08674944573561133,0.1051857407406162,0.12322164901850866,0.14681086157733733,
0.025065787944483723,0.036291677598242145,0.04514108354274445,0.053625014205099256,0.05917898445521647,0.06618926120385794,0.07518838868896972,
0.025162910948572793,0.03984014585714754,0.05305789277502885,0.06710368611881107,0.07502560046345862,0.08100308030400716,0.08515204363475104,
0.03698054967594188,0.060137833726807984,0.08283273164282899,0.11249031507316981,0.1330686635470531,0.15099270316389377,0.1688930280561126,
0.039860235255390696,0.06392640369855829,0.08523479129721444,0.10943097756124107,0.12315025186908513,0.1334115812162562,0.1418084064794018,
0.022920082230571143,0.03357163534698161,0.0432584268588551,0.05482795265217031,0.06260561121529667,0.07089825466845248,0.08108390715130138,
0.03422149675830966,0.05693375417503461,0.07874099012985948,0.10425601349593969,0.11926631827640918,0.13155104827072112,0.1435830980157888,
0.035429812017180325,0.06122466515305016,0.08833984396454336,0.12246379575617197,0.1431627907131844,0.1594137054223137,0.17695905290249797,
0.016043714756719774,0.020307471226013663,0.023593425092577152,0.024714382597337315,0.022828744703538458,0.019174804321291206,0.014016410228883705,
0.04352239548647842,0.07180105599629007,0.09945195612939328,0.13459844094107648,0.15755657823827465,0.17837570232917552,0.20116325694829945,
0.025071078576897186,0.03882805093359398,0.05218926614739472,0.07000968879883575,0.08297736032802373,0.09758853612345265,0.11542687134380052,
0.030565609388053114,0.0487687703843725,0.06511561688589777,0.08677936458158285,0.10338787038378446,0.11946526599694347,0.13882520839029905,
0.025179369721563996,0.037660840467650496,0.04810336490290859,0.06384781603808197,0.07747776343830481,0.09201703246291905,0.10757146163380962,
0.029191274126358472,0.04735693661023125,0.0648186229034884,0.08899982633799373,0.1045996726870721,0.12100510082339437,0.13745619889981026,
0.017437681731880476,0.027413041583558218,0.038092090538069286,0.05493983439535402,0.07004138006092303,0.08619800730576879,0.1081158746764784,
0.03072376288878434,0.052446758965558865,0.07555361864819798,0.10683667899226053,0.12916400587978005,0.15123277835407434,0.18338896955477682,
0.03943307179275199,0.0662145549856794,0.0945962478288928,0.13528065802067207,0.165471230289368,0.19171485994993628,0.23103212774355433,
0.0353202798143316,0.056347602567298004,0.0772132671090837,0.1051362598102934,0.12573231958095787,0.14656738658685245,0.17387820304661933,
0.023572211891739563,0.04081966483241394,0.0587348392756318,0.08248911653061942,0.10024965320586961,0.11818112837798499,0.1367450404386458,
0.01104344702786819,0.014503535476087641,0.017770287168714698,0.022326701297697506,0.02447062282885751,0.02464311185229354,0.021892341262750907,
0.032864776878334875,0.0534806730051057,0.07431757780299471,0.10177736804309476,0.12048119189323671,0.13851416441943826,0.1563892093681641,
0.031128506939806292,0.055294169332628686,0.07999038725581699,0.11098715038355585,0.13049037665071292,0.15113156334187583,0.178032344371243,
0.019345287266615607,0.02967989646612509,0.04089916077092447,0.06028294577087961,0.08132471646228563,0.10920337016911104,0.14876079933999842,
0.0321942311239235,0.056981353767666526,0.08256696907364326,0.11383285409737337,0.1342518605839546,0.1545722676014809,0.18414454793910784,
0.027871655682546563,0.04345901711040146,0.059424338981615796,0.08349416105428985,0.10833413507012694,0.13741379938260326,0.18124115671811702,
0.01772653907579107,0.02566588807266523,0.03285078037377374,0.04380091847109359,0.05335608590730676,0.06694349801110365,0.08362904555384647,
0.007641966946283087,0.008779624431170776,0.010307908699887618,0.010861154461163645,0.007460146974305862,0.002638044937039402,0.011644471290883416,
0.01911611260463286,0.02712827043221552,0.03245126884774007,0.03967872205883405,0.0468470787715151,0.06303515420394339,0.08265999424147828,
0.01941854299044427,0.026368555787340164,0.032128155237898796,0.03699434266277824,0.03616689299664044,0.03903090508908802,0.023754720483092434,
0.033027371119726326,0.050940896207129265,0.06717264150089244,0.08648478028436102,0.09952219603000151,0.11116541649350091,0.12306972545157847,
0.04047011308653795,0.06318765789872605,0.08498961474232287,0.1109195478520975,0.12710717622940088,0.140915167155867,0.15436239813945854,
0.01223204672934655,0.014428392221032723,0.017563466023664768,0.017846583143229122,0.017159846457635623,0.02354801719567456,0.0271985778546887,
0.024526106512997768,0.03673787970928597,0.047864182553770285,0.0628478253653393,0.07417733892327782,0.08775178337537602,0.10539669096112309,
0.007026001450220817,0.005243573266129402,0.0066898828624395845,0.011402999238553072,0.009118889704038959,0.0062562958051534875,0.007922720677620865,
0.030856352729669457,0.05077149884115491,0.07075311855244061,0.0978411407252258,0.11906466116534985,0.13715682564230885,0.16103483937800422,
0.030012145703354722,0.0481092295372222,0.06516719728224123,0.0870941848945154,0.10343556727651193,0.12046423241846448,0.1405167577057713,
0.03065460327709645,0.05184344614297898,0.07545889320738404,0.10818227041261137,0.13115424821000535,0.1491518177671156,0.17098954464626065,
0.027956848103080262,0.04344624523024529,0.05711677068795761,0.07256032952026174,0.08379609801778182,0.0933550041365663,0.10583799939065246,
0.02738170324685107,0.03919151604856196,0.050291932002574244,0.062396097511864694,0.07244154519617288,0.08268082822727842,0.09566322947373485,
0.022163047113166925,0.033267700454384784,0.043724412646594824,0.05902477618719027,0.07259569835591952,0.08345191746122294,0.09290019394866894,
0.018113050726008564,0.02907623294125697,0.04080229102981059,0.061072345018311866,0.07896570713942631,0.09728322573657058,0.12526283465939705,
0.025005167690908606,0.03625454125308372,0.04660465064892137,0.05781125110389269,0.06479650564194397,0.07426599479314527,0.08766603940474063,
0.03423785788068257,0.0548042753270695,0.07403104225695258,0.09830384646147773,0.1145578548614304,0.12900818699101355,0.146038639295615,
0.02654876542205569,0.041447077274840066,0.05571104236690159,0.07400451896657151,0.08713090898419018,0.09870985055781908,0.11086166591196837,
0.03143025108946817,0.0499763965959791,0.06983780144636853,0.0972500230629757,0.11802765417905194,0.137926285512707,0.16237853879456624,
0.03956037892448097,0.06811545436721199,0.09725195468742173,0.13165869753730813,0.15178614959939063,0.16530983912711666,0.17874554696894998,
0.03859071644310754,0.06492441661892226,0.09006728737142865,0.12002758035381526,0.13936251008057582,0.15436203673017568,0.16854619979860186,
0.035217285979930145,0.055884703120192135,0.07606241652084206,0.103925142207969,0.12687583333136895,0.14999063761847434,0.18260241948702366,
0.03057095243252036,0.0461712713909362,0.060334984616808855,0.08023973743166235,0.0969635646503313,0.11354078125439554,0.13340693516137364,
0.02865281499220392,0.04831668984260382,0.06904267456887084,0.09691916172015279,0.12009346829539767,0.1444285458635265,0.17692211815701567,
0.021063632886480426,0.029685442143765454,0.037200967058157,0.0474778723767158,0.05548492804533177,0.06632075219592075,0.07707056737558093,
0.04729220802489244,0.0768718174350795,0.10813228470728846,0.14859802618238369,0.17654441643029775,0.20420128068958585,0.23581575162625187,
0.040514283981871825,0.06704128173367697,0.09453446948773697,0.13067729589336174,0.15492751467646607,0.1766790434350002,0.19985576345043515,
0.030600588709727046,0.05295171520019292,0.07531020732391264,0.10242740075440798,0.11815801431671187,0.1282464787483645,0.12973908500468176,
0.019900429341234357,0.02997079372204959,0.03920710802085834,0.051718498660232703,0.06374068854639596,0.0789547621152538,0.09940901774425909,
0.032810869425995745,0.05301930844722266,0.07245400286284374,0.09682332885945227,0.11324438953297418,0.12735974075971646,0.1428034577393516,
0.03662325714295677,0.05663727453625416,0.07502579488787471,0.09601764839932392,0.10826376868643325,0.11722999804724134,0.12352602114053245,
0.02460811090981174,0.0356745989530106,0.045796122831863594,0.057555395484121995,0.0674437897771216,0.07713483810679396,0.08962236776515893,
0.029689485093405157,0.05042243578804996,0.070625326682694,0.09559454980524273,0.11383469613867318,0.13293023968153872,0.15830019645352103,
0.011204033852484903,0.014944679588878736,0.019580826344456837,0.023760354367484204,0.0349877207360353,0.06160180059456348,0.057599551987472374,
0.03540615956979689,0.05740585915115839,0.07854704890267804,0.1052174793223669,0.12423205234062355,0.14563887140062484,0.17638492184522686,
0.022549319956186635,0.03186207163197399,0.03944661387664893,0.05222095672767317,0.06635565302996056,0.08084257373522165,0.10099738726643291,
0.0352374422746293,0.05557092339495107,0.0751532737626468,0.10351609431818946,0.12506206138026763,0.14355053104903392,0.16915723871340696,
0.030733957131715034,0.04924628361739752,0.0674835266860028,0.0893491066973383,0.1026709385696821,0.11247774606797896,0.12130816248166094,
0.027834478619022843,0.04392626226386483,0.05899035534400625,0.08011387610237007,0.0983969097687913,0.11966354617530682,0.14770523680981104,
0.03052828876442559,0.04671328403648021,0.061603484291943504,0.07944609496674215,0.0908597853650795,0.10082997754110871,0.10883554692593894,
0.0315683837214866,0.05081469653159022,0.06863232560352436,0.09024865517380752,0.10485900287718875,0.11881068058570265,0.13476580961605172,
0.027504757960944967,0.042469992091266874,0.056046604405977994,0.07387675669748982,0.08610216819394795,0.0977447781498242,0.11229605252950087,
0.017619572843096343,0.02286118588354987,0.026182119251549296,0.02807493293018511,0.031089894144200568,0.03375696330715264,0.02591695830127531,
0.00982969906120843,0.01233923903798862,0.014471730386020213,0.00891815338689151,-0.0013214599563788874,-0.032331964840294124,-0.033214414420840416,
0.03504566631453164,0.058089810511466944,0.08214737707392247,0.11584064651882996,0.13811110083204345,0.1607897547432944,0.1920001131201482,
0.023933267230359597,0.03442821730881022,0.0438263890752273,0.05561539020643023,0.0676432552535686,0.08022454374093883,0.09875616940685995,
0.02740720176693222,0.04146421897070468,0.05392887944796509,0.06982552977865561,0.08217221711825749,0.09418802205923275,0.10895503110535125,
0.03581342022192138,0.05639637753923163,0.07699023499400681,0.10271352942371226,0.11897331198642128,0.13398632042524905,0.15053172259002776,
0.02731876527164797,0.04030111365882274,0.05153709813082465,0.06592583308139213,0.07746593851674995,0.09007582853757791,0.10524961536035997,
0.032301685477679386,0.05966511705597013,0.08973552622029685,0.1317089201312439,0.1626186303305901,0.19821347537711623,0.2530961268125332,
0.030603281466383657,0.0485944394543557,0.06473958689015369,0.0871516265089437,0.10359332400456349,0.12299650897724891,0.147341220865563,
0.02423978995155052,0.04326577547597396,0.06502921214124657,0.09556030153323454,0.11861957266199856,0.14259508188434253,0.17263698668655192,
0.02560841216746218,0.036698570911851816,0.045424345682595096,0.05492902482072702,0.06340426511022558,0.07429319316571002,0.08846815813632242,
0.0296255229846302,0.04614945983499467,0.06016457062544767,0.0778374736226563,0.09086943061229208,0.1030544420334731,0.11691530077261222,
0.03636536805661707,0.05980369356129336,0.08342357063369653,0.11211290344915231,0.12921233925512837,0.14161904416768367,0.15321368569831897,
0.01982742859262075,0.027670038025661814,0.03278168790879399,0.0389642742611943,0.047997148194688116,0.06004498722437918,0.06408713634691755,
0.02130639767591575,0.03469923065084669,0.046834043591695705,0.06968851486950273,0.09065555097309301,0.1139056314830073,0.14592316441438816,
0.027918922734023927,0.04134044925486742,0.055456871223076375,0.07292888132643836,0.08245842912268504,0.09248407334485385,0.10129347138750032,
0.023098770496818816,0.03826894528938765,0.05307378101656106,0.07480687679834121,0.09478519458786641,0.11568117547139053,0.14351292142982264,
0.035414215858669024,0.05336273186113961,0.06846756177065139,0.0851317325624351,0.09598064745828803,0.10184086643298265,0.10918813988508495,
0.026079308860137776,0.03858029720127689,0.048570744919422475,0.059356435473660006,0.06605505590812184,0.07100044822161239,0.07399013261682245,
0.02709836757572548,0.04163209348503858,0.054681588891744924,0.07109852528867672,0.0829410827714614,0.09312905509799009,0.10395646594114552,
0.04339724705876917,0.0672100460787401,0.08628143409483865,0.10544572305098462,0.11358061350240108,0.11784531917544264,0.11745998554999028,
0.026205519458007618,0.04277106538770121,0.05959333469842741,0.0850689659382419,0.10666678475025407,0.12977381400804675,0.15927333485352504,
0.02652072597295693,0.04136804781055178,0.05707201194461397,0.07766601067408789,0.09367911670975623,0.11206426150573928,0.13119333550405263,
0.025796417664782457,0.03715262639931583,0.04722903971828885,0.06293625778694678,0.07659610919387473,0.09159324406855059,0.11140860568182566,
0.022464034401202777,0.03730525984373981,0.050721698975200534,0.06584221416902027,0.07536091218014929,0.08285057050706499,0.08823955707149425,
0.019872724885152952,0.02764232480033714,0.03445797809372274,0.04282000501099206,0.047610472466341924,0.05355806049830842,0.05903592749486382,
0.02869380571533672,0.046740913760280035,0.06400396129773851,0.08787570160828458,0.10813370441287516,0.13182312583204595,0.16634229468936304,
0.030213854030532814,0.04812883333417169,0.06404044928561944,0.08293064097540531,0.09665918192451421,0.10846124911747866,0.12079944796071504,
0.02706536693838753,0.047157092426315834,0.06982369615441096,0.10522080861952249,0.14057319199558244,0.18197360873707455,0.2449233823294508,
0.0313285927653165,0.05094629596812909,0.07012565596981891,0.09429655189664092,0.11122209989503785,0.1280150222357541,0.14642659447029377,
0.028165402956085817,0.04195301082338837,0.052416097865513114,0.06650580654140283,0.07775908798856614,0.09090448531856866,0.1063743639990319,
0.03152816002182104,0.04802691966653471,0.06226869197827417,0.07773439135466292,0.08861670238761456,0.09759451135267413,0.1039840425902725,
0.03240272710248724,0.05110407077482439,0.07065908756837215,0.09541315244595344,0.11021542792008886,0.12126801671615621,0.1298315644811564,
0.02950467950251948,0.04858837069678039,0.06727806286289441,0.0925536336544573,0.11212439428092223,0.13339760714228838,0.1638695932450944,
0.030797644537771455,0.047842695646787795,0.06458035615000314,0.0859693143148448,0.10091145132196166,0.11421726653385572,0.12917581820813812,
0.029318149707025367,0.04308638681920181,0.0558968041894167,0.07114059653582469,0.0796819748904902,0.08622401582586113,0.09062340565149483,
0.025947943562497577,0.037386071768417684,0.04690731951268649,0.05569075296193868,0.06314657296178684,0.07358758844293085,0.08416642997726795,
0.021362389619725267,0.03302474997536819,0.041396943208937075,0.05583269616159228,0.07242291451020469,0.08838223501599883,0.1078308537706127,
0.01583034414127103,0.023286549608447515,0.031376539242620495,0.04542819255579054,0.05905155709614187,0.07559841660716131,0.09919449872620058,
0.027366185149125432,0.042884577558314776,0.05844867995503301,0.08176796613700253,0.10217750201361403,0.12331135882833508,0.1528127746535702,
0.029412675074219886,0.048576750050049904,0.06797460514942989,0.09170306962764678,0.10770655115488079,0.12363153870288593,0.14389826825845864,
0.17026002431339618,0.2509774284064106,0.326990413700222,0.4157249380888831,0.4682495750041587,0.5225722532815933,0.5952990834046831,
0.02597343920360947,0.04164062378953078,0.057759270768457084,0.07977964715471604,0.09568515990796912,0.11300745048706935,0.13321165189806955,
0.024540624789449975,0.03699529799260584,0.04772991107240984,0.06139286757132378,0.07207736137599509,0.08377495620085007,0.0967702970413805,
0.02829214114692716,0.04255320047021903,0.05624175530148979,0.07376070473256369,0.0873303030567653,0.10375510356724034,0.12150937605086243,
0.026958843341381343,0.04172465147033545,0.05546386663615414,0.0758030775818206,0.09392775810675207,0.11541144159202703,0.14184801744101394,
0.02786809925352517,0.04062105349148649,0.05145154949896082,0.06349052497384801,0.07218236363873133,0.08153196281002631,0.09378969417760646,
0.024474836587812056,0.03645896784347293,0.048168277166945835,0.06390478051271063,0.07691726870050976,0.09030675602806577,0.10661950751500221,
0.016454538354305978,0.0228340001341687,0.02857366368507993,0.03784352553104018,0.04618023921612711,0.05185095560519873,0.05644243070480013,
0.02900085090956318,0.04493536862810463,0.0608427995558811,0.08030367477591067,0.09406051928556279,0.10588571540637466,0.11972219802607022,
0.01962573283645351,0.02566917131240935,0.03103084111320564,0.03633750211008567,0.04214874406134095,0.051364699264599835,0.06040293555397722,
0.02692236348573001,0.03930004564758771,0.050004835182756835,0.06602279926733502,0.08109898432216674,0.09706506385846951,0.12150501739816186,
0.02970976826921223,0.04994373754066759,0.07088990809003826,0.09886553178664194,0.11528948769182416,0.13244635953838876,0.15781910611570293,
0.019088773842888828,0.03179524138715232,0.045523569864499416,0.06758230100497015,0.08688869493099298,0.10475118925214777,0.1261389035957219,
0.014835223730853336,0.02375820508627032,0.03451549565490376,0.05415564338006192,0.07273565954671193,0.09158516391288687,0.11309165466175083,
0.029490979152579068,0.04650073746072573,0.06180019001946225,0.0802518208448586,0.09231460159178688,0.10211032307902633,0.11224868462061141,
0.031190359677914285,0.047624864523183666,0.06221459246444788,0.07997538026479405,0.09285863055852944,0.1052334086526637,0.12107245773923644,
0.03032222591437964,0.053388827676373346,0.0780062707309483,0.11199175886781039,0.13667947858245239,0.15846894869236078,0.18994140936843,
0.03388244350746393,0.057344095196572305,0.08225777264945026,0.11828306677547222,0.14273003430669867,0.16572786026783237,0.20218092463607334,
0.034176729323603834,0.055196952519992244,0.07540334396639285,0.10031233070327761,0.11646231161042009,0.1308657816339932,0.14510091097570663,
0.03256995129939399,0.05181438158302614,0.06975856653810755,0.09178674967160576,0.10718351530296805,0.12191459529725303,0.13872111062540785,
0.016843758330531436,0.02622510733959306,0.035894909855695656,0.05282688309884432,0.07047312943105168,0.09050191271078013,0.12741275731683302,
0.03054707706651807,0.04635851936511329,0.06151529979606269,0.07912990689380532,0.09029965533804034,0.09755110910267215,0.10482921778483582,
0.02309875867253686,0.038831230877350215,0.05494579036774228,0.07980757342893495,0.10091674579582127,0.12251919648878841,0.14438039782057685,
0.03098377404095577,0.05077193183254401,0.06929113033305766,0.09356647430645386,0.1124199181405186,0.13286094917444669,0.158761388411376,
0.037573895336935684,0.06149421533770647,0.08576006338111222,0.11810857318173808,0.14200319323229443,0.16584894993083701,0.19207785228872473,
0.03685356580320007,0.0611626137808851,0.08291309280456476,0.10674187807386377,0.12002630520838217,0.13205963474647028,0.1456232682995,
0.034118875924639365,0.055370845507834644,0.07609806149598691,0.10295958852932635,0.12159759146244167,0.13775771430227618,0.1568069221412163,
0.033812847859632796,0.05472688657727784,0.07496876614456323,0.0980300096576892,0.11098668235799589,0.12115071146905396,0.12937034532461322,
0.019379411810801276,0.028028447823032057,0.037284284607844165,0.05315883179808413,0.06769923042525569,0.08244141888988027,0.10596587507791001,
0.03875621746303038,0.06579371059616726,0.09248869537605146,0.1236060397939022,0.14187828811053965,0.1561999368541617,0.17575912902101565,
0.029168921845862755,0.04196637645628511,0.053838368257398635,0.06694804357977363,0.07561464459532563,0.08240217245095041,0.0916966222519198,
0.02052861310568256,0.03002015423421009,0.03695141567050398,0.04934455658689793,0.06214476648567218,0.07513806438311209,0.09386790798304884,
0.03936757113853015,0.07170341214824849,0.1059097341890496,0.15131024346573385,0.18109682009177103,0.21072808191870993,0.2543590578108973,
0.026770777454780032,0.03954831768000567,0.0501973133786346,0.06604986251844734,0.08057113952643548,0.09516679702813546,0.11075035208500948,
0.03443398073827006,0.05518029911718526,0.07499472263952806,0.0975161556752173,0.11038516862632443,0.12063589947116236,0.12977139421187558,
0.019926377843044123,0.029533328577306946,0.03837917431526918,0.05296463135489811,0.06777011929056272,0.08368182243227291,0.10456894473909109,
0.028557993561222798,0.04358948718670685,0.05680556774139647,0.07554716452355059,0.09094535524562117,0.11020707987802987,0.13695590929330959,
0.027785519203900336,0.04141952054844515,0.05426908049978221,0.07061931425343701,0.08251615726083904,0.0959405998814482,0.11172196323380966,
0.021132258764235117,0.030642490910452572,0.03834359326422024,0.04746272285986445,0.05515446411569223,0.06287000313582268,0.07308946615047618,
0.028337248763863485,0.046416749629796764,0.06493429566619463,0.0908293152927157,0.1117360710475482,0.13395717589878983,0.16159338740301665,
0.019469667308626745,0.02552061935712889,0.03383339015813215,0.04775314288294288,0.05992684347461629,0.07459515969712788,0.090477823669815,
0.035426237390372844,0.058848983921239,0.08139020781147721,0.11102134801253821,0.13389829073411222,0.16005841709888288,0.20082741812159208,
0.04020868574737814,0.06840512924579568,0.09680056019187745,0.13470962241952072,0.16042248568063358,0.18453436259999975,0.20928294502938993,
0.021171009890768516,0.03267390679435958,0.04329770834521785,0.06141345298497015,0.08124965544354273,0.10374594055325193,0.1345724873429171,
0.028807628692082896,0.04180990855676162,0.052679291162975234,0.06550796709110365,0.07286951503545881,0.07868788720216795,0.08819597115440224,
0.034510395495079955,0.05376225496849184,0.07089079135981352,0.08883845488097745,0.09751818731284632,0.10036798653752026,0.09772534846929126,
0.018250993865081663,0.02678479684137573,0.031852566481394555,0.04049534573441573,0.05456975377997867,0.06778520253122558,0.07843956550282875,
0.0327809398964668,0.053884790824026745,0.07456631893606924,0.10263161766741415,0.12264438634634799,0.14414670547392905,0.1784548994739659,
0.03678940645084171,0.06325586009132593,0.0905320928244018,0.12423330574337581,0.14430205669741267,0.15765346521016535,0.17241607167074358,
0.032220932554027505,0.05786920321103751,0.08579061308432026,0.12608607716368647,0.15674873407787263,0.1929507279047761,0.247487562038067,
0.024387200348735903,0.03555008147120106,0.044674928291761264,0.05566592331917851,0.06391653658218564,0.07422798171482897,0.08358134817390336,
0.03657928557117672,0.061619244659586854,0.08529359703472211,0.11324031708742237,0.1294484192531047,0.14452193589437054,0.15980117114202497,
0.023153535710500165,0.03099598100677114,0.03582509256610055,0.04153744661922188,0.04529645499713287,0.0518843925188458,0.05508028372600381,
0.03337990151954528,0.05159233842196154,0.06916876566087816,0.09238872143284732,0.10951866231284933,0.12659203489375062,0.14820921338136506,
0.028097383384969848,0.045597241312075175,0.062238114519818574,0.08458507493388918,0.10283976601196913,0.11944033839620957,0.13796826720680816,
0.0342751537986583,0.056404410232694,0.0778961558914208,0.10381262725854401,0.11914728885385438,0.12860125910756728,0.132919746094629,
0.024161788524893837,0.038560732174090284,0.05197170299227152,0.07261663760184517,0.09012144768051403,0.10493190665248925,0.12014491203301784,
0.011419981301996403,0.015931435951408734,0.02032998354274197,0.028069789027134636,0.036168815989029754,0.03793660891119765,0.05827889064036642,
0.02757791276059297,0.04333651686336962,0.05904174369896691,0.08269018884688585,0.10323041350603453,0.12580150542625115,0.15779606850696293,
0.03144941975520909,0.049154385973962156,0.06589457356776167,0.08676971598918846,0.10166013998075467,0.11592587613679571,0.13092781793106834,
0.03844384509740637,0.06560210821508684,0.09281434954256855,0.1276877981477894,0.14994487462192463,0.16872710376568828,0.19556848007010652,
0.017724455806577395,0.028990967466526858,0.041420849935579665,0.06221937852194182,0.08056591651457973,0.09930243020868977,0.12278335160820453,
0.011295448507466459,0.014657991604991387,0.018291732752662337,0.024338637100141895,0.027132435182109525,0.030029496736102744,0.016800963056346103,
0.029634146255097558,0.046112544688295,0.06048367518589231,0.07793729585334819,0.09070970864956682,0.10710898783578142,0.11377610651415061,
0.027280445207532797,0.03887758701528741,0.047168675044700535,0.05642699607362365,0.060749085317878246,0.0683446106204988,0.07311657787772143,
0.03326649854320515,0.053397065388697165,0.07254941377553135,0.09855474058963591,0.11790287416764167,0.13571904171872629,0.15842397930356725,
0.016335613526436244,0.024933143677659374,0.032669228320505894,0.04671369093403009,0.060894856208070273,0.07258809417378378,0.08158818562029843,
0.030249575902705942,0.05010675641230478,0.07023517584299396,0.09743232623863746,0.11738101553579082,0.13550282106497477,0.15979440010060522,
0.03158667983844932,0.05339582021095175,0.07350754101469724,0.09672693863570403,0.10984483612392235,0.11900376917793838,0.12681716302858223,
0.030769215778977507,0.04939388579604927,0.06764874488113909,0.09074807664799349,0.10660493177679166,0.12041666997519994,0.13522041416645625,
