0.00914,0.02015,0.02631,0.03214,0.03855,0.04068,0.04425,0.04704,0.0482,0.04854,0.04751,0.0467,0.04065,0.03357,0.02717,0.01166,
0.01216,0.02005,0.02506,0.02763,0.04914,0.05669,0.0639,0.0669,0.06766,0.06553,0.0602,0.0536,0.03385,0.02951,0.02563,0.01533,
0.01681,0.02065,0.02217,0.02406,0.03159,0.03397,0.03735,0.0387,0.03997,0.03874,0.03653,0.03457,0.02664,0.02449,0.02344,0.01937,
0.01586,0.01619,0.01555,0.01454,0.01413,0.01406,0.01392,0.01447,0.01443,0.01478,0.01435,0.01433,0.01547,0.01609,0.01666,0.01618,
0.01848,0.02301,0.02431,0.02581,0.03063,0.03136,0.03227,0.03399,0.03407,0.03395,0.03404,0.03432,0.03312,0.02931,0.02686,0.02104,
0.01043,0.02269,0.02873,0.03393,0.04331,0.04628,0.04886,0.05062,0.05059,0.05013,0.0482,0.04683,0.04039,0.03496,0.0273,0.01331,
0.01699,0.0226,0.02575,0.02897,0.03865,0.04202,0.04638,0.04892,0.04921,0.04749,0.04393,0.04081,0.03288,0.02904,0.02586,0.0196,
0.01668,0.02073,0.02311,0.02606,0.03212,0.03471,0.03679,0.03833,0.03853,0.03808,0.03636,0.03488,0.02971,0.0274,0.02525,0.01922,
0.01144,0.01541,0.02405,0.03244,0.04938,0.05273,0.05528,0.0559,0.05613,0.05576,0.05365,0.05106,0.03507,0.02512,0.01862,0.01417,
0.01628,0.02205,0.02302,0.02445,0.0265,0.02748,0.02799,0.02867,0.02971,0.02946,0.02892,0.02758,0.02578,0.02475,0.02353,0.01908,
0.016,0.02504,0.02938,0.0335,0.04331,0.04537,0.04735,0.0487,0.04896,0.0481,0.04628,0.04456,0.03714,0.03335,0.0297,0.01901,
0.01317,0.02059,0.02475,0.0291,0.03921,0.04267,0.04599,0.04785,0.04942,0.0482,0.04598,0.04321,0.0341,0.0288,0.02535,0.01663,
0.01306,0.01571,0.01835,0.02347,0.03494,0.03811,0.04181,0.04411,0.04436,0.04284,0.03959,0.03676,0.02525,0.01948,0.01583,0.01382,
0.01015,0.02285,0.02962,0.03377,0.03897,0.04041,0.04289,0.04404,0.04481,0.04378,0.04189,0.04046,0.03746,0.03294,0.0264,0.01109,
0.00462,0.01284,0.021,0.02936,0.04069,0.04335,0.04755,0.05038,0.05232,0.05246,0.05077,0.04937,0.03817,0.02807,0.01743,0.00443,
0.00263,0.0049,0.0096,0.02643,0.06186,0.06002,0.05551,0.05432,0.05593,0.06006,0.07004,0.07623,0.03861,0.01703,0.00795,-0.00431,
0.0072,0.01081,0.01618,0.03656,0.05507,0.05331,0.05198,0.05367,0.05653,0.05743,0.0608,0.06481,0.046,0.02074,0.00818,-0.00134,
0.01354,0.01834,0.01888,0.01987,0.03377,0.03762,0.04228,0.04444,0.04522,0.04343,0.03965,0.03535,0.02194,0.01963,0.01939,0.01576,
0.025,0.03143,0.03378,0.03549,0.03777,0.03822,0.03981,0.04018,0.04065,0.03984,0.03883,0.03772,0.03605,0.03401,0.03236,0.02645,
0.01994,0.0215,0.02147,0.02155,0.02464,0.02536,0.02633,0.02708,0.0277,0.02714,0.02611,0.02574,0.02354,0.0228,0.0226,0.02177,
0.01105,0.02353,0.02747,0.02984,0.04083,0.04454,0.04871,0.05173,0.0532,0.05086,0.04767,0.0444,0.03394,0.03113,0.02933,0.01666,
0.01502,0.02113,0.0243,0.03062,0.04737,0.05167,0.05615,0.05854,0.05904,0.05715,0.05339,0.04916,0.03184,0.02512,0.02156,0.01392,
0.01895,0.01734,0.01581,0.014,0.01364,0.01362,0.01393,0.01378,0.0134,0.0137,0.01383,0.0134,0.01508,0.01646,0.0181,0.02011,
0.00909,0.01899,0.02303,0.02657,0.03242,0.03419,0.03644,0.03833,0.03877,0.03802,0.03657,0.03572,0.03122,0.02765,0.02328,0.01129,
0.01329,0.02298,0.02554,0.03069,0.04503,0.04907,0.05271,0.05483,0.05561,0.05402,0.0516,0.04802,0.03518,0.03059,0.02616,0.01808,
0.01191,0.02038,0.02451,0.02857,0.03612,0.03801,0.04036,0.04225,0.04444,0.04347,0.04237,0.04069,0.03417,0.02946,0.02453,0.01325,
0.0268,0.03359,0.0354,0.03628,0.03867,0.03973,0.04087,0.04244,0.04203,0.04107,0.0405,0.03906,0.03779,0.03704,0.03604,0.02962,
0.00803,0.01988,0.02837,0.03327,0.03718,0.0387,0.04083,0.04192,0.04222,0.0417,0.04072,0.0399,0.03897,0.03377,0.02689,0.01047,
0.01775,0.02217,0.02747,0.03312,0.04776,0.05075,0.05357,0.05486,0.05515,0.05416,0.05182,0.04899,0.0353,0.02914,0.02466,0.01985,
0.0208,0.03297,0.03692,0.04138,0.04812,0.04971,0.05185,0.0533,0.05381,0.05255,0.05095,0.04993,0.04433,0.03983,0.03603,0.02518,
0.01391,0.01774,0.02159,0.02791,0.0469,0.0523,0.05678,0.05907,0.05964,0.05758,0.05346,0.04944,0.03136,0.02522,0.02075,0.01583,
0.01772,0.01695,0.01916,0.02477,0.03895,0.04281,0.04649,0.04821,0.04865,0.04721,0.04413,0.04069,0.02612,0.02012,0.01697,0.01633,
0.02606,0.03709,0.04079,0.04281,0.04384,0.04492,0.04651,0.04689,0.04691,0.04658,0.04552,0.04516,0.04521,0.04469,0.04231,0.03092,
0.02194,0.02351,0.02268,0.02157,0.02254,0.02265,0.02351,0.02431,0.02473,0.02363,0.0232,0.02231,0.02167,0.02296,0.0233,0.02188,
0.00551,0.01605,0.02744,0.03899,0.04544,0.04451,0.04585,0.04686,0.04883,0.04938,0.05101,0.05337,0.04855,0.03636,0.02267,0.00663,
0.01,0.02103,0.02843,0.03371,0.0399,0.04183,0.04449,0.04634,0.04707,0.04674,0.04464,0.04327,0.03931,0.03389,0.02746,0.01254,
0.0173,0.02329,0.02611,0.02896,0.03592,0.03855,0.04112,0.0427,0.04318,0.04171,0.03988,0.03748,0.03171,0.02833,0.0257,0.02038,
0.00216,0.01264,0.02234,0.03314,0.04222,0.04594,0.05155,0.05454,0.05537,0.05319,0.04904,0.04633,0.03977,0.02912,0.01721,0.00414,
0.0086,0.02214,0.02808,0.03144,0.04191,0.04636,0.05217,0.05537,0.05617,0.05412,0.04977,0.04574,0.03674,0.03218,0.02655,0.01106,
0.01754,0.01489,0.01444,0.01673,0.03589,0.04244,0.04835,0.05096,0.05137,0.0497,0.04475,0.03881,0.01927,0.01558,0.01726,0.01824,
0.0151,0.0205,0.02329,0.02872,0.05191,0.05783,0.06336,0.0665,0.0674,0.06549,0.06058,0.055,0.03222,0.02705,0.02503,0.01909,
0.01161,0.02325,0.0276,0.02952,0.0309,0.03191,0.0327,0.03387,0.03366,0.0336,0.03324,0.03321,0.03517,0.03291,0.02823,0.01603,
-0.00203,0.0059,0.00814,0.02572,0.06031,0.06044,0.05914,0.06077,0.06365,0.06534,0.07002,0.07299,0.03574,0.01366,0.00604,0.0036,
0.01801,0.02098,0.02238,0.02534,0.03561,0.03854,0.04152,0.04328,0.04415,0.04307,0.04031,0.03812,0.02826,0.02431,0.02125,0.0189,
0.01598,0.02142,0.02393,0.02714,0.03544,0.03756,0.04078,0.0424,0.04311,0.04178,0.03993,0.03778,0.02996,0.02636,0.02386,0.01819,
0.01785,0.02682,0.03183,0.03678,0.0485,0.0525,0.05667,0.05958,0.06064,0.05822,0.05504,0.0518,0.04146,0.03744,0.03157,0.01984,
0.02373,0.02904,0.03036,0.03196,0.03478,0.03656,0.03763,0.03777,0.0389,0.03793,0.03696,0.03557,0.03384,0.03253,0.03151,0.02626,
0.01897,0.02754,0.03158,0.036,0.05156,0.05631,0.06251,0.06569,0.06656,0.06382,0.05896,0.05431,0.03763,0.03214,0.02857,0.02032,
0.01854,0.02438,0.02558,0.02818,0.03153,0.03266,0.03394,0.03507,0.03594,0.03511,0.03408,0.03335,0.03031,0.02861,0.02708,0.02202,
0.01698,0.02787,0.03154,0.03514,0.05006,0.05355,0.05679,0.05807,0.0583,0.05723,0.05446,0.05206,0.0387,0.0348,0.02998,0.0212,
0.0288,0.03657,0.03876,0.04089,0.04456,0.04568,0.04772,0.04849,0.04829,0.04784,0.04619,0.04537,0.04143,0.0403,0.03759,0.03049,
0.01297,0.01964,0.02342,0.02828,0.03873,0.04112,0.04426,0.04593,0.0467,0.04565,0.04338,0.04116,0.03184,0.02641,0.0224,0.0145,
0.01654,0.02478,0.02584,0.02652,0.04682,0.05438,0.06051,0.06234,0.06203,0.06121,0.05686,0.0509,0.03191,0.03008,0.02839,0.02082,
0.00752,0.02104,0.02599,0.03011,0.03867,0.04346,0.04854,0.05113,0.0515,0.04981,0.04568,0.04182,0.03322,0.02923,0.0244,0.00922,
0.00275,0.01495,0.02749,0.04341,0.05909,0.05898,0.06101,0.06361,0.06518,0.06434,0.06428,0.06547,0.05489,0.03675,0.02073,0.00415,
0.02726,0.03079,0.03134,0.03121,0.03137,0.03206,0.03309,0.03346,0.03377,0.03317,0.03189,0.03131,0.03178,0.03114,0.03142,0.02777,
0.02178,0.02202,0.02152,0.0204,0.0199,0.02055,0.02079,0.02132,0.0211,0.02119,0.02029,0.02032,0.02053,0.02204,0.023,0.02317,
0.02064,0.02109,0.01937,0.01892,0.02125,0.0213,0.0226,0.02245,0.02303,0.0225,0.02156,0.02129,0.01975,0.02011,0.02011,0.02222,
0.01643,0.02099,0.02286,0.02533,0.03128,0.03336,0.03589,0.03766,0.03981,0.04217,0.04495,0.04598,0.03636,0.03017,0.02547,0.01904,
0.02265,0.03425,0.0372,0.03739,0.0427,0.04485,0.04804,0.04905,0.04904,0.04863,0.0463,0.04398,0.03991,0.03954,0.03627,0.02324,
0.01616,0.02485,0.02779,0.02999,0.03288,0.03431,0.0356,0.03652,0.03718,0.03644,0.03531,0.03431,0.03193,0.02919,0.02702,0.01978,
0.02298,0.03165,0.03461,0.03715,0.04936,0.05343,0.05859,0.06125,0.06128,0.06055,0.05586,0.05327,0.04264,0.03962,0.03622,0.02667,
0.01663,0.02827,0.03193,0.03448,0.0518,0.05778,0.06129,0.06316,0.06278,0.06208,0.0594,0.0555,0.03935,0.03566,0.03149,0.01815,
0.01511,0.01513,0.01609,0.02038,0.04203,0.04838,0.0549,0.05838,0.05903,0.05726,0.05286,0.04693,0.02382,0.01833,0.0168,0.01759,
0.01101,0.02223,0.0269,0.02935,0.03665,0.04166,0.04864,0.05285,0.05361,0.05045,0.04408,0.03882,0.0333,0.03202,0.02672,0.01453,
0.01279,0.02212,0.03081,0.03879,0.04495,0.04567,0.04704,0.04807,0.04862,0.04839,0.04761,0.04749,0.044,0.03649,0.02723,0.01539,
0.00126,0.00578,0.01271,0.02633,0.03538,0.03642,0.03832,0.04033,0.04116,0.04086,0.04129,0.04118,0.03482,0.01926,0.00991,0.00211,
0.01788,0.0231,0.02707,0.03152,0.03822,0.03932,0.04078,0.04167,0.0421,0.04095,0.04034,0.03944,0.03275,0.02782,0.0242,0.01847,
0.02316,0.03115,0.03432,0.03687,0.04222,0.04369,0.04535,0.04642,0.04699,0.046,0.04436,0.04315,0.03934,0.03726,0.03499,0.02695,
0.01727,0.02427,0.03036,0.03214,0.05578,0.06441,0.07236,0.07642,0.0773,0.07441,0.06829,0.06145,0.04167,0.0351,0.03098,0.02124,
0.01679,0.02963,0.03882,0.0438,0.066,0.077,0.08928,0.09594,0.098,0.09273,0.08236,0.07304,0.05402,0.0474,0.04007,0.02058,
0.01746,0.0218,0.02554,0.02978,0.03981,0.04281,0.0465,0.04842,0.04987,0.04896,0.04634,0.04409,0.03448,0.03026,0.02614,0.01949,
0.01599,0.01937,0.02012,0.02061,0.02275,0.02374,0.02454,0.02542,0.0252,0.0253,0.02439,0.02359,0.02227,0.02198,0.02137,0.01834,
0.01519,0.02447,0.02906,0.03312,0.03941,0.04214,0.04559,0.04784,0.049,0.04831,0.04729,0.04653,0.0424,0.03719,0.03071,0.02019,
0.01675,0.0254,0.02827,0.03453,0.05164,0.05617,0.06136,0.06469,0.06523,0.0634,0.05896,0.05497,0.03793,0.03206,0.02747,0.01885,
0.00641,0.02033,0.02905,0.03587,0.04232,0.04278,0.04415,0.04588,0.04601,0.04592,0.04603,0.04621,0.04174,0.03412,0.02524,0.01041,
0.01477,0.02786,0.03576,0.0433,0.05494,0.05739,0.06012,0.06229,0.06631,0.0671,0.06677,0.06533,0.05175,0.04183,0.03283,0.01702,
0.00994,0.01716,0.0231,0.02911,0.04081,0.04572,0.05156,0.05443,0.05569,0.05382,0.05008,0.04664,0.03395,0.0269,0.01968,0.01071,
0.00476,0.01405,0.0215,0.02743,0.03942,0.04329,0.04722,0.04983,0.05058,0.04908,0.04587,0.04313,0.03216,0.02611,0.01919,0.00855,
0.00208,0.01118,0.02263,0.03933,0.05628,0.05725,0.05956,0.06317,0.06558,0.06578,0.06731,0.06967,0.05789,0.03616,0.01711,0.00676,
0.01901,0.01893,0.01874,0.0193,0.01978,0.02054,0.02091,0.0214,0.02144,0.02115,0.02037,0.01998,0.02049,0.02064,0.02077,0.02125,
0.01617,0.0229,0.02721,0.03143,0.04308,0.04642,0.05078,0.05339,0.0555,0.0547,0.05179,0.04843,0.03714,0.03246,0.02796,0.01941,
0.01195,0.02611,0.032,0.03556,0.04859,0.05252,0.05734,0.05965,0.06062,0.05867,0.05479,0.05175,0.04062,0.03616,0.03074,0.01395,
0.00481,0.01564,0.02314,0.03269,0.04835,0.05334,0.06028,0.06486,0.06685,0.06493,0.06111,0.05761,0.04278,0.032,0.0216,0.00729,
0.01593,0.01958,0.02403,0.03163,0.04302,0.04478,0.04626,0.0464,0.04656,0.046,0.0451,0.04391,0.03343,0.02647,0.02117,0.01569,
0.01806,0.02478,0.03044,0.03588,0.04657,0.04856,0.04979,0.05143,0.05173,0.05061,0.04904,0.04698,0.03897,0.03387,0.02927,0.01961,
0.0156,0.02111,0.02415,0.02963,0.04462,0.04856,0.05249,0.0549,0.05507,0.05327,0.04954,0.04615,0.03177,0.0269,0.02306,0.01809,
0.01269,0.02404,0.02933,0.03343,0.04685,0.05021,0.05266,0.05434,0.0546,0.05355,0.05178,0.04964,0.03743,0.03197,0.02738,0.01432,
0.00629,0.01723,0.02177,0.02689,0.04159,0.04652,0.05099,0.05297,0.0536,0.05251,0.04854,0.04491,0.03055,0.02689,0.02001,0.00734,
0.00709,0.01713,0.02267,0.02831,0.03547,0.03797,0.04079,0.04297,0.04374,0.04314,0.04155,0.04042,0.03545,0.02921,0.02052,0.00895,
0.01391,0.02897,0.03427,0.03906,0.05339,0.05848,0.06509,0.069,0.07068,0.06761,0.06285,0.05869,0.04683,0.04333,0.03613,0.0195,
0.01518,0.01992,0.02034,0.02341,0.04718,0.05707,0.0653,0.06925,0.06983,0.06753,0.0614,0.05412,0.03125,0.02816,0.02488,0.02042,
0.01449,0.01782,0.01981,0.02294,0.0316,0.03443,0.03804,0.04019,0.04131,0.03976,0.03728,0.0347,0.02597,0.02286,0.02083,0.01692,
0.01923,0.02322,0.0246,0.0264,0.03134,0.03301,0.03488,0.0357,0.03631,0.03521,0.03345,0.03183,0.02698,0.02581,0.02372,0.02047,
0.01331,0.02686,0.02997,0.03449,0.04769,0.0514,0.0544,0.05621,0.05612,0.05503,0.0524,0.04981,0.03875,0.03534,0.03089,0.01718,
0.01688,0.02094,0.02281,0.02443,0.02936,0.03149,0.03441,0.03654,0.0379,0.0377,0.03679,0.03611,0.03089,0.02767,0.02467,0.01893,
0.0173,0.02508,0.02922,0.03395,0.0424,0.04547,0.04984,0.05251,0.05406,0.05359,0.05216,0.05022,0.04147,0.03679,0.03211,0.02108,
0.01677,0.02409,0.02849,0.03299,0.04841,0.05242,0.05768,0.06045,0.06119,0.05972,0.05588,0.05208,0.03754,0.03223,0.02711,0.01715,
0.01315,0.02437,0.02899,0.03296,0.04042,0.0423,0.04484,0.04734,0.04863,0.04824,0.04732,0.04576,0.03901,0.03458,0.02981,0.01869,
0.01543,0.02285,0.02607,0.02886,0.0344,0.03629,0.03833,0.03896,0.03997,0.03899,0.03747,0.03626,0.03205,0.02915,0.02648,0.01842,
0.00441,0.01243,0.0238,0.03363,0.03898,0.04281,0.05013,0.05478,0.05567,0.05187,0.04682,0.04463,0.0412,0.03037,0.01829,0.0058,
0.01752,0.03351,0.04107,0.04546,0.05327,0.05538,0.05858,0.06013,0.061,0.0595,0.05698,0.05509,0.04864,0.04438,0.03808,0.02249,
0.01974,0.02547,0.02755,0.02766,0.02853,0.02903,0.0294,0.0302,0.02957,0.02955,0.02878,0.02824,0.02841,0.0282,0.02769,0.02297,
0.01809,0.02657,0.03153,0.0354,0.04501,0.04775,0.05147,0.05393,0.05489,0.05328,0.05086,0.0484,0.03925,0.03559,0.03062,0.02262,
0.01807,0.02227,0.02374,0.02429,0.02593,0.02623,0.02699,0.02755,0.02755,0.02719,0.02672,0.02621,0.02481,0.02427,0.02337,0.01921,
0.01909,0.02711,0.03084,0.03387,0.03876,0.04,0.04055,0.04126,0.0416,0.0411,0.03964,0.03908,0.03494,0.0318,0.0283,0.02078,
0.02255,0.03634,0.04229,0.04653,0.06359,0.07016,0.07774,0.0821,0.08413,0.08181,0.07538,0.06924,0.0542,0.0499,0.04456,0.02805,
0.01687,0.01654,0.02354,0.03797,0.06503,0.06612,0.06792,0.06897,0.07193,0.07224,0.07403,0.07458,0.05174,0.03199,0.02082,0.016,
0.01447,0.02006,0.0218,0.0226,0.02331,0.024,0.02453,0.02528,0.02525,0.02517,0.02358,0.02347,0.02238,0.02144,0.0199,0.01479,
0.01279,0.01633,0.02121,0.02817,0.04937,0.05591,0.063,0.0668,0.0674,0.06334,0.05669,0.05098,0.03062,0.02247,0.0181,0.01379,
0.02106,0.0333,0.03757,0.03982,0.04423,0.04535,0.04762,0.04837,0.04904,0.04827,0.04637,0.04511,0.04281,0.04092,0.03694,0.02426,
0.02014,0.01772,0.01675,0.01573,0.01455,0.01514,0.01559,0.0157,0.01576,0.01518,0.01488,0.01503,0.01708,0.01774,0.01888,0.02169,
0.00883,0.02751,0.03609,0.04235,0.04998,0.05271,0.05527,0.05717,0.05754,0.05684,0.05481,0.05311,0.04921,0.0436,0.03407,0.01388,
0.01902,0.02729,0.0289,0.03462,0.04871,0.05158,0.05366,0.0543,0.05463,0.05421,0.05247,0.04995,0.03656,0.03226,0.03064,0.02218,
0.01678,0.02344,0.02962,0.03857,0.05849,0.06231,0.06539,0.06659,0.06752,0.06589,0.06355,0.0603,0.04183,0.03211,0.02594,0.01897,
0.01917,0.0267,0.02956,0.03326,0.0425,0.04533,0.04738,0.04929,0.04931,0.04786,0.04612,0.04389,0.03633,0.03246,0.02846,0.02099,
0.01885,0.02586,0.03039,0.0364,0.04839,0.05206,0.0557,0.05807,0.05848,0.05691,0.05313,0.05005,0.03701,0.03129,0.02703,0.01995,
0.01604,0.0246,0.02832,0.03151,0.03835,0.04013,0.04296,0.04415,0.04522,0.04471,0.04316,0.04163,0.03632,0.03333,0.02881,0.01894,
0.01988,0.02066,0.02118,0.02412,0.03251,0.03503,0.03803,0.03954,0.03992,0.03911,0.0364,0.03446,0.02601,0.02255,0.02141,0.02034,
0.0217,0.02754,0.03005,0.03119,0.03338,0.03447,0.0354,0.03652,0.03629,0.03625,0.03471,0.03404,0.03155,0.03092,0.02904,0.02369,
0.01497,0.02475,0.02713,0.02908,0.03383,0.03523,0.03704,0.03842,0.03897,0.03864,0.03706,0.03628,0.03334,0.03134,0.02842,0.01919,
0.02148,0.02653,0.02885,0.02995,0.0328,0.03411,0.03547,0.03615,0.03603,0.03578,0.03467,0.03405,0.03164,0.03124,0.02964,0.02523,
0.01724,0.02545,0.03102,0.0383,0.05469,0.05762,0.06019,0.06124,0.06154,0.06054,0.05852,0.05617,0.04041,0.03235,0.02723,0.01917,
0.01899,0.02985,0.03237,0.03276,0.03372,0.0345,0.03537,0.03648,0.03684,0.03556,0.035,0.03497,0.03722,0.03767,0.03548,0.02405,
0.01731,0.02438,0.0282,0.03471,0.04945,0.05313,0.05667,0.05937,0.06046,0.05951,0.05637,0.05371,0.03887,0.03172,0.02662,0.01941,
0.01363,0.02378,0.02935,0.03549,0.04616,0.0494,0.05278,0.05526,0.05618,0.0556,0.05474,0.0536,0.04429,0.03704,0.02979,0.01797,
0.02187,0.02332,0.02606,0.03022,0.04357,0.04715,0.05107,0.05361,0.05431,0.05248,0.04904,0.04684,0.03253,0.02699,0.02211,0.01995,
0.0025,0.00968,0.01894,0.03724,0.05605,0.05618,0.05826,0.05993,0.06018,0.05975,0.05949,0.0619,0.05115,0.02846,0.01348,0.00146,
0.01331,0.02376,0.02689,0.02948,0.03987,0.04368,0.04782,0.04954,0.04965,0.04812,0.04527,0.04221,0.03245,0.02961,0.02642,0.01593,
0.0208,0.02626,0.02835,0.03097,0.03718,0.03885,0.04053,0.04139,0.04186,0.04115,0.03932,0.03765,0.0323,0.02985,0.02781,0.02276,
0.01518,0.02532,0.03186,0.03697,0.0419,0.04409,0.04656,0.04844,0.04928,0.04832,0.04626,0.04553,0.04209,0.03801,0.0304,0.01488,
0.01884,0.02116,0.0237,0.02583,0.0317,0.034,0.03648,0.03738,0.03835,0.03754,0.0366,0.03451,0.02926,0.02613,0.02389,0.02017,
0.01459,0.01637,0.02013,0.02536,0.03483,0.03679,0.03921,0.04063,0.04144,0.0404,0.03869,0.03695,0.02756,0.0223,0.018,0.01573,
0.01754,0.02506,0.03132,0.0375,0.04536,0.04654,0.04818,0.04907,0.04887,0.04885,0.04802,0.04624,0.0398,0.0334,0.0279,0.01834,
0.01728,0.02648,0.02837,0.03048,0.03333,0.03502,0.0358,0.03723,0.03749,0.0369,0.0352,0.03445,0.03171,0.02936,0.02816,0.01988,
0.01364,0.02294,0.02667,0.03028,0.04028,0.04263,0.04602,0.04777,0.04828,0.04726,0.04413,0.04168,0.033,0.0291,0.02431,0.01529,
0.00682,0.02267,0.0352,0.05036,0.06224,0.06219,0.06533,0.06842,0.06986,0.06969,0.07021,0.07305,0.0643,0.04555,0.02965,0.01096,
0.01667,0.02571,0.03095,0.03493,0.04288,0.04878,0.05568,0.05956,0.06054,0.05778,0.05152,0.04632,0.03961,0.0356,0.02869,0.01666,
0.00664,0.02064,0.031,0.03845,0.05582,0.06189,0.06759,0.07074,0.07156,0.06944,0.06535,0.06081,0.04498,0.0365,0.02519,0.00725,
0.01902,0.02471,0.02759,0.03046,0.03423,0.03535,0.03619,0.03719,0.03721,0.03663,0.03558,0.03486,0.03054,0.02781,0.02459,0.01899,
0.0144,0.02643,0.03244,0.03724,0.03926,0.04,0.04147,0.04215,0.0429,0.04306,0.04279,0.04328,0.04257,0.03804,0.03101,0.01761,
0.02012,0.02012,0.02072,0.02092,0.02178,0.0223,0.02267,0.02292,0.02312,0.02313,0.02234,0.022,0.02108,0.0207,0.02054,0.02061,
0.01021,0.02171,0.02457,0.02488,0.03727,0.04286,0.04743,0.04904,0.04908,0.0482,0.04493,0.04081,0.02945,0.02984,0.02627,0.0144,
0.01519,0.02292,0.02564,0.02692,0.0292,0.02974,0.03082,0.03151,0.03162,0.0313,0.03069,0.03026,0.0295,0.02871,0.02632,0.0177,
0.01755,0.02764,0.03058,0.03402,0.04485,0.04691,0.04931,0.05048,0.05141,0.05079,0.04808,0.04619,0.03703,0.03357,0.03001,0.02092,
0.01852,0.02473,0.02805,0.03144,0.04113,0.0444,0.04848,0.05067,0.05116,0.04945,0.0459,0.043,0.03353,0.02973,0.02701,0.02059,
0.02348,0.03039,0.03213,0.03237,0.03318,0.03389,0.03485,0.03576,0.0358,0.03546,0.03475,0.03424,0.03465,0.03464,0.03396,0.02724,
0.01609,0.02477,0.03061,0.03791,0.05058,0.05315,0.05609,0.05825,0.0589,0.05764,0.05509,0.05294,0.04065,0.03373,0.02667,0.01632,
0.01905,0.02221,0.02691,0.03144,0.04941,0.05526,0.06174,0.06594,0.06713,0.06369,0.05758,0.05237,0.03522,0.03034,0.02543,0.01943,
0.01406,0.02496,0.02744,0.02762,0.03551,0.0404,0.04592,0.04904,0.04988,0.04764,0.04332,0.03962,0.03291,0.03205,0.02945,0.01704,
0.01897,0.01633,0.01581,0.01618,0.02021,0.0231,0.02666,0.02924,0.02918,0.02752,0.02375,0.02176,0.01777,0.01654,0.01679,0.01783,
0.01358,0.0171,0.01882,0.02438,0.04744,0.05543,0.06435,0.06927,0.07055,0.06721,0.06019,0.05251,0.02887,0.02139,0.01887,0.0145,
0.01221,0.02051,0.02487,0.03029,0.04692,0.05148,0.05611,0.05865,0.05919,0.05783,0.05423,0.05038,0.03728,0.03144,0.02547,0.01578,
0.00169,0.00343,0.00933,0.02212,0.04537,0.04527,0.04529,0.0467,0.04839,0.04883,0.05125,0.05413,0.03084,0.01293,0.00486,-0.00036,
0.0083,0.01834,0.02505,0.03173,0.03931,0.03988,0.04126,0.0421,0.04312,0.0429,0.04369,0.04489,0.03922,0.03094,0.02373,0.01079,
0.01963,0.02527,0.02745,0.02832,0.03096,0.03198,0.03297,0.03338,0.03339,0.03309,0.03179,0.03151,0.02887,0.0274,0.02607,0.02032,
0.01978,0.02558,0.0261,0.02865,0.03779,0.03944,0.04227,0.0432,0.04318,0.04253,0.04082,0.0388,0.03062,0.02785,0.02627,0.0207,
0.02506,0.03561,0.03977,0.04406,0.0544,0.05639,0.05942,0.061,0.06131,0.06037,0.05841,0.0563,0.04686,0.04096,0.03697,0.02803,
0.01729,0.0226,0.02673,0.03001,0.0421,0.04645,0.05155,0.05418,0.05523,0.05359,0.04936,0.04552,0.0337,0.0294,0.02565,0.01956,
0.01434,0.02224,0.02595,0.03116,0.05112,0.05644,0.06271,0.06589,0.06631,0.06431,0.05935,0.05451,0.0354,0.02871,0.02381,0.01504,
0.01382,0.02348,0.02833,0.03143,0.04076,0.04408,0.04816,0.05079,0.05192,0.05076,0.04752,0.04488,0.0357,0.032,0.02855,0.01696,
0.01523,0.01612,0.01373,0.01624,0.04047,0.04842,0.05711,0.06181,0.0634,0.05978,0.05344,0.0476,0.02362,0.01834,0.01699,0.01797,
0.01681,0.02631,0.03057,0.03446,0.04551,0.04933,0.054,0.05688,0.05797,0.05657,0.05278,0.04966,0.03874,0.03441,0.0305,0.02008,
0.00812,0.01882,0.02695,0.03192,0.03777,0.03992,0.04262,0.04444,0.0451,0.04383,0.04198,0.04055,0.03577,0.02987,0.02268,0.00929,
0.02325,0.01995,0.01677,0.01363,0.011,0.011,0.01108,0.01144,0.0112,0.0107,0.01066,0.01113,0.01437,0.01711,0.02015,0.02392,
0.021,0.03013,0.03561,0.04077,0.05225,0.05486,0.05733,0.05946,0.05971,0.05807,0.05552,0.05303,0.04271,0.03683,0.03222,0.02358,
0.02142,0.0253,0.02438,0.02304,0.02267,0.02296,0.02399,0.02432,0.02456,0.02398,0.02314,0.02288,0.02453,0.02615,0.02745,0.02372,
3e-05,0.00834,0.01663,0.02835,0.04083,0.04225,0.0449,0.04681,0.04733,0.04651,0.04575,0.04543,0.03595,0.023,0.0124,0.00364,
0.01457,0.02255,0.02777,0.03337,0.04849,0.05204,0.05527,0.05735,0.05721,0.05609,0.05298,0.05029,0.03655,0.03084,0.02652,0.01667,
0.00087,0.01081,0.02113,0.03739,0.0503,0.0514,0.05461,0.05718,0.05861,0.05783,0.05712,0.05822,0.05081,0.03098,0.01537,0.00516,
0.02649,0.03597,0.03796,0.04163,0.06071,0.06774,0.07436,0.07794,0.07906,0.07557,0.07036,0.06424,0.04957,0.04485,0.04195,0.0302,
0.01366,0.01916,0.02445,0.03132,0.04736,0.05164,0.0552,0.0574,0.05824,0.05679,0.05338,0.05048,0.03513,0.02771,0.02211,0.01418,
0.00148,0.01028,0.01847,0.03261,0.04656,0.04674,0.04896,0.05129,0.05257,0.05277,0.05434,0.05688,0.04406,0.02661,0.01452,0.00586,
0.02249,0.02083,0.01815,0.01544,0.01405,0.01391,0.01485,0.01475,0.01493,0.01446,0.01453,0.01409,0.01615,0.0183,0.0212,0.02361,
0.02194,0.02562,0.02729,0.02894,0.03271,0.03344,0.03479,0.03492,0.03518,0.0345,0.03356,0.03293,0.02944,0.02745,0.02556,0.02247,
0.02233,0.03184,0.0369,0.04288,0.05009,0.05175,0.05398,0.05516,0.05558,0.05513,0.05341,0.05196,0.0451,0.03868,0.03211,0.02354,
0.0178,0.02048,0.02194,0.02614,0.04042,0.04406,0.0475,0.04857,0.04848,0.04703,0.04507,0.04268,0.02873,0.02405,0.0217,0.01764,
0.01369,0.0228,0.0261,0.02915,0.0338,0.03533,0.03768,0.03898,0.04005,0.0396,0.03854,0.03725,0.03356,0.03042,0.02685,0.01753,
0.00852,0.0211,0.02655,0.03278,0.04935,0.05347,0.05813,0.06062,0.06142,0.06005,0.05638,0.05286,0.03785,0.03074,0.02465,0.0111,
0.01615,0.02224,0.02329,0.02547,0.03069,0.03185,0.03332,0.03434,0.03494,0.03428,0.03471,0.03532,0.03155,0.02908,0.02558,0.01875,
0.01826,0.02446,0.02814,0.03147,0.04321,0.04607,0.04964,0.05127,0.05212,0.05044,0.04726,0.0447,0.03329,0.02998,0.02707,0.02181,
0.01534,0.02733,0.03177,0.0345,0.03944,0.04173,0.04456,0.04653,0.04731,0.04611,0.04469,0.04382,0.04124,0.03754,0.03271,0.01784,
0.00068,0.00565,0.00918,0.02166,0.04889,0.05014,0.05002,0.05031,0.05224,0.05469,0.05798,0.05803,0.03015,0.01364,0.00397,-0.00103,
0.00625,0.01978,0.02954,0.04111,0.05142,0.0525,0.05442,0.05575,0.05782,0.0583,0.05856,0.05902,0.05169,0.03848,0.02448,0.00935,
0.01732,0.01967,0.02183,0.02613,0.03737,0.03954,0.0423,0.04388,0.04482,0.04395,0.04179,0.0399,0.02995,0.02511,0.02248,0.01947,
0.02344,0.02177,0.01972,0.01867,0.0192,0.01952,0.02026,0.02027,0.02069,0.02023,0.01944,0.01937,0.01842,0.01981,0.02149,0.02326,
0.01928,0.01284,0.0097,0.00807,0.0076,0.00785,0.00858,0.0082,0.00819,0.00835,0.00801,0.00841,0.00938,0.01064,0.01282,0.01919,
0.01406,0.0174,0.02328,0.03301,0.05258,0.05757,0.06301,0.06661,0.06722,0.06507,0.06066,0.05648,0.0383,0.02867,0.01959,0.01249,
0.01588,0.01338,0.01687,0.02419,0.04215,0.04619,0.05023,0.0523,0.05303,0.05159,0.04839,0.04469,0.02732,0.01946,0.01554,0.01617,
0.01842,0.0221,0.02517,0.02899,0.03829,0.04024,0.04253,0.04357,0.04371,0.04254,0.04053,0.03834,0.02996,0.02591,0.02298,0.01877,
0.01751,0.0182,0.02003,0.02355,0.03244,0.03466,0.03668,0.03792,0.03811,0.0374,0.03591,0.03412,0.02542,0.02152,0.01962,0.01833,
0.01164,0.02807,0.03858,0.04628,0.05203,0.05471,0.0589,0.06249,0.06345,0.06173,0.05892,0.05746,0.05353,0.04527,0.03408,0.01434,
0.00966,0.02232,0.02884,0.03315,0.04264,0.04545,0.04838,0.05,0.05051,0.0493,0.04689,0.04492,0.03715,0.03285,0.02619,0.01192,
0.01646,0.02472,0.02927,0.03503,0.05155,0.05658,0.06174,0.06496,0.06636,0.06434,0.05982,0.05532,0.03865,0.0331,0.02812,0.01904,
0.00181,0.01106,0.02343,0.03731,0.04215,0.04519,0.04952,0.05219,0.05267,0.05098,0.04841,0.04679,0.04714,0.03152,0.01663,0.00408,
0.0163,0.02123,0.02369,0.02654,0.03327,0.03542,0.03809,0.03993,0.04071,0.03954,0.03744,0.0358,0.02925,0.02656,0.02413,0.01834,
0.02361,0.03092,0.03185,0.03199,0.03313,0.03398,0.03453,0.035,0.03558,0.03505,0.03397,0.03316,0.0325,0.03251,0.03153,0.02557,
0.01287,0.01878,0.02286,0.02706,0.03436,0.03632,0.03856,0.04005,0.04017,0.03943,0.03734,0.03577,0.02886,0.02498,0.02139,0.01444,
0.01606,0.01959,0.02233,0.02595,0.03346,0.03517,0.03711,0.03847,0.03871,0.03777,0.03612,0.03454,0.02764,0.02399,0.02083,0.01674,
0.01365,0.01786,0.01883,0.02067,0.03472,0.04187,0.04993,0.05439,0.05522,0.05183,0.04425,0.03772,0.02285,0.02165,0.01986,0.01558,
0.01763,0.02185,0.02456,0.0271,0.03283,0.03423,0.03579,0.03718,0.03751,0.0366,0.03513,0.0337,0.02821,0.02584,0.02312,0.01878,
0.00767,0.02133,0.02973,0.03777,0.04458,0.04585,0.04755,0.049,0.04958,0.04939,0.04953,0.05027,0.04609,0.03703,0.02675,0.01085,
0.02244,0.02912,0.0329,0.03907,0.05406,0.05797,0.06157,0.0638,0.06452,0.0633,0.06003,0.05726,0.04358,0.03788,0.03369,0.02564,
0.01752,0.02328,0.0275,0.03279,0.04696,0.05108,0.05595,0.05894,0.06061,0.05918,0.05573,0.05227,0.03759,0.03139,0.02704,0.0207,
0.00493,0.01966,0.02941,0.03747,0.04655,0.04875,0.05136,0.05352,0.05538,0.05456,0.05332,0.05261,0.04442,0.03431,0.02464,0.0094,
0.01278,0.02212,0.02496,0.02899,0.04634,0.0503,0.05337,0.05439,0.05464,0.05379,0.05145,0.04816,0.03277,0.02854,0.02632,0.01653,
0.0152,0.02274,0.0278,0.03285,0.04621,0.04998,0.05461,0.05736,0.05809,0.05621,0.05206,0.04832,0.0354,0.03013,0.0258,0.01729,
0.02016,0.01913,0.01869,0.01846,0.0185,0.01877,0.01929,0.01969,0.01984,0.01958,0.01914,0.01849,0.01898,0.01943,0.01965,0.02056,
0.01704,0.02525,0.0279,0.03021,0.0357,0.0375,0.03957,0.04108,0.04194,0.04112,0.03962,0.03815,0.0334,0.03132,0.02835,0.02014,
0.01753,0.03689,0.04559,0.0515,0.06199,0.06697,0.07408,0.07894,0.08077,0.07797,0.0731,0.06966,0.06229,0.05596,0.04406,0.02035,
0.01707,0.02561,0.02888,0.03167,0.03777,0.03986,0.04232,0.04363,0.04433,0.04383,0.04235,0.04126,0.03754,0.03455,0.03049,0.02059,
0.01368,0.01361,0.01308,0.01341,0.01586,0.01474,0.01411,0.01514,0.0165,0.01758,0.02455,0.03332,0.03098,0.02257,0.01876,0.01612,
0.01295,0.01887,0.02467,0.0329,0.05197,0.05687,0.06187,0.0642,0.06481,0.06271,0.05862,0.05432,0.03713,0.02919,0.0235,0.01557,
0.01783,0.0254,0.02884,0.03313,0.04024,0.0419,0.04401,0.04509,0.04491,0.04428,0.04245,0.0408,0.03417,0.03065,0.02716,0.0197,
0.01882,0.02203,0.02387,0.02583,0.03199,0.03385,0.03611,0.03768,0.03811,0.03696,0.03505,0.0334,0.02748,0.02501,0.02344,0.02012,
0.01672,0.02082,0.02388,0.03011,0.05108,0.05704,0.06265,0.06574,0.06675,0.06492,0.06076,0.05617,0.03529,0.0279,0.02334,0.01936,
0.01772,0.01261,0.01259,0.02053,0.04824,0.05396,0.05891,0.06145,0.06213,0.06059,0.05688,0.05172,0.02528,0.01573,0.01321,0.01777,
0.01485,0.02011,0.02447,0.03047,0.04392,0.04728,0.05066,0.0526,0.05298,0.05192,0.04896,0.04588,0.0327,0.02672,0.02194,0.01546,
0.00076,0.00442,0.01017,0.02577,0.04855,0.04953,0.05199,0.05408,0.05506,0.05438,0.05436,0.05578,0.03656,0.01673,0.00727,0.00274,
0.02101,0.02719,0.02957,0.03103,0.03385,0.03567,0.03777,0.03907,0.03893,0.03869,0.03979,0.04084,0.0369,0.03325,0.0308,0.02393,
0.01742,0.02187,0.02641,0.03214,0.04391,0.04622,0.04831,0.04958,0.0497,0.0489,0.04676,0.04471,0.03352,0.02776,0.02295,0.01759,
0.01813,0.02813,0.03149,0.0353,0.04869,0.05309,0.0578,0.06051,0.06108,0.05901,0.05455,0.05054,0.03777,0.03463,0.03143,0.0218,
0.01763,0.02454,0.02467,0.02916,0.0514,0.05658,0.06076,0.06236,0.06256,0.06161,0.05834,0.05445,0.03424,0.02835,0.02719,0.02097,
0.01706,0.0202,0.024,0.02877,0.03947,0.04193,0.04444,0.04607,0.04637,0.04521,0.04331,0.04131,0.03221,0.02697,0.02262,0.01842,
0.00964,0.02098,0.02696,0.03188,0.04085,0.04356,0.04682,0.04908,0.05058,0.04976,0.04779,0.04621,0.03784,0.03198,0.02534,0.01247,
0.01949,0.02273,0.02505,0.02817,0.03428,0.03555,0.03701,0.03782,0.03806,0.0375,0.03622,0.03488,0.02937,0.02649,0.02411,0.02119,
0.01568,0.02541,0.02813,0.03183,0.04538,0.04881,0.05184,0.05331,0.05415,0.05329,0.051,0.04861,0.03621,0.0319,0.02888,0.01946,
0.00472,0.02055,0.03077,0.03823,0.04251,0.04395,0.04606,0.04755,0.04787,0.04756,0.04563,0.04534,0.04348,0.03586,0.02485,0.00741,
0.01001,0.02378,0.02994,0.03298,0.03979,0.04302,0.04684,0.04895,0.04951,0.04789,0.04514,0.04275,0.03615,0.03319,0.02778,0.01123,
0.02059,0.02128,0.02073,0.02049,0.02066,0.02116,0.02175,0.02207,0.02208,0.02175,0.02124,0.02084,0.02044,0.02077,0.0214,0.02049,
0.01704,0.01891,0.01882,0.02018,0.02521,0.02511,0.0245,0.02406,0.02535,0.02814,0.03348,0.03582,0.02587,0.02245,0.02085,0.01864,
0.01364,0.02938,0.03629,0.04138,0.05521,0.059,0.06232,0.06366,0.06389,0.06296,0.06062,0.05785,0.04777,0.04305,0.03646,0.01818,
0.01476,0.01677,0.01791,0.02194,0.04234,0.0488,0.05598,0.05984,0.06119,0.05832,0.05259,0.04695,0.02537,0.01966,0.01816,0.01526,
0.01612,0.02598,0.03115,0.03662,0.04746,0.05171,0.05735,0.06099,0.06208,0.0594,0.0546,0.05076,0.04037,0.03528,0.02952,0.01832,
0.02086,0.02638,0.02875,0.03132,0.03638,0.03768,0.03897,0.03962,0.03982,0.03891,0.03779,0.03682,0.03207,0.02999,0.02762,0.0222,
0.00328,0.01257,0.02329,0.03398,0.04077,0.04328,0.05047,0.05638,0.05779,0.05337,0.04752,0.04615,0.04416,0.03098,0.01831,0.00598,
0.01816,0.02612,0.02981,0.03328,0.03912,0.04051,0.04252,0.04353,0.04406,0.04327,0.0417,0.04069,0.0366,0.03338,0.02996,0.0215,
0.01164,0.02,0.02344,0.02607,0.03172,0.03382,0.03637,0.03794,0.03871,0.03759,0.03554,0.03399,0.02839,0.026,0.02256,0.01447,
0.01598,0.01907,0.0233,0.02995,0.04589,0.04915,0.05232,0.05378,0.05419,0.05313,0.05049,0.04761,0.03242,0.02519,0.02071,0.01734,
0.02008,0.0259,0.02874,0.03177,0.04012,0.0423,0.04502,0.04657,0.04751,0.04659,0.0448,0.04298,0.03506,0.03128,0.02929,0.02306,
0.01391,0.02135,0.02735,0.03298,0.04722,0.05204,0.05757,0.06041,0.06136,0.05954,0.05529,0.05138,0.03953,0.03362,0.02699,0.018,
-0.00045,0.00765,0.01548,0.02491,0.03819,0.0411,0.04482,0.04712,0.04807,0.04738,0.04564,0.04466,0.03289,0.01981,0.00947,0.002,
0.0034,0.00973,0.01618,0.02726,0.04595,0.04804,0.05002,0.05194,0.05398,0.05441,0.05454,0.05388,0.0352,0.02159,0.01218,0.00363,
0.00737,0.02187,0.03477,0.04699,0.05566,0.05549,0.05658,0.0585,0.06047,0.06069,0.06167,0.06347,0.05791,0.0441,0.02922,0.01055,
0.00296,0.0133,0.02538,0.04146,0.04836,0.05169,0.06006,0.06666,0.06886,0.06442,0.05774,0.05544,0.05137,0.03331,0.01847,0.00486,
0.01577,0.02422,0.02836,0.03171,0.03881,0.04095,0.04297,0.04456,0.04513,0.04433,0.04269,0.04123,0.03589,0.03268,0.02837,0.01851,
0.01778,0.02338,0.0281,0.03445,0.04976,0.05381,0.05853,0.06098,0.06143,0.05957,0.05556,0.05189,0.03741,0.03115,0.02656,0.01994,
0.01661,0.02216,0.02723,0.03498,0.05544,0.0604,0.0649,0.0677,0.06822,0.06654,0.06276,0.05873,0.03992,0.03088,0.02572,0.01815,
0.02074,0.02217,0.02277,0.02317,0.02417,0.02444,0.02516,0.02591,0.02554,0.02553,0.02471,0.02437,0.02361,0.02314,0.02236,0.02073,
0.01718,0.02539,0.0297,0.03596,0.05761,0.06436,0.07161,0.07571,0.07675,0.07385,0.06762,0.06171,0.04055,0.0345,0.02912,0.01966,
0.01452,0.01745,0.01915,0.02237,0.04056,0.04742,0.055,0.05961,0.06076,0.05762,0.05099,0.04484,0.02634,0.02126,0.01882,0.01486,
0.01159,0.02054,0.02506,0.02875,0.04031,0.0436,0.04743,0.04951,0.05023,0.04903,0.04611,0.04303,0.0325,0.02826,0.02435,0.01423,
0.00907,0.0208,0.02639,0.03131,0.03854,0.04079,0.044,0.04606,0.04716,0.04603,0.04414,0.04268,0.03699,0.03181,0.02588,0.01237,
0.0121,0.02604,0.03185,0.03607,0.04793,0.05194,0.0557,0.0577,0.0582,0.05709,0.05457,0.05181,0.04143,0.03684,0.0314,0.01589,
0.01932,0.02327,0.02517,0.02581,0.02721,0.02776,0.0284,0.02874,0.02908,0.02863,0.02845,0.02837,0.0278,0.02756,0.02622,0.02232,
0.02172,0.02503,0.02679,0.02892,0.03521,0.0368,0.03836,0.03961,0.03948,0.03876,0.03735,0.03623,0.0316,0.02929,0.02754,0.0245,
0.01668,0.02544,0.03023,0.03408,0.04716,0.05263,0.05888,0.06283,0.06389,0.06089,0.05505,0.04998,0.03779,0.03393,0.02881,0.01923,
0.01348,0.02122,0.02529,0.03219,0.05445,0.05937,0.06397,0.06624,0.06711,0.06571,0.06247,0.05829,0.03828,0.02939,0.02428,0.01564,
0.00832,0.01764,0.0252,0.03204,0.04365,0.04733,0.05167,0.05377,0.05454,0.05361,0.05111,0.04854,0.03804,0.03009,0.02173,0.01174,
0.0209,0.01989,0.01861,0.01781,0.01779,0.01824,0.01867,0.01909,0.01921,0.01884,0.01836,0.01802,0.01822,0.01922,0.02051,0.02236,
0.0185,0.02671,0.02906,0.03241,0.04593,0.0496,0.05266,0.05418,0.0546,0.05359,0.05089,0.04843,0.03645,0.03326,0.03022,0.02112,
0.01971,0.02903,0.03372,0.03861,0.04876,0.05127,0.05424,0.05588,0.05638,0.05493,0.0523,0.0498,0.04075,0.0355,0.03099,0.02089,
0.01976,0.02152,0.02223,0.02355,0.02821,0.02994,0.03206,0.03362,0.034,0.03288,0.03089,0.02943,0.02533,0.02399,0.02351,0.0216,
0.019,0.03038,0.03548,0.03889,0.04332,0.04517,0.04776,0.0497,0.0507,0.05018,0.04889,0.04755,0.04332,0.04016,0.03522,0.02201,
0.01654,0.02583,0.02899,0.03174,0.03965,0.04207,0.04475,0.04657,0.04704,0.04585,0.04377,0.04186,0.03502,0.0324,0.02943,0.02024,
0.01921,0.02397,0.02606,0.02792,0.03133,0.03236,0.03344,0.03397,0.03439,0.03374,0.03277,0.03204,0.02872,0.02699,0.02547,0.02137,
0.02039,0.01787,0.01649,0.01536,0.0142,0.0143,0.01483,0.01507,0.01514,0.01498,0.01466,0.0143,0.01568,0.01651,0.01788,0.02109,
0.01981,0.02521,0.02684,0.02784,0.02852,0.02921,0.03006,0.03071,0.03069,0.03074,0.02985,0.02931,0.02912,0.02853,0.02745,0.02249,
0.02271,0.02581,0.02605,0.02637,0.02718,0.02798,0.02867,0.02899,0.02936,0.02883,0.02808,0.02759,0.02701,0.02722,0.02728,0.02536,
0.00745,0.02083,0.02869,0.03571,0.04686,0.05033,0.05417,0.05656,0.05738,0.05571,0.05272,0.04991,0.04083,0.03419,0.02488,0.00971,
0.01241,0.02424,0.03016,0.03562,0.05114,0.05851,0.06731,0.07211,0.07317,0.06988,0.06292,0.0568,0.04311,0.03622,0.02943,0.0169,
0.01954,0.02244,0.02206,0.02083,0.02036,0.02119,0.02169,0.02209,0.02202,0.02173,0.02119,0.02085,0.02166,0.02282,0.0237,0.02163,
0.01346,0.0245,0.02974,0.03348,0.03983,0.04179,0.04391,0.04493,0.04557,0.04503,0.04395,0.04292,0.03887,0.03484,0.0296,0.0169,
0.01148,0.01114,0.01102,0.01054,0.01405,0.01929,0.0182,0.02036,0.01858,0.01301,0.0107,0.01444,0.02296,0.01702,0.0156,0.01601,
0.00309,0.01051,0.02174,0.04055,0.05526,0.05363,0.05466,0.05605,0.05639,0.05667,0.05903,0.06362,0.05339,0.02989,0.01432,0.00333,
0.01514,0.01514,0.01813,0.0238,0.0441,0.04955,0.05539,0.05848,0.05936,0.05735,0.05216,0.04718,0.02644,0.01948,0.01683,0.01622,
0.01538,0.02317,0.02889,0.0356,0.04891,0.05255,0.05585,0.0581,0.05899,0.05778,0.0548,0.05201,0.03945,0.03289,0.02701,0.01832,
0.00586,0.01861,0.02773,0.03511,0.04015,0.04246,0.04578,0.0472,0.04786,0.0462,0.04388,0.04228,0.03844,0.03216,0.02253,0.00806,
0.01518,0.02247,0.02554,0.02922,0.03637,0.03851,0.04059,0.0421,0.04255,0.04179,0.04024,0.03883,0.03312,0.02966,0.02625,0.01913,
0.01446,0.01902,0.02122,0.02449,0.03173,0.0341,0.0368,0.0386,0.03975,0.03886,0.03704,0.03522,0.02808,0.02481,0.02281,0.01713,
0.0189,0.02555,0.02801,0.03067,0.0357,0.03715,0.03879,0.0394,0.03944,0.0388,0.03748,0.03643,0.03189,0.02957,0.02693,0.02061,
0.01924,0.02382,0.02622,0.03039,0.03954,0.04135,0.04302,0.04408,0.0439,0.04356,0.04228,0.04036,0.03235,0.02807,0.02531,0.02128,
0.01494,0.02318,0.02744,0.03254,0.04657,0.05014,0.05438,0.0571,0.05847,0.05721,0.05465,0.05144,0.03806,0.03188,0.02731,0.01865,
0.01307,0.02433,0.02978,0.03442,0.0428,0.04534,0.04769,0.04938,0.04972,0.04906,0.04699,0.04524,0.03795,0.03383,0.02826,0.01467,
0.01714,0.02801,0.03329,0.03876,0.05133,0.05461,0.05837,0.06051,0.06127,0.05958,0.05607,0.05278,0.04146,0.03607,0.03078,0.0196,
0.01408,0.02391,0.03253,0.03759,0.05189,0.05897,0.0674,0.07207,0.07318,0.06924,0.06151,0.05472,0.04147,0.03569,0.02857,0.01526,
0.01879,0.02796,0.03152,0.03767,0.05199,0.05491,0.05756,0.05911,0.06,0.05895,0.05736,0.05497,0.04308,0.0371,0.03297,0.02353,
0.01122,0.02545,0.03074,0.03406,0.04399,0.0482,0.05236,0.05517,0.0558,0.05408,0.05039,0.04724,0.03745,0.03399,0.02822,0.0141,
0.01773,0.02245,0.02507,0.02939,0.04086,0.04415,0.04771,0.04951,0.05035,0.04901,0.04652,0.04402,0.03269,0.02787,0.02477,0.02069,
0.01566,0.02437,0.02996,0.03623,0.04721,0.04984,0.05241,0.05389,0.05447,0.05346,0.05116,0.04954,0.03932,0.03321,0.02745,0.01909,
0.01644,0.02234,0.0251,0.02841,0.035,0.03663,0.03876,0.03981,0.04045,0.03916,0.03788,0.03598,0.02946,0.02625,0.02387,0.0175,
0.02154,0.03599,0.04312,0.04894,0.06857,0.07329,0.07705,0.07871,0.07867,0.07757,0.07441,0.07048,0.05348,0.04628,0.04016,0.0229,
0.00744,0.02193,0.03496,0.04632,0.05257,0.05507,0.05909,0.0606,0.06093,0.06047,0.05998,0.05983,0.05702,0.0444,0.02924,0.01025,
0.00587,0.01914,0.03093,0.04215,0.04925,0.04881,0.04924,0.05085,0.05179,0.05145,0.05316,0.05555,0.05262,0.04033,0.02609,0.00772,
0.02216,0.02295,0.02375,0.02516,0.02741,0.02794,0.02877,0.02956,0.02949,0.02901,0.0282,0.02752,0.0252,0.02398,0.02339,0.02286,
0.02031,0.0229,0.02175,0.02301,0.0459,0.05208,0.0571,0.05877,0.05922,0.05826,0.05448,0.04916,0.02687,0.02486,0.02543,0.02303,
0.00522,0.02094,0.03248,0.04104,0.04274,0.04734,0.05401,0.0574,0.05833,0.05586,0.05117,0.04852,0.0507,0.04183,0.02817,0.00818,
0.0177,0.0202,0.02216,0.02513,0.0319,0.03358,0.03592,0.03726,0.03791,0.03735,0.03598,0.03468,0.02818,0.02507,0.02232,0.01881,
0.01311,0.01707,0.02041,0.02603,0.04384,0.04936,0.05517,0.05872,0.05924,0.0565,0.05111,0.04587,0.02776,0.02229,0.01906,0.0144,
0.01893,0.01879,0.01783,0.01744,0.01864,0.01955,0.02061,0.02126,0.02165,0.02106,0.01983,0.01907,0.01835,0.01911,0.02002,0.02091,
0.01703,0.0216,0.0231,0.02567,0.0456,0.05269,0.05956,0.0629,0.06342,0.06114,0.05549,0.04941,0.03001,0.02605,0.02432,0.01972,
0.01908,0.02482,0.0271,0.02984,0.03438,0.03552,0.03712,0.03793,0.03799,0.03768,0.03619,0.03513,0.03106,0.02929,0.0272,0.02131,
0.01612,0.02319,0.02755,0.03467,0.05423,0.0594,0.06526,0.06859,0.07025,0.06847,0.06455,0.06002,0.0404,0.03291,0.02745,0.01909,
0.00313,0.01199,0.02456,0.04073,0.05148,0.05276,0.05584,0.05788,0.05848,0.05745,0.05605,0.05537,0.04944,0.03232,0.01658,0.00441,
0.01703,0.01783,0.01891,0.02347,0.04438,0.04946,0.05345,0.0551,0.05552,0.0546,0.05147,0.04749,0.02708,0.02181,0.01909,0.01854,
0.01074,0.02234,0.03153,0.0404,0.04803,0.04925,0.05262,0.05568,0.05756,0.05679,0.05646,0.05659,0.04971,0.03907,0.02882,0.01384,
0.015,0.02358,0.02687,0.03087,0.04642,0.05109,0.05563,0.05793,0.0585,0.05666,0.05279,0.04907,0.03379,0.02918,0.02521,0.01676,
0.01684,0.02335,0.02738,0.03325,0.04875,0.05161,0.05455,0.05595,0.05629,0.05548,0.05286,0.05011,0.03621,0.02937,0.02549,0.0193,
0.02033,0.02399,0.0237,0.02348,0.02394,0.02446,0.02563,0.02604,0.02623,0.02574,0.02498,0.02426,0.02401,0.02454,0.02483,0.02191,
0.02026,0.017,0.01608,0.01624,0.01751,0.01825,0.01951,0.02077,0.02059,0.01951,0.01834,0.01775,0.01698,0.0166,0.01764,0.02017,
0.01883,0.02628,0.02988,0.03357,0.04464,0.04833,0.05334,0.05573,0.05664,0.05505,0.05133,0.04802,0.03746,0.03367,0.03057,0.02171,
0.01,0.02239,0.02766,0.03212,0.03465,0.03479,0.03561,0.03639,0.03725,0.03708,0.03747,0.03766,0.03733,0.03362,0.02744,0.01326,
0.01484,0.00945,0.0103,0.01349,0.03564,0.04127,0.04589,0.0479,0.04828,0.04734,0.04408,0.04039,0.0209,0.01354,0.01198,0.01588,
0.01054,0.02888,0.03744,0.04159,0.05112,0.05787,0.06658,0.07203,0.07267,0.06858,0.06161,0.05532,0.04762,0.04301,0.0351,0.0143,
0.00746,0.01753,0.02313,0.02833,0.03715,0.03967,0.04291,0.04498,0.04593,0.04491,0.04339,0.04162,0.03463,0.02887,0.02187,0.01037,
0.01765,0.02514,0.02915,0.03371,0.04277,0.04535,0.04796,0.05007,0.05023,0.04902,0.04655,0.04454,0.03631,0.03241,0.02805,0.01937,
0.01611,0.02529,0.02971,0.03457,0.04333,0.04529,0.04746,0.04882,0.04934,0.04856,0.04649,0.04492,0.038,0.03361,0.02873,0.0195,
0.01232,0.01925,0.02359,0.02868,0.04304,0.04755,0.05242,0.05566,0.0562,0.05402,0.04974,0.04546,0.03109,0.0254,0.02094,0.01338,
0.01839,0.02297,0.02494,0.02715,0.03268,0.03456,0.03693,0.03792,0.0385,0.03747,0.03606,0.03417,0.02901,0.02663,0.02494,0.02023,
0.01913,0.02375,0.02686,0.03075,0.03819,0.03986,0.04183,0.04308,0.0436,0.04298,0.04148,0.04008,0.03363,0.02941,0.02582,0.02087,
0.01931,0.0231,0.02177,0.02275,0.0434,0.04945,0.05481,0.05779,0.05812,0.05669,0.0522,0.04763,0.02859,0.02579,0.02618,0.02318,
0.01785,0.02452,0.02636,0.02715,0.02952,0.03089,0.03206,0.03308,0.03305,0.0325,0.03128,0.03083,0.03018,0.02989,0.02812,0.021,
0.02346,0.02848,0.03011,0.03156,0.03499,0.03631,0.03742,0.0381,0.03841,0.03759,0.03671,0.03574,0.03263,0.03084,0.02972,0.02456,
0.01171,0.02625,0.03163,0.03645,0.04428,0.04692,0.05005,0.05226,0.05298,0.05165,0.04948,0.04734,0.04228,0.03893,0.03215,0.01549,
0.01633,0.02204,0.02466,0.02712,0.0341,0.03592,0.03807,0.03929,0.0397,0.03891,0.03748,0.03621,0.03086,0.02868,0.02593,0.01982,
0.00906,0.02293,0.03082,0.03669,0.04575,0.04787,0.05049,0.05165,0.05275,0.05207,0.05038,0.0485,0.04166,0.03542,0.02668,0.01048,
0.0038,0.00811,0.01318,0.02425,0.0472,0.04742,0.04751,0.04902,0.05158,0.05243,0.05509,0.05618,0.03213,0.01767,0.01021,0.00374,
0.00968,0.0216,0.02927,0.03652,0.04596,0.0485,0.05175,0.05341,0.05456,0.05377,0.05256,0.05172,0.04365,0.03554,0.02611,0.0118,
0.00359,0.01006,0.02141,0.03819,0.06223,0.06419,0.06595,0.06754,0.07106,0.07305,0.07449,0.07433,0.04999,0.02914,0.01354,0.00323,
0.01637,0.02088,0.02377,0.02764,0.03746,0.04036,0.04357,0.04567,0.04654,0.04524,0.04258,0.03997,0.03041,0.02659,0.02366,0.01886,
0.01445,0.02559,0.02968,0.03337,0.0391,0.04072,0.04355,0.04522,0.04605,0.0451,0.04292,0.04098,0.03602,0.0328,0.02871,0.01621,
0.01486,0.02445,0.02777,0.03026,0.03457,0.03581,0.03738,0.03832,0.0385,0.03777,0.0367,0.03541,0.03234,0.03028,0.02736,0.01776,
0.01614,0.02246,0.02584,0.02968,0.0391,0.04144,0.04396,0.04501,0.04541,0.04456,0.04272,0.04086,0.03172,0.02738,0.02395,0.01767,
0.01936,0.02051,0.02068,0.02292,0.03546,0.0389,0.04118,0.04204,0.04218,0.04146,0.03958,0.03743,0.02533,0.02168,0.02182,0.02115,
0.01871,0.02376,0.02666,0.03039,0.04162,0.04507,0.0489,0.05116,0.05182,0.05032,0.04724,0.04428,0.03351,0.02929,0.02602,0.02088,
0.02083,0.02861,0.03224,0.03569,0.0432,0.04527,0.04824,0.05002,0.05101,0.04928,0.04668,0.04461,0.03738,0.03416,0.03077,0.02242,
0.0161,0.02085,0.02429,0.02981,0.04351,0.0469,0.05044,0.05234,0.05327,0.05222,0.04956,0.04676,0.03375,0.02809,0.02437,0.01867,
0.00285,0.00998,0.0195,0.03223,0.04768,0.05095,0.05644,0.06018,0.06122,0.05892,0.05569,0.05413,0.04201,0.02727,0.01474,0.00307,
0.0185,0.02284,0.02518,0.02829,0.03654,0.03855,0.04097,0.04222,0.04244,0.04173,0.03993,0.03855,0.03139,0.02779,0.02533,0.02098,
0.00519,0.01562,0.02315,0.03122,0.04173,0.04315,0.04517,0.04696,0.04919,0.04955,0.04942,0.04911,0.03894,0.02958,0.02077,0.00725,
0.01408,0.02241,0.02934,0.03628,0.05141,0.0547,0.05803,0.05942,0.06003,0.05923,0.05663,0.05418,0.04123,0.03453,0.02837,0.01908,
0.01646,0.02522,0.02922,0.03485,0.04741,0.05031,0.05306,0.05424,0.05457,0.05357,0.051,0.04846,0.03706,0.03194,0.02766,0.01984,
0.0031,0.01165,0.02372,0.03769,0.04884,0.05095,0.05483,0.05729,0.05842,0.05741,0.05561,0.05516,0.04639,0.03049,0.01576,0.00352,
0.00293,0.0039,0.01084,0.02522,0.04984,0.05191,0.05404,0.0566,0.05896,0.05893,0.05907,0.05907,0.03473,0.01622,0.00648,0.00184,
0.01056,0.02129,0.02545,0.02787,0.03413,0.03608,0.03807,0.03918,0.03976,0.03894,0.03716,0.03551,0.03084,0.02852,0.02502,0.01331,
0.01513,0.02227,0.02572,0.02845,0.03337,0.03513,0.03702,0.03806,0.03863,0.03769,0.03609,0.0348,0.03006,0.02778,0.025,0.01695,
0.02154,0.02126,0.02044,0.01984,0.02075,0.02158,0.02249,0.02281,0.02326,0.02283,0.02211,0.0214,0.02071,0.02126,0.02226,0.02255,
0.02086,0.02445,0.02621,0.02811,0.03276,0.03413,0.03554,0.03622,0.03652,0.036,0.03519,0.03418,0.03043,0.02829,0.02669,0.02381,
0.00762,0.01543,0.02494,0.03736,0.04797,0.05068,0.05519,0.05869,0.06032,0.05814,0.05603,0.0552,0.0476,0.03404,0.02227,0.00853,
0.01657,0.02606,0.03104,0.03519,0.04356,0.04619,0.04933,0.05242,0.05594,0.05651,0.05547,0.05343,0.04222,0.0357,0.03054,0.02067,
0.01764,0.02324,0.02541,0.02857,0.03989,0.0431,0.0463,0.04789,0.04823,0.04711,0.04463,0.04161,0.03032,0.02653,0.02417,0.01854,
0.00201,0.00979,0.02024,0.03047,0.03782,0.03825,0.03924,0.03993,0.04029,0.04027,0.04093,0.0422,0.03804,0.02676,0.01506,0.00296,
0.01235,0.02641,0.03268,0.03626,0.03973,0.04084,0.04227,0.04301,0.04333,0.04329,0.04257,0.04251,0.04111,0.03756,0.03179,0.01604,
0.01971,0.02517,0.02819,0.03166,0.03861,0.04033,0.0422,0.04338,0.04343,0.04244,0.04077,0.03929,0.03286,0.0296,0.02655,0.02132,
0.01282,0.02652,0.03313,0.03853,0.04316,0.04392,0.04562,0.04685,0.04759,0.04707,0.04649,0.04642,0.04385,0.0381,0.03118,0.01572,
0.00626,0.01764,0.02645,0.03393,0.04313,0.04511,0.04794,0.0497,0.05084,0.04993,0.04836,0.04679,0.03921,0.0309,0.02158,0.00709,
0.0165,0.02113,0.02212,0.02241,0.02251,0.02301,0.02358,0.02403,0.02412,0.02387,0.0235,0.02317,0.02317,0.0236,0.02242,0.01839,
0.01542,0.02894,0.03426,0.03786,0.04837,0.05221,0.0563,0.05826,0.05881,0.05727,0.05439,0.05114,0.04173,0.03876,0.03402,0.01803,
0.0195,0.02624,0.02704,0.02793,0.03057,0.03152,0.03234,0.03303,0.03321,0.03267,0.03187,0.03128,0.02986,0.02945,0.02906,0.02339,
0.01921,0.02386,0.02623,0.02942,0.03767,0.03967,0.04152,0.04219,0.0424,0.04176,0.04018,0.03844,0.03049,0.02775,0.02501,0.02071,
0.01824,0.02121,0.0247,0.02777,0.04222,0.04657,0.0509,0.05348,0.05375,0.05234,0.04859,0.0449,0.03192,0.02815,0.02538,0.01981,
0.01036,0.01765,0.02069,0.02393,0.033,0.03555,0.0381,0.0398,0.0402,0.03865,0.03624,0.03436,0.02533,0.02157,0.01868,0.01234,
0.02152,0.02599,0.02723,0.02789,0.03023,0.03067,0.03215,0.03299,0.03324,0.03256,0.03183,0.03101,0.02908,0.02888,0.02753,0.02368,
0.01731,0.02412,0.02914,0.03715,0.05417,0.05712,0.05963,0.06116,0.06109,0.06022,0.05837,0.05597,0.04118,0.0331,0.02746,0.0183,
0.01359,0.02081,0.02508,0.03099,0.04518,0.04891,0.05286,0.05521,0.05616,0.05507,0.05215,0.04907,0.03535,0.02974,0.02502,0.01741,
0.02119,0.02762,0.03185,0.03467,0.04047,0.04237,0.04434,0.0455,0.04643,0.04543,0.04393,0.04251,0.03795,0.03537,0.03169,0.02416,
0.02028,0.03139,0.0359,0.03883,0.04433,0.04635,0.04919,0.05096,0.05175,0.05073,0.04903,0.04762,0.04266,0.03956,0.03517,0.02332,
0.01584,0.02289,0.0256,0.03096,0.05686,0.06345,0.069,0.07154,0.07211,0.07051,0.06622,0.06087,0.03603,0.02981,0.02618,0.0201,
0.01743,0.0197,0.02156,0.02612,0.04236,0.04684,0.05128,0.05367,0.05488,0.05371,0.05059,0.04708,0.03017,0.02457,0.02225,0.01962,
0.01871,0.01937,0.0191,0.01883,0.02044,0.02117,0.02201,0.02251,0.02278,0.02223,0.02211,0.02197,0.02321,0.0235,0.02337,0.02225,
0.00543,0.02403,0.0338,0.0408,0.04344,0.04651,0.04966,0.05081,0.05073,0.05048,0.04844,0.0467,0.04792,0.04254,0.02943,0.00834,
0.01501,0.02391,0.02843,0.03357,0.04145,0.04364,0.04549,0.0472,0.04743,0.04661,0.04495,0.04357,0.03746,0.03308,0.02804,0.01866,
0.01615,0.02605,0.03079,0.03549,0.04649,0.04935,0.05218,0.05381,0.05407,0.05291,0.05045,0.04784,0.038,0.03297,0.02833,0.01832,
0.00495,0.02344,0.03424,0.04184,0.04506,0.04869,0.05489,0.05821,0.05889,0.05675,0.0525,0.04995,0.04989,0.04197,0.02944,0.009,
0.00804,0.02136,0.03138,0.04185,0.05641,0.06084,0.06557,0.06811,0.06964,0.06824,0.06577,0.0628,0.05029,0.04,0.02817,0.01036,
0.0196,0.02414,0.02635,0.03148,0.0473,0.05131,0.05495,0.05674,0.05739,0.05598,0.05318,0.05031,0.03533,0.02992,0.02669,0.02145,
0.01178,0.02373,0.02885,0.03276,0.04566,0.05039,0.05517,0.0579,0.05867,0.05689,0.05327,0.04985,0.03827,0.03384,0.02822,0.01477,
0.01997,0.02469,0.02708,0.02941,0.03424,0.03562,0.03739,0.03837,0.03854,0.03781,0.03622,0.03491,0.03038,0.02792,0.02577,0.02132,
0.01838,0.02454,0.0281,0.03305,0.05506,0.06134,0.06727,0.0703,0.07098,0.0685,0.06311,0.05787,0.03781,0.03155,0.02746,0.0204,
0.01106,0.02343,0.02832,0.03284,0.04235,0.04507,0.04789,0.04989,0.0504,0.0489,0.04604,0.04362,0.0354,0.03145,0.02666,0.01331,
0.01793,0.02327,0.02529,0.02661,0.02845,0.02903,0.03003,0.03054,0.0311,0.03092,0.03072,0.0307,0.03047,0.02917,0.02723,0.02153,
0.02012,0.02484,0.02731,0.03033,0.03844,0.04056,0.04353,0.04493,0.04529,0.0442,0.0419,0.03977,0.03176,0.02863,0.02636,0.02153,
0.0048,0.01439,0.02218,0.02913,0.0365,0.03842,0.04118,0.04322,0.04401,0.04301,0.04112,0.03997,0.03358,0.02674,0.01889,0.0074,
0.01491,0.02721,0.03268,0.03774,0.04772,0.05091,0.0546,0.0569,0.05805,0.05707,0.05455,0.05223,0.04334,0.03792,0.03172,0.01831,
0.02043,0.02658,0.02832,0.02995,0.03333,0.03401,0.03505,0.03575,0.03593,0.0353,0.0344,0.03355,0.03064,0.02907,0.02735,0.0214,
0.01119,0.0227,0.02732,0.03114,0.04244,0.0462,0.05008,0.05177,0.05213,0.05101,0.04798,0.04518,0.03564,0.03178,0.02686,0.01434,
0.01335,0.02646,0.03163,0.03621,0.04072,0.04215,0.04402,0.04526,0.04552,0.04501,0.04403,0.04331,0.04074,0.0367,0.03126,0.01693,
0.01734,0.02356,0.02551,0.02739,0.03015,0.03122,0.03238,0.03329,0.03329,0.0332,0.03189,0.03108,0.02901,0.02765,0.02597,0.02048,
0.01454,0.02303,0.02565,0.02759,0.04219,0.04705,0.05189,0.05418,0.05451,0.05293,0.04893,0.0444,0.03007,0.02798,0.02547,0.0168,
0.02085,0.0236,0.02533,0.02685,0.03013,0.03097,0.03265,0.03331,0.03326,0.03322,0.03208,0.03135,0.02833,0.02626,0.02483,0.02232,
0.01633,0.02266,0.02706,0.03371,0.04999,0.05331,0.05636,0.05803,0.0584,0.05706,0.05449,0.05164,0.03625,0.02929,0.02461,0.01761,
0.00965,0.02486,0.03576,0.045,0.05604,0.05888,0.06308,0.06628,0.06767,0.06601,0.06372,0.06241,0.05524,0.04493,0.03318,0.01275,
0.0204,0.02813,0.03059,0.03185,0.03513,0.03674,0.03785,0.03882,0.03922,0.03836,0.03707,0.0366,0.03344,0.03208,0.03044,0.02249,
0.01575,0.01805,0.02142,0.02613,0.03973,0.04257,0.04579,0.04709,0.04782,0.04633,0.04402,0.04146,0.02903,0.0237,0.01938,0.01662,
-0.00182,0.0082,0.01944,0.04127,0.05894,0.0563,0.05686,0.06009,0.06218,0.06137,0.06418,0.0687,0.05396,0.02814,0.0119,0.00093,
0.02229,0.02464,0.02496,0.02526,0.02655,0.02687,0.02757,0.02793,0.02818,0.02755,0.02711,0.02624,0.02568,0.02548,0.02521,0.02307,
0.0194,0.02726,0.03304,0.04023,0.0537,0.05621,0.05841,0.05986,0.06011,0.05921,0.05733,0.05505,0.04255,0.03607,0.03062,0.02166,
0.01948,0.0278,0.0308,0.03594,0.0507,0.05458,0.05758,0.05932,0.05972,0.05928,0.05691,0.05404,0.04141,0.03665,0.03193,0.02195,
0.01879,0.02414,0.02733,0.03124,0.03984,0.0423,0.04528,0.0472,0.04799,0.04662,0.04454,0.04228,0.03397,0.03036,0.02693,0.02164,
0.01216,0.02175,0.02577,0.02941,0.03662,0.03851,0.04087,0.04204,0.04253,0.04163,0.03993,0.03844,0.03313,0.03013,0.02609,0.0152,
0.01802,0.0214,0.02395,0.02942,0.05354,0.06052,0.06806,0.07276,0.07405,0.07048,0.06354,0.05688,0.03274,0.02617,0.02222,0.01924,
0.01627,0.02485,0.02644,0.02687,0.0278,0.02852,0.02945,0.02997,0.03004,0.02982,0.02895,0.02861,0.02881,0.02847,0.0265,0.01881,
0.01811,0.02687,0.03152,0.03783,0.0516,0.05478,0.05732,0.0589,0.05892,0.05791,0.05558,0.053,0.03993,0.03344,0.02812,0.01949,
0.01654,0.02168,0.02509,0.02944,0.04244,0.04654,0.05119,0.05366,0.05483,0.05294,0.04912,0.04539,0.03264,0.02786,0.02405,0.01829,
0.01037,0.02335,0.03263,0.03946,0.05136,0.05849,0.06786,0.07324,0.07441,0.07059,0.06341,0.05761,0.04635,0.03982,0.02892,0.01266,
0.01645,0.02168,0.02463,0.0268,0.03213,0.03413,0.03706,0.03871,0.03955,0.03856,0.03657,0.03448,0.02939,0.02737,0.02525,0.01962,
0.01965,0.0194,0.01858,0.01746,0.01779,0.01825,0.01901,0.01931,0.01942,0.01954,0.01881,0.01863,0.01836,0.01898,0.01971,0.0206,
0.00897,0.019,0.0253,0.03135,0.03731,0.03907,0.04135,0.04284,0.04323,0.04279,0.04168,0.04114,0.03824,0.03274,0.02532,0.0125,
0.00557,0.01568,0.02455,0.03486,0.04598,0.04921,0.05434,0.05792,0.05919,0.05715,0.05416,0.05214,0.04351,0.03241,0.02113,0.00815,
0.02032,0.02458,0.02803,0.03186,0.05425,0.06177,0.06998,0.07414,0.07519,0.07202,0.06535,0.05908,0.03841,0.03192,0.02828,0.02204,
0.01457,0.01926,0.02188,0.02666,0.03869,0.04104,0.04345,0.04426,0.04459,0.04376,0.04201,0.03983,0.02891,0.02451,0.02129,0.01616,
0.02366,0.02384,0.02245,0.02073,0.02081,0.02107,0.02138,0.02214,0.02212,0.02204,0.02163,0.02095,0.02127,0.02288,0.02491,0.0257,
0.02994,0.03567,0.03569,0.03491,0.03696,0.03775,0.03884,0.04016,0.03951,0.03957,0.0376,0.0376,0.03623,0.03721,0.03718,0.03235,
0.03187,0.03799,0.03814,0.03784,0.03954,0.03988,0.04128,0.04221,0.04196,0.041,0.04001,0.03972,0.03816,0.03827,0.03782,0.03369,
0.01242,0.02329,0.03006,0.03972,0.05874,0.0627,0.06624,0.06804,0.06885,0.0676,0.06437,0.06153,0.04495,0.03524,0.02728,0.01561,
0.0231,0.02401,0.02369,0.02358,0.02399,0.02473,0.02579,0.0258,0.02581,0.02604,0.02495,0.02487,0.02394,0.02317,0.02325,0.0225,
0.01809,0.02648,0.03179,0.03745,0.05052,0.05376,0.05704,0.05926,0.05975,0.05827,0.05555,0.05234,0.04009,0.03369,0.02835,0.01977,
0.00582,0.01951,0.03248,0.04325,0.05275,0.05292,0.05349,0.05465,0.05463,0.05454,0.05466,0.05576,0.05054,0.0378,0.02438,0.00852,
0.01401,0.02569,0.03031,0.03661,0.05184,0.0561,0.05997,0.06164,0.06221,0.06072,0.0575,0.05414,0.03999,0.03545,0.02995,0.01861,
