0.008570905429618025,0.02203242222471719,0.03613840395519383,0.0504393339195989,0.06406422047516004,0.07543011559536604,0.08712330018982438,
0.010945032070436407,0.02564397105996673,0.04055302924871019,0.054398629685860386,0.06732027679833165,0.08010270152814324,0.09278449655567186,
0.007814732722465828,0.017847161512049476,0.026138054061065567,0.03396944158604484,0.0426459175634455,0.05308139010267316,0.06284687003636964,
0.0004103432105226649,-2.1541220279595548e-05,0.00027471163463555897,0.00020113920686820475,-0.0027017319340488237,-0.004360879174458042,-0.027350037942715535,
0.007642321988882595,0.017997408696581237,0.0271937674971254,0.03539023076079816,0.044317580481521894,0.05543180565316216,0.06473678458457238,
0.008231663108217956,0.01897229064632038,0.028598593232264196,0.03857621854358186,0.046093897024267166,0.055510383962790975,0.06542670075100225,
0.009111044236175479,0.02571715532611708,0.041972046328765195,0.05749764123152002,0.0744512935883097,0.09539766448201875,0.11789199936894333,
0.006411599946839038,0.013559359513175571,0.020014545602386347,0.024865960819016934,0.03263061765605298,0.04007879343350675,0.04851364967603848,
0.008948758621805773,0.02319148869839482,0.03659340524331209,0.04987624922693976,0.06282380979016632,0.0754021997746941,0.08805261522615092,
0.004995556710004442,0.008646453314279967,0.01120272476377668,0.013369706436146584,0.019189269349646314,0.027470500103975955,0.032752422289850945,
0.00702705237227853,0.015079652739658021,0.02170317346809947,0.027199145930247845,0.03143469099262664,0.03702104016991515,0.04389210451467787,
0.008588997477285731,0.02127447269049608,0.032952619990146335,0.044708323239728294,0.05663357047600336,0.06922905379137399,0.08187218980025796,
0.0061587819506141415,0.015119752388789359,0.023900579644690237,0.032102237410302124,0.04017610385708404,0.05128264220542623,0.06334118564901581,
0.006507880903722563,0.016383412072701335,0.027626160916883084,0.038747123446752775,0.0481028801153398,0.05600958015720949,0.06907367462877925,
0.00753723655673725,0.01838238146273024,0.027419287144799884,0.034565210271247385,0.0413537224641839,0.047517290339759745,0.05400752004294739,
0.00891911303372194,0.01991922073910052,0.030168001707634225,0.04088034851924415,0.04966412156817599,0.06002428324701723,0.06742788963938999,
0.0077657454555086014,0.0181028877472551,0.029468521419062674,0.04024448615155951,0.04928688981767207,0.05845685122186855,0.06716915104334654,
0.004986456510291614,0.01199354908775842,0.018757877791687087,0.024460161355451773,0.03023020749574053,0.03563556986218407,0.04181590262466636,
0.005926426490184417,0.016220725859140847,0.026720109271466782,0.03872740592811707,0.05503364868461703,0.07747888210971877,0.08946970140624087,
0.004787395938421867,0.011328783676527428,0.016822311737146198,0.02378462944705954,0.027517857735650034,0.04100054673216788,0.042710811049110654,
0.006811863710431673,0.017625034864234012,0.029194953289020265,0.039689932736290984,0.04992286069367501,0.05931289669096353,0.06960091901355119,
0.010066782492369917,0.025533834430540296,0.03907107920263486,0.05185261661385568,0.06525660741777156,0.07733171740410687,0.09041821793013484,
0.0006442204233155917,0.000884016358639994,0.001013645742071843,0.0009726750430818926,0.004360422488617345,-0.0014790309995094421,0.0023460721504247107,
0.0053937320793354246,0.00978270888073049,0.013889292768789694,0.01779240965564745,0.019346529027225886,0.02176505663116784,0.027507567168709435,
0.007698517713585308,0.01803498325851988,0.02750071899117139,0.03640861788755923,0.043823206638394924,0.05192100584957524,0.06076379858735243,
0.0075364402423736855,0.018163321865925,0.02881671214984781,0.0383840931408298,0.04590391091238464,0.05746050660995569,0.06777226092615178,
0.005771461651917122,0.016747837219453336,0.029813751215718397,0.044639832624713244,0.05783835578262852,0.07994508540973748,0.0870224347738474,
0.00602176640597078,0.015523765896981586,0.02489689776838057,0.03389621984976068,0.0427394763691518,0.05067232808484389,0.0599841914983416,
0.008119728994042043,0.02087556825992999,0.03265236954359985,0.04431949264349299,0.054790288384345666,0.0676467578211415,0.07883240505494556,
0.01087421514089035,0.026279220617449365,0.04153692900584271,0.0554452122319423,0.06803666838173504,0.08277989212152391,0.0948207251327496,
0.006283944909967463,0.01544284614147727,0.02299660120803201,0.03162066684602538,0.03782385550624803,0.0462990266273614,0.05403041161571629,
0.006389555016186442,0.014826869183877782,0.021771936602570093,0.028679255258381896,0.034338472549845046,0.04029254944511019,0.04943908495058716,
0.00860823594093299,0.023472274845444577,0.039601433335504595,0.058561239940871763,0.076755365458248,0.1009256249149793,0.11259937396225554,
0.0018918935152559462,0.002562892728880884,0.003857956307153469,0.00638026370423842,0.007622731795038032,0.008405779232048112,0.006796591234845995,
0.006397078291061742,0.01608244515315938,0.025342948889099447,0.0357902365318684,0.04320828951611094,0.05334245101875099,0.05963984700188641,
0.008815288699993904,0.024652922919158684,0.039852721102454,0.05483316778535927,0.06705648273736145,0.08187317987770021,0.09887456062366984,
0.009560471498922364,0.024008289578841605,0.03856198949339163,0.052073248659782585,0.06443586297988425,0.07780538642475415,0.09462585454974906,
0.007896362944054302,0.020155390146619212,0.030548782165520264,0.04025990971395597,0.047972467993704256,0.05673580264041191,0.06772929594399629,
0.008763839963360047,0.021935876782112236,0.03355573608066786,0.043336774779863044,0.05158868740488952,0.061137822321250035,0.07166850276893767,
0.004887024136145504,0.013459253798198269,0.021472907138874394,0.02922530076585413,0.03460391535598361,0.04122651959978773,0.04684301759456757,
0.011487095087162075,0.03190083092499977,0.05188061755210192,0.07131691191544728,0.08947002008913622,0.11033141270811692,0.1316498392206745,
0.006522547745802376,0.013336639833491292,0.017089152050089047,0.022973457990621633,0.027821503318540507,0.03521520332476469,0.043557264513257685,
0.010262272294071721,0.02304186525783999,0.03414287334235465,0.044266081458657146,0.05211717722951985,0.05967452850914074,0.06674087944243551,
0.00876662429386579,0.022493843905436947,0.034468796449796384,0.048048001163401376,0.06030557739202364,0.07517077799213118,0.09016858349263776,
0.009303266848371156,0.023494524801257913,0.03554351429557424,0.04743623583013107,0.05952644940022989,0.07521386289482107,0.09017497147278612,
0.012083356038803615,0.033664289621694,0.05504513646759788,0.07703034021644606,0.0943069344568954,0.11608061944791373,0.13825771619380586,
0.005634060425727183,0.01192069497926831,0.0165287559493535,0.022297305599825745,0.027302555188087697,0.03319314572294105,0.043960735836675875,
0.010971413965772957,0.029301540753333032,0.044756756052578235,0.05848591408525892,0.06996434688192,0.08374250839659775,0.09756531582891212,
0.0062788161589513595,0.01371290067980824,0.02026131046146534,0.0254578853963738,0.031138868589235206,0.03456245012968231,0.04634220948616417,
0.010592238797130456,0.0253011850768874,0.04029158349241465,0.05434322727575911,0.06764147165943067,0.08228897206618654,0.09516484392395695,
0.007237918702150855,0.015353801385354856,0.02631392255406133,0.03513285000484435,0.04336449009348295,0.05271076442358417,0.06117473947128295,
0.006645886586596817,0.01592250990879458,0.02470493982206893,0.032849520357905775,0.04047442502445134,0.04942880138065684,0.05759576730284171,
0.011099635431769148,0.026696608880331315,0.041814036484102084,0.0561629974950962,0.06861517601152546,0.08044072470625978,0.09406826938054827,
0.007059369593297368,0.0174511235499253,0.028880544692957272,0.040775690834034914,0.04865490051061891,0.06043562133130732,0.06907058036118377,
0.01200460037911921,0.031150212868102795,0.04878584879053436,0.06444118688023172,0.07644326473979408,0.08780256303563208,0.09718026842954565,
0.0048571532646420855,0.00973855623381769,0.01426585563897128,0.016601477188951122,0.026223206310508996,0.030763926518089815,0.03393223901873744,
0.001245050172932794,0.0023324060572008703,0.002926597609421711,0.004341937200713004,0.006792893545814586,0.00977952752715905,0.017192038466209206,
0.0018201390416326404,0.0018871189274686988,0.003739932861099454,0.00462778500121801,0.008353856486645075,0.012158441210494102,0.021180814456194432,
0.008517459171962118,0.020852282733370572,0.03229063391242436,0.04461504239512592,0.05581977171623874,0.06818073983141554,0.07865496426189272,
0.011202831708645096,0.02947874722585153,0.04947308494259711,0.07114241646777965,0.09089735466427422,0.11235250256722461,0.12979409121857624,
0.007486795854069187,0.01891488533181017,0.03124105354235162,0.042636069296425765,0.05484457790608608,0.07093835252759012,0.08694715579115789,
0.008761610128025786,0.024088246251885433,0.04224815005421947,0.062269244610117694,0.08221543554840055,0.10340651758455813,0.12512675815183624,
0.009738415965598235,0.024684644840356207,0.040504020595531036,0.05515966605973718,0.06828486868372632,0.08208464701791301,0.09821419486944015,
0.010008734291810569,0.027151177925972107,0.04256902974727734,0.056429344708166816,0.06675383150090335,0.07769202315859158,0.08668336104952248,
0.006785368471700566,0.018289730874613216,0.029520839933246137,0.038968119435881715,0.04809330598239561,0.05823366397761973,0.06922815727685544,
0.009052480038493321,0.023269179879666074,0.03526839394186197,0.04661824160326063,0.05737671848684031,0.07128971593013579,0.08629108245797684,
0.006288811452281924,0.01602093611244528,0.023854957676508973,0.03070369556702776,0.03640207561919209,0.04210324187353552,0.047417500525083874,
0.008012618913940896,0.020273891333623055,0.03170108994674812,0.04463492593847455,0.05836837540742763,0.0734172123582806,0.08305597274490784,
0.011140206060286742,0.02562392286706894,0.039208755105296006,0.05247392283565235,0.06616378491812648,0.07783048286695761,0.09109088060963107,
0.013431532455086728,0.03217246274360527,0.050169439429786855,0.06739125211475187,0.08165158862866684,0.09638790561543092,0.11059125412740639,
0.013328477639950181,0.039999113603722644,0.06777286514743468,0.0960873717322474,0.12053157790103161,0.14237457333096049,0.15936255522272433,
0.008726163525811927,0.027110923986478817,0.04695231245809209,0.06974048560252323,0.09225862157958105,0.12581648632339779,0.16018421368130162,
0.0053415345534100715,0.008771086381124664,0.010176694284455085,0.012736822702297989,0.01637279054243403,0.02181203865670334,0.027731335763166182,
0.009707909831058603,0.03181925097357099,0.054847794450476856,0.07841008961740688,0.10027062524259964,0.12827205481914905,0.15416627680935277,
0.00993497507071281,0.02458897797784503,0.041134055525008255,0.05656536580254742,0.07097571882780132,0.08565069683863173,0.09963390464740786,
0.007247594854158122,0.0159972536124135,0.023042580744891083,0.02924752812093433,0.035507185354702216,0.04208688333007926,0.04703673431360606,
0.01187344970996305,0.03057895543168984,0.047779565427667516,0.06437018514565997,0.07935609868609214,0.09473653307495127,0.1072570593575685,
0.009383585491087842,0.023613103470156587,0.03608552202850965,0.04830059279272064,0.059123812581426564,0.06937972024836186,0.0794966096790393,
0.00429957720652764,0.011382860950424862,0.01969442347537349,0.02762179265693805,0.03339685139787539,0.04031026522831727,0.04646832387379476,
0.009702044831016643,0.023864163142139055,0.038059984762298986,0.05210294802954606,0.06483614310846525,0.07906152945138985,0.09092748943893518,
0.0024638470335723857,0.004550483588391843,0.0060867331826264135,0.007916136968123757,0.01084814071937787,0.011945862900558572,0.008231608401562894,
0.010360132084999758,0.03311963064344339,0.05833315831742897,0.0864608822839769,0.10909052877189579,0.13318229779705604,0.15830421439915768,
0.009246429311482918,0.021580099956192318,0.03307475781133005,0.042902736532412056,0.05214027250852109,0.062294027994973085,0.0711594592549016,
0.009343354268272928,0.024446936274095336,0.037116730365736816,0.04911486690441614,0.05837962814531283,0.06884694036222429,0.0801967413255362,
0.007667792461028881,0.016342117879340423,0.023884288141150883,0.03130861306707856,0.03879483362883782,0.046839632204444745,0.05675244280292987,
0.008758524685367221,0.022076712343437294,0.034660184880675377,0.047519205238493276,0.060301782686985404,0.07547746113719023,0.09041094758652685,
0.00834369706389412,0.023150110553714014,0.03578272495062586,0.04863761169811732,0.06010784449677221,0.07373015728125877,0.08958808121044376,
0.007179238443147569,0.01903679076427632,0.03155773030917843,0.04510127471407504,0.05575840485151227,0.06668957917750712,0.07970010015309924,
0.0066979604830708864,0.01579940644440159,0.02528660482693751,0.03338405052255797,0.04141996240116628,0.048400706364847425,0.05485010270272397,
0.006964912911699792,0.016090122201021174,0.02307758008323636,0.02949492582346561,0.03742882990094684,0.04610101256506864,0.055032696005523185,
0.008162602300800653,0.020819091505014816,0.033892086481396494,0.04644230746163971,0.05869105923952053,0.06844823713508963,0.07808370984030175,
0.010862024317605266,0.026205708317322732,0.04148405021521207,0.05478092680285171,0.0677344976796954,0.07935913411190038,0.0921463338382795,
0.008675928076034558,0.02446208884772454,0.04018253469115771,0.05761218506889331,0.0751544735544467,0.09591929980488599,0.11860126472199656,
0.008455239401436589,0.01869725061690562,0.02783322800351156,0.036590204632297195,0.047081149773566686,0.061804554131306665,0.06839875818971557,
0.008001480285405031,0.019672072482622985,0.030685216368044593,0.04267567087367477,0.05419030645947584,0.06539993105644076,0.07737971381700805,
0.008200726387665301,0.021838700546780335,0.03474499532923404,0.050366052023001734,0.06557477516031712,0.08663690235730415,0.10834427834886105,
0.009265981798468817,0.023455033092495785,0.0368019658560037,0.05145644853822865,0.06119200836780784,0.07641068814417354,0.08627367567733497,
0.009275333467370783,0.023155729911905575,0.03476173049061334,0.045180388793652604,0.05394186075468618,0.06333983652566588,0.07486536469042518,
0.010035500654627416,0.024655388963829253,0.03847792339494883,0.051298640277779035,0.0637600108509944,0.07705466053364868,0.09140752834555771,
0.007646591281360135,0.016059160969565497,0.022966841298089638,0.0316306468519452,0.036282466444992806,0.0466142300757696,0.05443017903722381,
0.008188468663965472,0.020266738806080212,0.03151970049807277,0.04161800475238885,0.048554566331584,0.056167816934083355,0.06288680848733728,
0.010487825457396438,0.02661035906197459,0.04376745199660625,0.06111825944425669,0.07628191112171638,0.08926340407686759,0.09953084910774217,
0.00487543399048203,0.010604222475972926,0.013473777132248751,0.01882219857456335,0.033235197447080964,0.04340204880133969,0.050328087070786426,
0.009392425495389631,0.02635008650306193,0.043065324683288636,0.059693475945698175,0.0741860604936227,0.08907838039344357,0.10431093236625223,
0.0039793912154712,0.00827548762803495,0.011265295445710003,0.012154158177202794,0.012837974257834844,0.022177851179402575,0.01764655410632038,
0.00584747313210459,0.011606742203918012,0.015770456646825595,0.018212637956216412,0.02124869690318952,0.02590057707945714,0.0311479283075804,
0.014398288981765763,0.03448462995463318,0.05347188767788979,0.07192346696034065,0.08670274054899066,0.10193427636547271,0.1129879772955036,
0.006526088015907317,0.020452803572161088,0.036533732008102296,0.05216602157630091,0.06494943353198299,0.07708466484560093,0.08771267170579211,
0.0040355796850049565,0.00860534853895478,0.012134575904466434,0.018901628709663547,0.02836749263354936,0.04051493481046056,0.049789541537634895,
0.009322682439629635,0.02439648573282939,0.03827058704614429,0.05184833438047862,0.06379177690135679,0.07585957832453179,0.08795468539563339,
0.009078633889831213,0.02399615846159549,0.0382930113319593,0.054283071669030486,0.06955023864844183,0.08552484685358924,0.10166270579509928,
0.000561670149123965,0.0010048526920614918,0.0007536616027758828,0.0015780774308901656,0.0007341242448634053,0.01172189777708795,0.0011783046278448478,
0.011754381114407927,0.02856358439954447,0.04524936338401017,0.06199025665431113,0.07759312556303226,0.09585355140276104,0.11235305904060043,
0.008528507204077078,0.020946704163292876,0.031972952070193156,0.04244379417887655,0.052322255739788305,0.06267184002720592,0.07202654629331023,
0.010495833116489245,0.026750188447266784,0.04154144991441589,0.05898475053031463,0.07401722750229921,0.09099366344784815,0.10806149009806293,
0.011092551982255137,0.036873957630818674,0.06820935224278443,0.10398791100875172,0.13278009334414875,0.1695650777967791,0.20742628176143785,
0.011165250622055539,0.03619896497310871,0.06346838008309773,0.09393809094283793,0.12137858015687013,0.1505576569843061,0.1807809250230735,
0.008736827412092004,0.02285009914959907,0.036174710164822974,0.049756104236076494,0.0630144454465169,0.07558917854058318,0.08889824775908373,
0.009709886836071773,0.02536681904333556,0.03971432200468881,0.05693497749865361,0.07382376973853859,0.09601539987235991,0.11305958415752149,
0.007203812757949721,0.020838776211764106,0.03707352690967312,0.05561358717912084,0.07793625364502943,0.10906731057772605,0.1477930900138094,
0.0076109683025043255,0.016496683760246284,0.022638255171792902,0.02897475545410768,0.03509818957730292,0.03989256178022981,0.04469640890097438,
0.004215747950879197,0.00815593492355293,0.008405168995997218,0.011583020404627893,0.014586032572495354,0.020435224364368787,0.028778293677839066,
0.01097191429859787,0.026807533720032112,0.04077956966420529,0.05466500156994025,0.06774692537722182,0.082679280450076,0.0989698916638428,
0.00528851453125501,0.012435017864421005,0.018975716775466504,0.02591981821243321,0.03122843189909515,0.04104150648091179,0.04704484006694639,
0.010837895493636259,0.028272631967449304,0.04615165129883496,0.06617949328379419,0.08363449958264545,0.10662359629180193,0.1265293738505752,
0.012101832873886017,0.03052356875283198,0.04710992211931981,0.06553272728797777,0.08262091617090017,0.10186326310719986,0.12153189965208236,
0.007267091198472535,0.017532628700830766,0.027257128198111772,0.03838691729117427,0.04778159601000888,0.05529339297662288,0.06292879187686483,
0.010334059032131776,0.024505806846945696,0.03709373861249245,0.04854761413734366,0.059379330938993634,0.07073192798337315,0.08120967881556047,
0.00969974835367738,0.025192715801400308,0.03926100107513252,0.052973186683175376,0.06550091480568472,0.07925525254891745,0.09376239081173961,
0.006421334995286974,0.014343323507933109,0.021987436768858667,0.032682643588970335,0.04441509820595691,0.05872762494225104,0.07574284854192133,
0.00844141670932771,0.024447361588747763,0.039442347300987696,0.05670311043016018,0.07298807048444075,0.08998551225833394,0.10879139214075713,
0.008509545062796666,0.01895323093909145,0.027964048695290945,0.03734665429689211,0.04435547060603461,0.05334442432415895,0.06496869002908844,
0.00820326355942966,0.01915037672074787,0.028089346286849448,0.037548644973491634,0.04736954831084895,0.06089323132963289,0.07454474623282056,
0.010052540582626866,0.02469597178141279,0.03963408879450846,0.055581460981887064,0.06912594017970027,0.08443428511910353,0.0993621072192443,
0.005302367344757877,0.008992860994317039,0.01211898672768739,0.012971629190691612,0.016833507383138657,0.018290282746348537,0.024338639316477464,
0.007835934888741939,0.016456199796258387,0.0236966448609084,0.03121727419917338,0.03817375013287095,0.04569369016037917,0.05499318967992925,
0.010120007770952037,0.025892662831543803,0.040973241559489545,0.05612992627660323,0.06788142570387644,0.0803352317042469,0.09192639148781544,
0.008968537492486075,0.024037599140565295,0.03854438627190327,0.05285847530418313,0.06380202341008118,0.07540913449166345,0.08669616416456546,
0.01183370578812728,0.02985877123463342,0.04650126232503648,0.06290989261493697,0.07724781112910616,0.09293406660707752,0.10734695418676145,
0.00729291494196375,0.017720115255412713,0.027695669988317,0.039134290143757335,0.05352136824976185,0.07044943447039825,0.08575573566659932,
0.007189773586114138,0.017796702863877693,0.02796860525080676,0.0378819925327529,0.04687039862921633,0.05647563157857862,0.06215936316730547,
0.0029669831811330303,0.004388999026904303,0.005797237292878223,0.007357139705222642,0.008715680478210579,0.012131739245028932,0.012481857319645016,
0.0065369476939443035,0.016485803679023033,0.02729922068114551,0.03837927405672036,0.0481595983078477,0.0577055053976799,0.06974244423201247,
0.006646422863668717,0.017645382075081883,0.029295954818599177,0.04314177434218191,0.058764041676038,0.0759220033733819,0.08976428800344023,
0.005754640485219339,0.014190328371696424,0.022215023470149472,0.031082728328557078,0.03820164680972917,0.04470433209213019,0.051735231017658534,
0.00865092919732701,0.027921039624032466,0.05046184469621017,0.07256605438045495,0.0930789949627739,0.11661278275250793,0.14087759900320102,
0.0065873593205777485,0.01807877182774774,0.03074860375755339,0.046514882898511495,0.05936722837590237,0.07885091972970494,0.10597029477757704,
0.009949155756041281,0.023976717034881502,0.03627811271140621,0.048410657391798055,0.06019925367737206,0.07256209597906052,0.08416125868225614,
0.009686699369570567,0.02936498087057637,0.051970984111767614,0.07645510185113942,0.09843870575697565,0.12098869636263034,0.14020842821633164,
0.007107029468156559,0.018912086962547703,0.029125668440837412,0.03851345572282042,0.04605476009309643,0.054906472632080344,0.06609872471106762,
0.0036329744564548246,0.011068297943723986,0.022470972596806606,0.03367727216368564,0.05004480571311763,0.05772449063495693,0.08066060293134575,
0.010824807764384903,0.027409805266913157,0.04352231888631674,0.05898583965639604,0.07114920452800869,0.08272301522040854,0.0927872611466533,
0.008421878630785919,0.01932215084164407,0.029119128795267454,0.037748612479234084,0.04502035243294777,0.05242794928074148,0.05985963783434855,
0.0075667005652935914,0.02025183452873041,0.03177767114963669,0.04237837133501059,0.052067926299742766,0.06167185973297528,0.07247601522245174,
0.008358884177171318,0.018455561894223708,0.026418432903609332,0.03429399784730026,0.0426638383238892,0.054008668179491785,0.0644549149230001,
0.005051969819668309,0.009110736581211866,0.012293271177561176,0.014878461839843872,0.019228862346807537,0.025080613702027243,0.03048587112226068,
0.0053219682459644735,0.00951815320200342,0.012875319367886105,0.015468754317927434,0.018115113393689,0.02066409600794156,0.02571986913761708,
0.009966957057329194,0.023142989368455893,0.03702829043553721,0.05187753755217362,0.06439061709715156,0.07730954255721458,0.08880164462757995,
0.009324333490413728,0.026118746679063772,0.04130543027396714,0.055314059955811644,0.06753248082171753,0.08225150682223707,0.0978771072210762,
0.010788912621677482,0.026790480424627696,0.040781982858097976,0.0542336433208511,0.06588649771890863,0.08009822197222216,0.09312924772013723,
0.008735144457535563,0.027272493741957355,0.04779075338337426,0.06931324248629231,0.08523375975176509,0.10194534121964448,0.11963128529679613,
0.007896126927350413,0.020578864362892805,0.033184384393219774,0.04647241099958058,0.05768273987487906,0.06749546905488836,0.07837851175572835,
0.011995159484007015,0.031168580813183,0.04801137705119487,0.06406129314804974,0.07842963066966298,0.09518507195416254,0.11247641982596107,
0.007638984208145653,0.01862581599010632,0.02931065409590398,0.03879598185154808,0.04764498451237741,0.058115817917458096,0.0713573944381452,
0.0002575102342424655,0.0005082224858541795,0.0008719819470571207,-0.0003615194147439063,-0.0007819037651074502,0.0032903700878996237,-0.00711350491109845,
0.009707507743312195,0.02294911136474184,0.03642910249599219,0.049676494728640906,0.059838880459209313,0.0726592906334942,0.08388664526141842,
0.002407365310755833,0.004002003780856577,0.005107486007067439,0.006742263819345504,0.009894582300613552,0.014152620402907939,0.016857653642074984,
0.007607917737218106,0.019635446317230406,0.02997882334758902,0.038552225560252305,0.047116448179378975,0.056436594868618,0.06819185696474862,
0.007601060065009969,0.01714719446539226,0.0260802197418591,0.03422807628370471,0.04145535080297246,0.05066736850148592,0.06031458573054522,
0.011493723161658538,0.03024076850556815,0.04684420931038987,0.06308293827742155,0.07701838429216963,0.09312053982602572,0.1073713585501927,
0.013985555228225092,0.034272353368142376,0.05397623389985277,0.0739217387085576,0.09333579821362487,0.11153357282279448,0.1291659498806505,
0.009359583341113333,0.025682014662278572,0.04229912892874757,0.058712665376360086,0.07371641015162815,0.08878581990852281,0.10564703211139495,
0.0087178538036754,0.02118088638887833,0.031783415229436174,0.04063454557862223,0.04870810996956577,0.057693671925481846,0.06705406629549529,
0.0005672697611867959,0.0006091841509509049,0.0011977437116667399,0.002904705624694174,0.0046796961215161016,0.0001401322934846409,-0.0008657182439149552,
0.0051348449010476535,0.010331850288724161,0.016434155137425837,0.02281504411249587,0.032364397315375236,0.03678442125634518,0.049262657853819086,
0.012280261151216141,0.03155053295981872,0.052548880605779134,0.0741530172876621,0.09373956363209841,0.11501023193004832,0.12664031960468894,
0.007082713522564036,0.019249274656632894,0.032038151265365127,0.04527933476093707,0.057242320419598265,0.07048200744349133,0.08525154217462122,
0.005835903275052751,0.012247143164403363,0.017789270905789363,0.022856908543511346,0.029919719601462856,0.03656608341587339,0.04297682100819029,
0.007214501064101013,0.01816501938446353,0.02846689987523453,0.03804528688484945,0.04699211736767096,0.055010962809435654,0.06413610947519263,
0.005244166497727794,0.008853544105017484,0.010681118079778317,0.012488382997569186,0.013982970732673078,0.019503201617713073,0.0198708221381201,
0.009821985347252182,0.029778038314038458,0.051795983871429994,0.07697431265780706,0.10191762455376664,0.13002904797678547,0.16407213640340662,
0.006795728999152778,0.016500691472169277,0.02603870263363905,0.03497769493120059,0.04264739804642573,0.050231292232375345,0.05764232223304245,
0.008138089412966645,0.019933344435775876,0.030179447573485015,0.03954401859817568,0.04724729121228285,0.055296879604018294,0.06248935080966888,
0.009806136045690923,0.024643998302074577,0.037573888782940684,0.0507052025043523,0.06207002759533525,0.07283085070997841,0.08273684834432406,
0.010023304917171634,0.02519811923725685,0.038622436347168665,0.05366169701333228,0.06768226856128676,0.08669388270461219,0.10339640403045841,
0.0022789156826503935,0.00454027242687581,0.006998821859239464,0.010217461060522124,0.013519348806719117,0.01630556665089776,0.01792771061288144,
-0.00019530874041026125,0.0003857166849207252,0.0015296085754296638,-0.001282358075243324,0.0025524024699240004,-0.002104656205075288,0.0007915357100794772,
0.00947008092148606,0.02357141708176038,0.03846790989873038,0.05323249926343005,0.06715611526375341,0.08066303821050458,0.09475489351805777,
0.007365475948066806,0.017252354934526735,0.025323938003441092,0.03278363703159221,0.03938592615431453,0.047712565994667944,0.05711139625472289,
0.007917501791155673,0.018669479602310447,0.027725725977026924,0.03775057239428322,0.047929791615982126,0.0608695355760318,0.07324422388911071,
0.008332441116680507,0.020018036405304883,0.03018577244187676,0.042083349814618025,0.05427069414190849,0.07132329443186299,0.08743393142313295,
0.01148080624736751,0.026673828837026313,0.042475439327524296,0.05820290125756731,0.07264125356450488,0.0871263653788542,0.10077937138779448,
0.008604424216792243,0.020928939544167403,0.03304055526218714,0.04487690520278123,0.05571682603049102,0.06679303341018007,0.08055653710394128,
0.011757802915713982,0.031314010264235484,0.05006147177591557,0.06878944579282957,0.08640103089446467,0.10639996228270833,0.12557279878652824,
0.008685912387516483,0.020627198235277575,0.0314377392639811,0.04112064600119856,0.04842018239478973,0.05560026561634617,0.062378514562743764,
0.00686475339630042,0.018875537216844766,0.03034924848717944,0.04262493455530227,0.055038797930315284,0.07187161379962026,0.08974360430439877,
0.0030113903653252753,0.002429086346394705,0.004251106482229568,0.007976939215028789,0.012493566226264664,0.017830245594585473,0.025608837227432964,
0.006307093711707547,0.01370330899158075,0.019180394458937954,0.02407570102819213,0.02954615080520172,0.03588248708414833,0.041286953479698914,
0.006969414973136078,0.016375770233694187,0.025316192789904178,0.03357805171361412,0.04469054399403481,0.05785750653608079,0.07182100101059727,
0.007186686882436193,0.020217306596465607,0.03334900818499698,0.045513756463926476,0.054675611158363904,0.06333355788254078,0.0720971937857873,
0.006753469723451901,0.01343607809881776,0.018116813251802817,0.023359085733269506,0.028070806644902704,0.0344065754245688,0.041794979374464296,
0.010380356377429607,0.02595956287597253,0.04007364974949758,0.053437742493307745,0.06597360632140557,0.07981570065066824,0.09422720099456927,
0.013440286061661111,0.03507082364736996,0.05777495966279918,0.08255986375238711,0.10514007494166445,0.13054514677094176,0.1531047857488097,
0.01336326560622281,0.0360307480024062,0.05647000549149261,0.07723973365367377,0.09615247193722488,0.11656857534811495,0.1350400297952853,
0.0067518126254207,0.017522983221188407,0.029498204951155252,0.041587363363152885,0.05251351506255924,0.06386476029436985,0.07261558622630514,
0.0072024390418016756,0.016931421917303693,0.02583698212537389,0.033986406803440145,0.04123811494082198,0.04867082441767558,0.05689139762978373,
0.007926533051588469,0.018949283069142366,0.02939682944823801,0.03946929081763244,0.049970394060531144,0.06090610080616432,0.07195393361288677,
0.001610758681438678,0.0037542683746501293,0.00498865358996158,0.005443319318487319,0.006044280414110999,0.005892797591964267,0.0048398399750735335,
0.008581119607480253,0.02013461553685846,0.030072672911262425,0.04031787265549719,0.051444771369620626,0.06416936811731366,0.07760040318117943,
0.01342667047708994,0.030857925744449302,0.04817332721100592,0.06494883282506293,0.0805241007035122,0.09619736911346875,0.11132905368023578,
0.010373725210298395,0.025746747065645885,0.0405500499672024,0.05690017326137738,0.07341253318070616,0.09312053608222684,0.11215616073864577,
0.0022258815797363677,0.0045629572015058704,0.007183964001000944,0.01079021643247626,0.016239320414094042,0.0202067346447353,0.026141463648444056,
0.010496513075410871,0.029254235016157558,0.049067654359716786,0.06996848485140866,0.08919705407595785,0.11154568049483483,0.13220388618493467,
0.00608959468264134,0.011985188973319048,0.016769016273655218,0.0219856894056884,0.02722911126345398,0.035125031076127355,0.04292279755636839,
0.007551366723246314,0.01885717161131828,0.02897535682222619,0.03953705563658521,0.05223444874127396,0.06670685028229793,0.08148714450653174,
0.01221866290016865,0.03168205333882516,0.051231332212558135,0.07149234793385291,0.0899835125723406,0.11060802571561694,0.1316737879307579,
0.008875568573070983,0.023049801897521465,0.03600779675384411,0.04916057608915132,0.06088779353486491,0.07258522395439429,0.08577847007445893,
0.010580451976423419,0.028331691216733058,0.045898623880313225,0.06408481625266658,0.0803518782649331,0.09592180168047083,0.10879057030829035,
0.009525428077292947,0.023340785551622084,0.03541548054158091,0.04624097681196559,0.05459546357297881,0.06298868909797224,0.07313158980336223,
0.00876043068346387,0.020841007297366956,0.03139234069115183,0.041825870145837364,0.05057915727393163,0.05961146740115098,0.0648897338174431,
0.008503380917152194,0.020527793217830496,0.030078530274862732,0.039431318682443324,0.04807954676970939,0.05981698480666561,0.0705176053342721,
0.010759362955572616,0.027554946970894872,0.04128636415829675,0.0539507154473567,0.06571698880060364,0.08091301380926774,0.09708872589768308,
0.007916023245990004,0.018869298428919268,0.029300095415963238,0.03901087305718404,0.047556798430353056,0.05562957113785329,0.06280300237587133,
0.011546842270266734,0.032269409802975824,0.0537878258349842,0.07832922787860849,0.10267269977733273,0.12857761932582812,0.1527848810505546,
0.009188625763972629,0.02269540004144314,0.03430809109159848,0.04555869129335319,0.056001598397938085,0.06566199557875219,0.07866990735365496,
0.00813084269229902,0.020281592960730472,0.0326163319984885,0.04615472218639575,0.06229185513778523,0.08204901104947541,0.10266329778843905,
0.01026219860188293,0.026092515866875596,0.04041571524271785,0.05586055689219498,0.07116685547734698,0.08973804285996646,0.10797631202250005,
0.006815869734387783,0.017392799123918324,0.028591872327495223,0.0402099358770984,0.050445202759108264,0.06126372444861925,0.07076878574177896,
0.006699523365924907,0.0175997175651266,0.02835293327519063,0.03995772621160683,0.04991130500553546,0.05998846123312928,0.07054601161958422,
0.0027634716899832636,0.0056512958161535716,0.008664330447517118,0.011283514125271687,0.014917693527634094,0.0170156187544914,0.021358936110636308,
0.0038353176437818655,0.005783187687715557,0.006209082575887369,0.006309356038823499,0.00727615635015975,0.008870460185652358,0.012954090114312453,
0.010652741125048769,0.0264617400938538,0.040845612359657175,0.05507400245943991,0.06860893861340182,0.08170771664666847,0.0947382798435153,
0.009289020080632596,0.02240779283038526,0.03404633322903019,0.04425715191770513,0.05167606822776688,0.05889004601099812,0.06571196761119324,
0.011229960221036615,0.03389045639951036,0.056319462956651495,0.0794236508773616,0.09982403111821231,0.12245332670335402,0.1466780627109855,
0.007770254948198162,0.01768247045875745,0.0264452462027573,0.03653824156384997,0.04468016057777227,0.051774554519256506,0.06949528139465805,
0.009079231123660539,0.023013143312887608,0.03563059841684326,0.047480633722834974,0.05676315971642557,0.06531345375679666,0.07492337362764799,
0.006985432373759626,0.01606943652154889,0.02461445626519155,0.03442560376500367,0.04421487074681948,0.05827508987116317,0.06987286120037031,
0.005602730128687636,0.012355285362898712,0.017387528608370992,0.02206423653061355,0.027289139870953348,0.03359825071191569,0.039539130879834496,
0.010890424822710472,0.028228558217421987,0.043054113679831287,0.058245563874751334,0.0727245605352898,0.09087423716307787,0.10956397575983343,
0.010125832853136675,0.028043178537266667,0.04476990656741993,0.0613232983489418,0.07725544955739543,0.09727244242849205,0.11829318243799103,
0.007982174695944758,0.02153155173516288,0.0348301101851609,0.047914825591220164,0.05885942375365982,0.07072101808332003,0.0834849842469451,
0.0051610604005372105,0.012981080361588088,0.020208871073064107,0.02699723828503683,0.032793685027847894,0.038986200766931316,0.046591494609030275,
0.007690124456912248,0.019884832158353582,0.031010070169032306,0.04098497227771506,0.04899424246690906,0.05744422687625316,0.0655791091018619,
0.011384470234570638,0.029486088252784738,0.046236522033922214,0.06394352311800544,0.0797534210712336,0.09807562811907151,0.11512808949755189,
0.012287493718227611,0.028706743686625756,0.04348674060339503,0.05676943064131557,0.06708014420718335,0.07732356297016453,0.08654216341569314,
0.008091476620866638,0.018290029759608004,0.026220239412732577,0.0347501565031117,0.04211246516310913,0.05038542445007963,0.05852352704781486,
0.010997708869522187,0.029367011915830465,0.0468007956970418,0.06485723123517152,0.08120068677725092,0.09892021647369596,0.11523183180084093,
0.011221719699477533,0.029294907596613184,0.04720705068799212,0.0651473579626293,0.08116310078869618,0.09908290828609657,0.11639543158448981,
0.0031020895007729185,0.005165622690459281,0.006886597561128684,0.006169862819119355,0.006480185395269604,0.004627446639746258,0.00443130220535881,
0.01312169346034686,0.03327742473821972,0.05163489338826094,0.06951665679318164,0.08568909192420153,0.10216328281697913,0.1191235030775921,
0.006567416353346311,0.017044138414852427,0.02764586953573105,0.03743683400266468,0.04562343639510418,0.05445009008002622,0.06312181920862528,
0.009092707261557479,0.02402846880035716,0.03695524488148028,0.04867435470473977,0.059825249364996676,0.07366864256720937,0.08780950006899804,
0.008541297001907427,0.020646177842884604,0.03080442387588,0.04086609430849836,0.05129628307576681,0.0653786387260897,0.07887311477585614,
0.009358139412239242,0.023006802842100972,0.03644310407004435,0.05058850861187377,0.0634131662261089,0.07722952513669447,0.08992257897343951,
0.004716952717084138,0.009688269634848421,0.013868835419399464,0.01893243497887199,0.024232664344401834,0.030826375958866722,0.03744367699083551,
0.007025436445920792,0.018749492385861516,0.03052205193929859,0.04448279638586857,0.057256128167419255,0.0727896848829719,0.087926783713433,
0.01204636566107008,0.03130346517438724,0.051124777941786055,0.07081825312145361,0.08990243118351618,0.10978072727063222,0.1309838149826528,
0.012124704523504597,0.03129000727695025,0.0480659254566376,0.06476172133994862,0.08002293178978306,0.09687171775624531,0.11522355481949384,
0.007899093051357678,0.022075737745515328,0.035739667200596334,0.04858403615864031,0.05819087256871391,0.06854476612453514,0.08002149924795221,
0.0019796808746734246,0.0036676650145482568,0.0052775840876455385,0.006835576936966644,0.008376404136224138,0.006927063955448456,0.007943146929577597,
0.0112548054088643,0.028061790139303412,0.04412668979198461,0.06086917446684615,0.07632468164162456,0.09436986281121452,0.1116878292304936,
0.010715663115605508,0.029356991698269164,0.047444248958472685,0.06657985776421592,0.08227362499445137,0.09858902573530175,0.11712964780902713,
0.007210954318379077,0.018058216569216336,0.02883309366447163,0.0420341526799213,0.059506420512351034,0.08434582256408905,0.11411371701091585,
0.011531799279163929,0.03245615944800927,0.05365669570581538,0.0758498901696715,0.09439519704543496,0.11414868191496909,0.13350411992628258,
0.009136414067756343,0.02447149186284747,0.03930564217888116,0.05615805785293836,0.07378262790881966,0.09777280879003883,0.12377928014006417,
0.004883834569165106,0.008661006482022489,0.011313668624694377,0.014489402032171719,0.019146304163654395,0.024720019197691134,0.029979728366964872,
0.0007222615883324219,0.0011890547807698938,0.0010682233904060678,0.001105448983220569,0.00113509291715208,0.002566564990206675,-0.001171465668986628,
0.004314629804803461,0.007728008156363596,0.00864172509195926,0.010806837397339274,0.012893898447712554,0.017047320743217898,0.022101742025419622,
0.0037003696206080764,0.007540032487004082,0.01060058588675596,0.013094433597709587,0.01658152261216683,0.017870061711284826,0.018183555789395,
0.009994973084292993,0.023408208579970856,0.03554481254660332,0.046597149943202985,0.05643026654801809,0.06745093119279184,0.07783084769839058,
0.013367102576914201,0.029987517573552242,0.04487806126898521,0.05908233744413838,0.07077697689879157,0.08219626662473485,0.09314462043476134,
0.002338601491594149,0.003730426293495263,0.0055060403321925055,0.005295928991464491,0.008086795168737131,0.007592800995935455,0.011201417371681704,
0.007138020476121718,0.01624056715839694,0.02344445778704215,0.030578001065101734,0.037408436098424154,0.046258148443683325,0.05224377802606256,
0.0040364423801219846,0.01349013893967218,0.020800820026848094,0.02471232141732562,0.03176797849962948,0.033986706004668514,0.03914958691045993,
0.008763485190059971,0.022245749317003845,0.03392128755598906,0.04547585580550244,0.056466855578057217,0.06960888818354467,0.08188213137185937,
0.008745916601944142,0.022535719168217932,0.034833281612880476,0.04615170716022375,0.05546218686781804,0.06593703211262587,0.07890573791327246,
0.008991802765913498,0.023917419904894734,0.04013150043217472,0.05643155914377879,0.0716521181236195,0.0868796043295536,0.10020185466014941,
0.007028529982452863,0.01722203694512767,0.026966711329515117,0.036451041837898934,0.04514327464305262,0.05318427432349728,0.06280255469282295,
0.00830492793095418,0.018307810876555655,0.026783001620647614,0.03412963827249798,0.04193498501007042,0.050789310963798004,0.05729702502574398,
0.007069587811997533,0.01691030074536393,0.02562746584316206,0.03408350698713101,0.04309207453364001,0.054142310870439456,0.06604558959713948,
0.006841726520069904,0.017729576777992914,0.028830959441897636,0.04189165314551796,0.05576493915445195,0.07446339879829189,0.0906149800744934,
0.0073844407719156945,0.0160589900358702,0.023653955173222073,0.031219191379648917,0.03913813558377034,0.04772597171828307,0.057536825525501094,
0.011273408578355239,0.029091712815637008,0.046615680209620966,0.06430832624090324,0.08031198202762176,0.0997229790468346,0.11831799415200006,
0.008638210877756054,0.021007144344640325,0.032280683916160874,0.043226311901397786,0.0525488275484735,0.06369920214014844,0.07388807583435052,
0.009663552880592355,0.024893809293875625,0.03951055989651771,0.05607446036678578,0.07123107107742717,0.08849763581006125,0.10470413494033562,
0.012459024685157966,0.031203071420952577,0.049445257383952945,0.06636001443244234,0.08164170418617198,0.09641990265005732,0.10936557525136102,
0.012380505151150521,0.032033572582154585,0.051508685238000895,0.07098991182651207,0.08927296160061678,0.1101705359777367,0.12833618962378177,
0.0096130995958532,0.024169813809244614,0.03734348520572167,0.050862249182578465,0.06292250655170054,0.07916455172174784,0.09420845512742769,
0.009981240740221104,0.02547915503350174,0.039367073998946685,0.05506880352963086,0.07034739872785954,0.08852115420936507,0.10772249078816314,
0.01061259563514173,0.028384352990963518,0.0455431087100536,0.06259775540880964,0.07856496865228016,0.09584283328135265,0.1152498848167551,
0.005833597408875229,0.01173397754580426,0.017382672008798495,0.022333166204406302,0.027257791997439405,0.032910336979328415,0.03967360186285447,
0.012223377819444227,0.029550039900143807,0.04699214047782281,0.06454251556903923,0.08040487228592486,0.09611471001273603,0.1124613173612009,
0.01150239869192228,0.027661621324732575,0.043419637866522164,0.059536662779999805,0.0738759522334629,0.08961425276853181,0.10459203190652974,
0.008128631263689443,0.023741375692218875,0.04132412319269752,0.059178908007578954,0.07519400575866986,0.0908467421446153,0.10457154055701771,
0.004896963235336144,0.009172358120552742,0.012488268249547295,0.016600125592244098,0.019935106975393715,0.02398208384554845,0.03146131901566206,
0.008771781088642122,0.022076383861527146,0.03519438071474632,0.047263525820915045,0.05734912589185143,0.06749124274548941,0.07838905851331812,
0.00998884760481709,0.02331611502613652,0.0359854304248284,0.04807198643562863,0.05923652082502415,0.06978208596603214,0.07998691902200819,
0.007539555372908514,0.015859596015833973,0.022461293408093594,0.028512413854324254,0.03519690804273099,0.04376168841523134,0.05155840887185742,
0.009311976269408493,0.025424974080639456,0.04030401817871815,0.05388237132648981,0.06522189925949272,0.07833939935012635,0.09263387940595855,
0.0030023049721333195,0.006592826922872841,0.012464547126717018,0.020144583021844853,0.030217698881235027,0.05463372847990414,0.0772889384936021,
0.01260301725429037,0.03248040384378921,0.05041114775647056,0.06669108385679272,0.0802056558165609,0.094348647928333,0.11066288797150388,
0.005303462689960037,0.009253318282199276,0.012922017532770487,0.016944860729292677,0.022563070013037426,0.029278770877617415,0.03850138700667288,
0.010972734324250997,0.029614259236440534,0.04790107675142627,0.06734741219287563,0.08573751836757453,0.10780501512211388,0.12885444441704438,
0.008504700933001472,0.020341131027401517,0.031969615703817775,0.04352912575978058,0.05301695880958351,0.06260921656630405,0.07220310916220458,
0.00866231575603838,0.023735592417006478,0.03747763366873078,0.0503518658006776,0.06161457675550782,0.07615891707984802,0.09205381873102074,
0.01029170928675777,0.024917632440811112,0.037432188606421966,0.05069381057605569,0.06266840790559358,0.07682266540987646,0.08818461830009026,
0.009708597189936888,0.02370449096384499,0.03566489733283282,0.04668406121617426,0.055795984372592734,0.06644891083503165,0.0773217618806149,
0.0066430886510642165,0.015580180610061606,0.023262269744244595,0.030602234658248625,0.03739385442352106,0.044435127395706486,0.05129186040495187,
0.0032763840924174446,0.005406621570983156,0.006659764619569169,0.008611815277403515,0.01022457552198296,0.012600156200496197,0.017230084055959702,
0.0018007861077432585,0.004171943517835238,0.008205360632136184,0.009857047356232888,0.011941034608041036,0.020931116682731853,0.03828700042056425,
0.009274229159130122,0.02638632917803139,0.045991881850474356,0.06756055473442621,0.08738589195680962,0.11012708946796941,0.13050838494646655,
0.006200206876447072,0.012497848356683048,0.016926687233934326,0.0215717304313845,0.025703881275403476,0.03150958890018415,0.038674833951513284,
0.007955779572009481,0.020808443632613024,0.03293323410623408,0.04456429368578554,0.05439858059335558,0.06571746451154328,0.0768548639223727,
0.009955509260110861,0.024584428424430073,0.0397141211037979,0.05464881953976734,0.0680496263974071,0.08183570637550916,0.09444775593965249,
0.0074808829542154336,0.01764300618398661,0.026109228015969856,0.0343528302475289,0.041604795919005844,0.04996248414902191,0.05804744973052334,
0.010719769111395536,0.03187650641959478,0.05632350743837419,0.0820022977691957,0.10125607161388465,0.12161018807306093,0.13381805554006754,
0.009381530755298685,0.023490767428390305,0.036604266670370804,0.05058521095143039,0.06492145407865559,0.08084908012314396,0.09558792066247081,
0.007866366838376288,0.023900864806770807,0.041230239865921454,0.05805275120153604,0.07229799749903747,0.08905222461432455,0.10683171671808851,
0.0077299296445121875,0.015487066420264648,0.021323288589809492,0.02709913878200426,0.03234776404666213,0.03976467468359618,0.04566171210281606,
0.009610147476755596,0.02282672287116583,0.03397544807504385,0.045724756003697464,0.056206906381529836,0.07008696306301716,0.08121402284634231,
0.009278216224960556,0.021817759375606764,0.0348734907576888,0.04767559566203857,0.059380120286265416,0.07132577231389589,0.08226790371605466,
0.005825951835639393,0.010913491936680637,0.013827211255571136,0.016601764578042712,0.019953723266336605,0.023279519892441595,0.02949116712884403,
0.007118687368624416,0.01768353944212144,0.028035643380053245,0.03987641170294782,0.05360796147588158,0.07162385220911473,0.08637796464245032,
0.007824884551458149,0.018432927143142812,0.02908156126206938,0.04033760668632884,0.05019751987090204,0.05948955197847051,0.06979402039297125,
0.00823848380706132,0.020267038193008454,0.03090614555910798,0.042540041960525445,0.0536451125046456,0.0654192484414219,0.07626559663991554,
0.009184565462606655,0.021007767582884754,0.03156455681754705,0.041393176288662806,0.050906105125492984,0.060621645448847954,0.0684870694974543,
0.007470085714562851,0.01862208759593998,0.02818000034881358,0.03643282595853498,0.0435008563256572,0.05091092212191483,0.05930445611776003,
0.00955751970315233,0.02226628754760037,0.03239596433698917,0.0421536593495808,0.050176238821721265,0.05895014385305334,0.06826987222446591,
0.01317797446034107,0.030008041606683983,0.044817002676142845,0.05839739371592546,0.06945396659356172,0.08086377979984548,0.09165079743152309,
0.009170889832508525,0.025118640557314737,0.039783892660237005,0.05458554475155188,0.06920027254588132,0.08777129618332173,0.10893708730320407,
0.006482837282283968,0.01745533226401509,0.029208472098444693,0.04148128397019412,0.052789010361983746,0.0631609606641278,0.07542264570810894,
0.007638262591421033,0.017845547175374576,0.02627743597494598,0.0372168086421747,0.04871128094594276,0.06430019714987133,0.0767228361877276,
0.00873746722978465,0.021005237329815626,0.03158439889648784,0.041852394903555475,0.05115272018522303,0.061455679478237574,0.06982206519517882,
0.0041853608523701935,0.010122654448588446,0.015163811391889829,0.019173089964876325,0.02298269747717482,0.025634261061155704,0.029228177789468287,
0.010971529423574338,0.029381051606193587,0.04588613027255737,0.06234149751862194,0.07869075496877546,0.09957322133589458,0.1228127218211508,
0.009601489402376146,0.02316464469821352,0.035291343124248094,0.047269829294139136,0.0588987475040851,0.0718223041153613,0.08507200612766526,
0.010492718176536577,0.03068596427602916,0.05154823468510892,0.07349007347489321,0.09476602677096549,0.12300725046086329,0.15342508679477257,
0.009353852885144467,0.024768917332199526,0.03882886162013244,0.05220502314613284,0.06256466144908991,0.07290687547495454,0.08323214290818014,
0.008338587083604415,0.01842649378116101,0.027253432181400212,0.03658396587054577,0.04467784467195551,0.05489357692781383,0.06728099093836792,
0.008529285724467359,0.021826166210269803,0.03368777508214626,0.044634863332903056,0.05438430384234866,0.06654042263391331,0.07908827864268095,
0.00850592729522637,0.020464734653752516,0.03175350985266779,0.04402884342999671,0.05368245600000772,0.06263051433998613,0.06976679815146052,
0.009756137591453502,0.025464278703675524,0.039640229656257894,0.054195912822113175,0.0685685712883255,0.08485045859299897,0.10314711008216695,
0.007673165477339149,0.019535936377889772,0.03125687385344376,0.04206657064292973,0.051870253665361694,0.061871721216473774,0.07238630330058803,
0.008601186002050303,0.020776449967672975,0.03178543789089821,0.04179221778832954,0.05055276294195001,0.058271912137202765,0.06588812064627636,
0.006898827272720397,0.016481208291653865,0.024399678585277244,0.032033470614284,0.03875394506401464,0.04655220136225322,0.05541455681142984,
0.006220638836654601,0.01598304803873288,0.024932121246983196,0.03453323439726847,0.0433671084379688,0.05546990715717647,0.0693561144635386,
0.0033033548949199603,0.006717141846880529,0.010187603129739934,0.015002395550952398,0.019601490006008856,0.025743134784600042,0.03141374803804185,
0.007842404887675358,0.01947139898917572,0.03098514183147688,0.04386081085571191,0.05769057289658736,0.07394172853452473,0.08891027760941328,
0.00881162092110471,0.023898014911603486,0.03941279696617102,0.054622160048361734,0.06738676823715604,0.07976666211282603,0.09279247967080348,
0.009582647021556537,0.024148791496222642,0.03801629783224866,0.05153979728106077,0.06224448434125531,0.07292519526504339,0.08119366305756026,
0.008249410716132152,0.021245294879262844,0.034408237239788,0.04813760029242537,0.06017577127850504,0.074272959058744,0.08957562937001895,
0.005861300325386009,0.013120625641800393,0.018781482912410212,0.02382461549754981,0.027789571285276263,0.032548722242485624,0.03643876472555086,
0.0075568739890141505,0.017297791524823587,0.02612887941779547,0.03533846524477636,0.04352388160475486,0.0538268707634865,0.06411377815629708,
0.007742852219060415,0.017931746763607873,0.026936654355317235,0.03670002754766261,0.0473248929853547,0.06128709701523561,0.07609218233045578,
0.007763207041139155,0.017588077819170628,0.025341965158762726,0.03302047059004769,0.039945317941398925,0.04788679798328738,0.05461233540146533,
0.006618465031275061,0.01559817023414359,0.023737149852293197,0.031052500610683487,0.03792377980418139,0.045165621945259485,0.050198703160775265,
0.004122142871278296,0.008762550209152339,0.014046402030407645,0.020696183631314667,0.028660232765627867,0.03429427051099144,0.04330956607224775,
0.009942728349714233,0.02562074368696718,0.04160584529264711,0.05816886911264389,0.07320111940189414,0.09199127619313072,0.10829391044691532,
0.004235958379894323,0.006815238641201625,0.008963892221169655,0.011467214882339139,0.015792893036118746,0.021589796566935597,0.027889760800582582,
0.008337509812157924,0.01888898983200693,0.027786132435534173,0.0375919866076151,0.04800797244536458,0.061747829228722136,0.07634089397946156,
0.006537040516599123,0.017656716109475928,0.029938493598032308,0.04360373737282573,0.05488319216401535,0.0656196757920623,0.07611899137898386,
0.005039658440466631,0.013558376308527622,0.021724405662019365,0.030304055060868643,0.03858333673194819,0.04949245044849583,0.06264141522981438,
0.004965880502499799,0.0117730853616007,0.01805917238249109,0.027518588900173103,0.04054228641315306,0.0564083510316162,0.07128732550520527,
0.009787840481122703,0.023347619458017582,0.03596462778668316,0.04866368347167051,0.0597716479108522,0.07166532596454368,0.08499406203867077,
0.01004840859939055,0.02435172104119667,0.036818574040967944,0.04897913602382949,0.059614874012494795,0.07195547097275148,0.08344372644832267,
0.010193616849547558,0.028457156064862762,0.04835190472370407,0.07051793674082903,0.09177330232844158,0.11400878018534756,0.13670486817965694,
0.01118163251921105,0.030568754484279134,0.0503208988693979,0.07300478080410902,0.09401137378721339,0.11769788620655697,0.14156157440051845,
0.009948006955372842,0.023700149914678434,0.036635579324291186,0.04858430854394057,0.05866643989993511,0.06867564918537243,0.07866626556099768,
0.011784148910816148,0.030789202637537094,0.04790410214646171,0.06500585010911884,0.08132279187593384,0.10035273196798973,0.11995573135669321,
0.004026915005252678,0.008435687743199633,0.012692443038213196,0.0173221520966972,0.023384667541378096,0.030773729154923313,0.03260691784062247,
0.0076485164479480035,0.017533496608656687,0.027401261799658884,0.037226743640738975,0.046655618498316904,0.05471593347124685,0.06364246891828475,
0.008754470177169363,0.022872398844994216,0.0361121564494973,0.0500527638583995,0.062985266394664,0.07688339570579562,0.08793454796929161,
0.010107023325008959,0.024958547591492047,0.037540483659783234,0.04956852889256603,0.06120696435227958,0.07608948484737421,0.09199002392375248,
0.0087459652341455,0.022470529268682447,0.036449354712801516,0.05056446287014308,0.06402743240551882,0.07846031397130213,0.09219267610142062,
0.011851888149594071,0.029602459162202818,0.04551815256372467,0.0607338000482963,0.07303203258800614,0.08649839280975553,0.09918225349068382,
0.010133308669439903,0.02527218046967646,0.040627827157319926,0.0566949769498244,0.07157896532192089,0.08755900746099916,0.10410309265519758,
0.008897271285072342,0.02100492990789465,0.031276229726106934,0.04056648634051927,0.04773786847078713,0.05495115168083777,0.062071663229040897,
0.006672583687982202,0.01664293354981214,0.026453414903473103,0.038669634570517517,0.051635245686728296,0.06812586132464558,0.0854096855942715,
0.01246076397896796,0.030746595187152403,0.04748006344351908,0.06351606573272896,0.07655563466312154,0.08978121347036587,0.10247820548433462,
0.007048576188845752,0.01582610758706659,0.024010586594362147,0.03181774646556806,0.03831111894967809,0.044688112428099565,0.051523632720854966,
0.006141217561295669,0.011828352985363258,0.01614405242897376,0.020839732944994166,0.028402590658756676,0.03655091546758248,0.042800557938898566,
0.009772598377134858,0.02850968639472709,0.049598675533449064,0.07322221347364924,0.09437502453087415,0.11810029624549305,0.14312242075153944,
0.006729371067441045,0.017138094782964654,0.025901642260595173,0.034226871082959916,0.04236143964629062,0.05303019079217104,0.06583042957667827,
0.009642869907911413,0.023631814348986122,0.03692729419996367,0.04996033723707713,0.06087972067406434,0.07276154468780062,0.08310123014693589,
0.006351359011473417,0.014442699600275779,0.021332199650677838,0.030495833474373166,0.04137112515998255,0.05588150643357347,0.06850664254670488,
0.009855394134411112,0.025738830415398,0.039824873947318304,0.05322292896694526,0.06517427134875943,0.08067630889237841,0.0977913935116299,
0.007430191998038346,0.017018123614288904,0.025332458609564863,0.0339503168320501,0.04258472270437012,0.05408066291374121,0.06422561030681663,
0.006176262019190525,0.012518667737602712,0.017353006674782356,0.022461766694268227,0.026712764186991766,0.031589161417057754,0.03716714872290966,
0.008560224179010539,0.022123448762316363,0.034370398839969125,0.046550331759246465,0.05724242349910295,0.06973629975991762,0.08336925302064788,
0.0032095266048054447,0.005003818849994037,0.006836952549157096,0.011221589762787825,0.01797229797055445,0.026130034852163125,0.035131278003996326,
0.012398244438660246,0.03235999170850773,0.05042182887299396,0.06802248204434452,0.08430584377474466,0.10318991840331783,0.12283091972399078,
0.012492163060454453,0.03163455887708981,0.04981821015920518,0.06855194499628464,0.08511837222349387,0.10243196633228027,0.11917755435258325,
0.0062483688661379745,0.013768516321937553,0.02018412630375732,0.027616578210008194,0.03492939244293687,0.046509092137852655,0.06318638773207699,
0.006477489654401089,0.01493031883016637,0.02356641120509337,0.031685622950046684,0.03791654321544335,0.04546795430278042,0.05171698794235638,
0.0096974041926599,0.021753087056358537,0.032920223347991745,0.04317608838344986,0.05203695091730137,0.060485569972767425,0.06835879265501138,
0.004622708986193886,0.007378633957534336,0.0070949081723854345,0.006778694717294373,0.009606035192534623,0.01776105186813481,0.018217749832086596,
0.011516458642145304,0.030001280488659573,0.04793596252227768,0.06756671313236977,0.0852551458591574,0.10676391863073997,0.12650220282955263,
0.009804641204833207,0.02526291935619263,0.04087200666109142,0.057090215067491935,0.07166949817290555,0.08748838180691923,0.10027939277860767,
0.010943013859143263,0.03131711237207812,0.05247864867901751,0.07735178406273102,0.10091778439316094,0.12947682404748329,0.1617468147828376,
0.006740641414608042,0.0142200234638206,0.01991749812763509,0.024957857439437337,0.031347165040526995,0.038932882371581976,0.04575533643352085,
0.012267399507184737,0.03291628141174588,0.052142295051761336,0.07014621030888217,0.08519830090361129,0.10008995547841824,0.11561660808744754,
0.0064153325668575125,0.010137858018262261,0.012068008882907212,0.014099081215798276,0.01648557756295069,0.02035060485743587,0.023334660152637108,
0.00982891900211498,0.02388238493990115,0.03681611577359001,0.0500590513809787,0.06180142392826404,0.07593861455560928,0.09020078767189686,
0.008851950260795787,0.024107723207186998,0.03851378021500484,0.052917530904936796,0.06545022483284539,0.08103728899112833,0.09834935474485212,
0.010752672297922771,0.02650107021309901,0.04149307997125379,0.05532128806050645,0.06721589092126073,0.07728692086398467,0.08707024277858406,
0.008021929130588025,0.02183355536447442,0.035939974356825374,0.05253665808720772,0.0663513855159334,0.08288623538896187,0.10247014959756841,
0.0025144862908690322,0.004718497862123778,0.006351561201672102,0.008289689579602315,0.011583411900676582,0.012707688060088988,0.013305380571570912,
0.007566724725117808,0.019711080376133252,0.0299346735324324,0.039868254308825075,0.05044809451100763,0.06398017417214368,0.07864654809272228,
0.009135758978927157,0.022565079827471045,0.03474403413024582,0.04567812223596589,0.0551344441521167,0.065156292051867,0.07562823092785462,
0.0127628857856775,0.03320215220324819,0.05320319953427525,0.0732621065098012,0.08993114942039222,0.10774427273331838,0.12449406105217248,
0.006853427548099734,0.01870785973658473,0.030138690775372904,0.04210974675446093,0.05550792610537591,0.07240137545885225,0.08981928699716948,
0.00153085564100161,0.0029422689546793747,0.0027468240928556482,0.004206836155312265,0.003694430464536046,-0.0001090094205709394,-0.0034094919357859875,
0.007216285024980763,0.01714521735713403,0.02837384470402129,0.036872079635416714,0.04453194415888282,0.05297877197726589,0.06472678040118579,
0.007262512606771688,0.015712152115277492,0.02004410848034199,0.025966444724941216,0.026203981856078425,0.032338089074276696,0.0323769966352656,
0.012114129831197131,0.02958976460415482,0.046703710390768316,0.06277665643117852,0.07810148980638645,0.0951057654806,0.11165321986233283,
0.0030237507186657232,0.007350359168382399,0.01357166305669031,0.01832131755239863,0.02436717039085595,0.025137179540942536,0.03266021762087457,
0.00982963771487209,0.025470302834289093,0.03978642387754585,0.05522074522951463,0.06966015449826397,0.08635504457549698,0.09941516165767751,
0.00858389128581347,0.021856111961723285,0.034109663145250754,0.046057467971677375,0.054876328237122886,0.06462060580298944,0.0719968116030591,
0.010223986635690354,0.024743887658382223,0.0388281351991552,0.05210762769417273,0.06483447285365257,0.07980130828850905,0.0924928833161864,
