0.0013065482532327597,0.002368546292355284,0.004454459680293176,0.00704681536805474,0.0088056972657348,0.010846490700731596,0.013896143305156093,
0.004024558212070633,0.009986262489164564,0.018143205398876976,0.030227165819450588,0.039949755077540415,0.04998595183239365,0.06131128230173001,
0.0007328800839312222,0.0013472021359339807,0.0025447726266948022,0.0031349826809823327,0.004169361308484759,0.0052698383340292745,0.006597023476140371,
0.0003812221342554245,-8.80508453885127e-05,0.0016454462618220025,0.0034212249769791855,0.0018555773976189078,-0.00037110932950026957,0.0036248150396789116,
0.0013532740247366002,0.0020293509886971377,0.0032563761546131275,0.0043598039961405535,0.008850258735472525,0.01439261916241582,0.02159927555424026,
0.0013987286632013154,0.0020496017757871115,0.005118249444100098,0.006521720098884621,0.0077737714917639105,0.011435153206781708,0.013776732097836144,
0.0016487872650418629,0.004103277136232874,0.0076492127502770044,0.013335139022129216,0.01857020644945351,0.02495730333478278,0.03298862717673811,
0.0017024265642588134,0.002894809127832762,0.003898539506917436,0.004166815907424016,0.005143455851710887,0.007279401843262804,0.008496191410628304,
0.0034869396523560243,0.00958918745509684,0.01913410099618161,0.034564624448118995,0.047918744150191754,0.05887131942219075,0.06294220388239687,
0.0003934906356587652,0.00023427635246547643,0.0011823867947183691,0.0011312046925591218,0.0025329280793256813,0.0010016740025765023,0.0032695344375114842,
0.0007115126673309656,0.0011396265919180223,0.0019154235183571045,0.002044614657195501,0.003964884524061723,0.0043795708028540195,0.006113758072623563,
0.001598900494258057,0.003796907448198712,0.007117628100514712,0.013124182223275209,0.018958336973073076,0.025868302668248726,0.035989841815403906,
0.000577269263302697,0.0016700997046940615,0.005329360806013972,0.011168379545822386,0.016598791178585585,0.02151083517163037,0.030379901712909274,
0.0005848326872887628,0.0024619457057896365,0.0042041737934465796,0.006336057406004479,0.009771306817101122,0.01275216216009702,0.01654678273326021,
0.0005802637224956437,0.0008914238171202997,0.0012263304823974662,0.001990701577909695,0.0033138746977556793,0.00236196275034955,0.002360803698931407,
0.0005903449794455642,0.0015625541037126427,0.002478694240852015,0.0037658761016953796,0.00478946421653376,0.004954314743354452,0.0051779048784508196,
0.0006476345528037398,0.002341392673455145,0.0038832874174643535,0.0066444151631328665,0.009584051941363579,0.010546959451517374,0.012359001259240138,
0.00045537553448854966,2.5882008111002268e-05,0.0030745084159123372,0.010321267188199711,0.016490519903672677,0.021500597289248788,0.020663424642087425,
0.0008894089749711723,0.0010226306495967443,0.003131375202655829,0.009862357541719796,0.011281152592888992,0.020313146055976446,0.021514435990802213,
0.0015955711413630789,0.005530794012498076,0.01371143215181045,0.02603862442709941,0.06892418764970173,0.09538963700720865,0.21984514974513625,
0.00137226932252581,0.0015726750191178997,0.00336491595563515,0.0030939400410625022,0.0036556083696841486,0.0035779319738231687,0.006104623548904409,
0.0019337560920394774,0.005478553449430491,0.010369495700018773,0.017381447257921172,0.021717727237453573,0.028622990068004714,0.03680574901694412,
0.00010949942763430145,0.0015395968536775486,-0.00015070212621099384,-0.002134708895329539,-0.003101569170434249,0.007063757226189713,-0.02735597770493926,
0.0006507636854170984,0.0010126673124394156,0.005944202691831897,0.015403939557792736,0.022863221468308943,0.03161629613846169,0.040939427916565685,
0.001374583136027063,0.0025906956703803437,0.005481318049871014,0.008714265209422199,0.011740202057303443,0.014409620283219935,0.019174418514160005,
0.001203970213061997,0.002814444202628805,0.004023423827144049,0.00516542607606368,0.007030996805441766,0.010445163535777062,0.015954829387832433,
0.0016386886629828625,0.005781213945623301,0.01459716669090459,0.031496019181817964,0.04533687415157889,0.07387801060505696,0.1043074754711094,
0.0011976256512949393,0.0014082987879703304,0.004150604386897255,0.00567723390244523,0.006482129951616578,0.007826973023684106,0.009509349475357221,
0.001711978699269959,0.004106793410332697,0.007524630713794425,0.01334425647411013,0.01844584768293102,0.02439122974739298,0.03292814925938006,
0.002248097238677201,0.0036892151197067138,0.007675347654297189,0.010860826492119417,0.011649126287550124,0.01476254508708149,0.014877672367104184,
0.001322291590596005,0.0032333517647321623,0.004966460929012359,0.007174473502749541,0.009203880621242085,0.013335322363585254,0.02029480091178938,
0.0007287292319101633,0.0014712204670373236,0.0028619517186512246,0.00343917493211759,0.00542719805772078,0.007160145652219562,0.007099391419510093,
0.004822901525262338,0.013989235212633998,0.028567656699350696,0.05311064634182295,0.0741396796261426,0.09326874866987922,0.11883436530709386,
0.00013196154574056322,-0.000641606186662072,0.0029121619188498776,0.005853490037263505,0.011651152340109399,0.015524410281529302,0.017048591684611324,
0.0004305755595680794,0.001639084019154422,0.0025919345673328996,0.003424195226012838,0.0026953514345696918,0.004752195481102716,0.006710567403091606,
0.0007293941848204861,0.0017809728775956249,0.0037659778362747983,0.0066916893323919445,0.00962679014334445,0.012325596790580077,0.015909235231752476,
0.0020774409925305246,0.005173348421265319,0.010082030179019675,0.016614255287986813,0.022300163891912268,0.02817987294696245,0.03681076358317758,
0.0021726678430439013,0.004375488044961112,0.007414758568967266,0.011836415088033606,0.016562785989984227,0.02306438190764684,0.030810262774332187,
0.002020671246159919,0.004651919570938036,0.00823530637664297,0.01413636394038577,0.01975715598614757,0.026483046984298028,0.03654886789349513,
0.00031760590618033747,0.000529726982035988,0.0010901669237604844,0.0016230322038686296,0.002801880662302171,0.004466410185546844,0.005760888661223596,
0.003206888028857437,0.008871722201243356,0.018030184961030763,0.03258270333676928,0.04381049211695399,0.05673934796585142,0.07725894197714014,
0.0007894061687935315,0.0009650535942949552,0.0016028930969495564,0.0018664745976949742,0.004373685245472329,0.004356092213991094,0.004166545104596523,
0.0010560091746695636,0.001704181756622689,0.00338099951960546,0.005020764342700657,0.006355555487439091,0.007377890205455799,0.00933458363936568,
0.0017101435790133354,0.004141740513868829,0.007828998765327942,0.012179327884520783,0.016116688654486174,0.019814010420192932,0.02595622220768105,
0.0008229978469492436,0.002055440600416569,0.004122535251574744,0.0073679946054400125,0.01067752090883878,0.014189290946464464,0.01790755166578782,
0.0028143199538286146,0.009966749239068401,0.022078347586716594,0.04293466871870365,0.06229488415917901,0.08780401065401315,0.1310145648327944,
0.0005857740808136998,0.000330456509566708,0.0009744947192818912,0.0048006551097418,0.009274848540523293,0.015316408438952376,0.022819373041355322,
0.0023975142606714735,0.006688554602393742,0.012745451488512121,0.022772793332560947,0.03184528289975309,0.042698105863098405,0.056055960416866675,
0.001299952162258088,0.0018506919902293115,0.004318552682496578,0.0044909026745233015,0.005351621062783234,0.008975028078868637,0.006155209840471012,
0.0022392131452033943,0.00559207952313734,0.010377064651740016,0.01645191521796296,0.020541135879178517,0.024780670666165964,0.028051590108485354,
0.0020283273274255206,0.002780546163740849,0.008402229167530502,0.012292096726756059,0.014104382198379955,0.018855124105238163,0.025134720523348496,
0.0005054174616100589,0.0012946276152375755,0.004063529908772683,0.007546462392109329,0.0108655813528772,0.014138518947645447,0.017726201816406106,
0.0028245591172324502,0.008126867019449677,0.014877113796675072,0.025031919800089227,0.03228250978059158,0.039401616672649215,0.04726363165735579,
0.0016379316317516968,0.0029687847412450444,0.003954173853000399,0.0038103981572431152,0.0031753624578946264,0.004692085362183977,0.00741608203218547,
0.0024406243997416015,0.007816137895167476,0.015184958430679579,0.026940683920146483,0.035585784256122584,0.04463817034437906,0.054404421906985946,
0.0009756773731340223,0.0019235216261682586,0.002602774318433676,0.003198184174768449,0.008296990626931013,0.00816340056253794,0.022792306559302308,
-0.00023434021711813582,0.00028409015950038585,0.0003709655359506252,0.0022518706061698556,0.0028138255748591267,0.003519377811154804,0.0030688088928987668,
0.0002347694753276861,0.0012700241915375296,0.005713030289825723,0.011535474413875589,0.010461315149744826,0.010541210646779068,0.009780187610384015,
0.0011031392980089432,0.002401756221050239,0.00464192690374897,0.006877458638367518,0.00887622225434229,0.00704090298861619,0.0026411944115663495,
0.004539523469232879,0.011743152281079134,0.02422488346408923,0.0451567646760194,0.05911721040558853,0.07611526337055194,0.10465695106671302,
0.0005093431479029418,0.0019260905460444257,0.0035663908947349836,0.007444845014070947,0.010105958849293356,0.01591857051239653,0.01650838383698645,
0.0024327947579052263,0.006176554138453905,0.01134754611863744,0.02085278278680897,0.027063309637770188,0.03537352779866155,0.04085946158284771,
0.0012234241116997782,0.0030268522785140157,0.006410117076551373,0.00999160660007239,0.013556847831166736,0.016235631461633662,0.021740004498393247,
0.0022699295147563187,0.007524598604018772,0.015126403212782464,0.027069278393163188,0.036796209904547,0.0471010680690252,0.055763739822849885,
0.0017042860975830972,0.00361011340499586,0.005503043339978629,0.008740098957034538,0.012348074964616687,0.016244182341276687,0.020903555456667226,
0.002041732575469198,0.005267867229619579,0.009302329435045052,0.01658043472090663,0.023299744616984207,0.03212103823008538,0.04297869413091202,
0.0008612923158103675,0.0007711528628551331,0.002000333373417725,0.003912905607915408,0.005940350069583378,0.007517992729095921,0.007867058089013215,
0.0017162933978997772,0.004803703544767891,0.010394973391690045,0.02090069000602955,0.029893014316886166,0.042378302819545695,0.06125587315048354,
0.0020868785105477012,0.0040312533396899735,0.007709994349369355,0.012125285621177114,0.0145444997216946,0.017271049854468538,0.018865399156196897,
0.004969066394681517,0.014150115257625405,0.02683752800704459,0.04765072473677715,0.06326780827746871,0.07746237857465288,0.09464271112223326,
0.003851902744941609,0.014522997569119232,0.03208194888818291,0.06262600972904499,0.08499413163996579,0.10497550102823718,0.1320523927529701,
0.0009554811841956248,0.004282623775887394,0.011197861757760484,0.025128898249688152,0.04172947432053773,0.06544358587644268,0.09915247880941004,
0.0006841190372427424,0.0008474247799897349,0.0006387929462809711,0.0030643000650488425,0.00392657419310138,0.0049184413029660775,0.0049707193413102155,
0.0011744077293768804,0.007768534653984646,0.01935228981852594,0.04204830079293262,0.06545551273636631,0.09600090881345408,0.14011818307549184,
0.0008729819497079054,0.003520219747282394,0.008167114936148532,0.013974290249682003,0.01814286219694017,0.022392832088234685,0.025444146653770535,
0.0005155870973464323,0.0008648227767279103,0.0014641119905580329,0.0037249040609067894,0.005014613190675632,0.008344227942277842,0.012685403325640186,
0.0029813120470122776,0.005884103442605025,0.00995844754079825,0.013495233099139511,0.016275820741667498,0.017282484960417895,0.016915130149116896,
0.001232803277692134,0.004005791328280313,0.008710011525558805,0.016150109167063945,0.022777465648081866,0.030571132246193084,0.04109223054725797,
0.0007751325158523989,0.001394028331736196,0.0049300408017404354,0.009904819775672037,0.012815326574854645,0.017818410167545085,0.020099894427623336,
0.001053304559334823,0.001325619829663252,0.004470552518086939,0.00817612597139772,0.009821809010866845,0.013495934372809673,0.015902155252151013,
0.00023753479423968551,-0.00039566072771333544,0.0006811238457186878,0.0010518463723225996,0.003066276247793686,0.006698385811972606,0.026686560633714024,
0.0016641060759259672,0.009220897999868551,0.021422377176907148,0.04280556969111615,0.06052728787461082,0.0791909835122004,0.10552262245381176,
0.002679160650452894,0.005804529602584498,0.00969811916286525,0.014659455050614294,0.01854758346992486,0.021207983242690794,0.022862864802332104,
0.0014296532242359411,0.004221609471268813,0.007315832238629155,0.011802988456374711,0.015753165379231545,0.020209994185804988,0.02668969439980136,
0.0010331569047185155,0.001343840557101573,0.0024311040487228555,0.005725841945017573,0.007970993252760851,0.014687421181686295,0.021521044851810625,
0.0019399182005448987,0.004922344130829038,0.010196012137859678,0.0181767695622786,0.024070243849345207,0.030600745291458092,0.03947937781677701,
0.001616155667433922,0.004781399693503759,0.009210357768547396,0.016815189760446065,0.02377407329547938,0.03231228037197372,0.043905009326022676,
0.0008455626191789094,0.0021289680428865083,0.005308276526760203,0.010364814933548343,0.014815313848125363,0.022198165931512956,0.03348318454294797,
0.000194545628823085,3.820786102250651e-05,-9.896710088651979e-05,0.0006802677912365669,-0.00023370679522049265,0.0013329964369717116,0.0025863966907016477,
0.0016288755618927278,0.0022221784419581216,0.002318840559234376,0.0030667121672650678,0.00342120702570773,0.004663312585611031,0.005068331388264455,
0.002174549104629273,0.006903832217687421,0.012468761501966082,0.020279740268378522,0.02565564716786891,0.03025228223069444,0.03448344521801062,
0.002099902128070569,0.005452448565388835,0.01063138040572962,0.018661258046194625,0.02547832763154605,0.03258682242154932,0.04212060606927984,
0.0012490325590313294,0.004420481915631451,0.009696352363627756,0.019911683343627296,0.030695856015184514,0.04414596104373616,0.06201239244481458,
0.0009432032724781927,0.002247184741902963,0.004977753915895178,0.00822516956225464,0.011479186777605696,0.016067669114548915,0.021753232412839565,
0.0013745897548372414,0.0028785778153962945,0.005227625957534132,0.009365536890301958,0.012499055522415614,0.016880051575828267,0.02210228153042372,
0.0019139482131417878,0.004826911033595282,0.009113233464324362,0.017835327400740328,0.02714751518434554,0.04043616158328909,0.05619837220404354,
0.0017325434476794823,0.004924101321241004,0.008397996852637228,0.013540555581672492,0.018993307513198717,0.02344832119525468,0.03077804854673349,
0.0018132052064296165,0.004087588140460523,0.007036903783293801,0.011231517473307176,0.015092571623910294,0.019842089243694305,0.027160479742289433,
0.0017826953306323827,0.0057828577252631115,0.011529204004044249,0.020664051992623347,0.027899581711673577,0.03770309253912351,0.04837425738381455,
0.0010457370329465154,0.0016342750461166367,0.0021223398972372025,0.002386623294186235,0.00317076907878492,0.004330707553707196,0.005760212840190091,
0.0011991174007437574,0.0023169866659452434,0.0038105644322520326,0.006213587582313119,0.008312335110065096,0.011176656353776385,0.01589359463089977,
0.003961384829329545,0.01101441490886577,0.0220745880778685,0.03933010439754147,0.05008714002775216,0.06178880629313156,0.07954784781948908,
4.7613547984407145e-05,0.00032266654178504667,0.0009702915749904018,0.0027301431795365722,0.0016875051163800423,0.0014634767089090625,0.0015473847675791328,
0.000763570554975583,0.0029644267307029812,0.006690810983416916,0.01254151747115658,0.016670613359987808,0.02295512345885697,0.029705250625892677,
-0.0001323383039502093,0.0002599613926241664,0.000813400963682293,0.0007271775076966103,0.0012553207680250915,0.002588484521928919,-0.0010235601734761986,
0.0005499060031420156,0.0013222909817459626,0.005921888203145392,0.015047533953330269,0.02352226711376022,0.029484157864865843,0.033988608644299305,
0.004690872948738271,0.011948499800276199,0.022268607622576823,0.03749405863052727,0.05020207216850279,0.06097329672141958,0.07333486082135375,
0.0004351248384946949,0.0015909669026611926,0.0039608562753865,0.006765570606685883,0.00943646853022395,0.012982508458949419,0.016270802334687137,
0.0002923905710740319,0.0006228200264537595,0.0014843551385623182,0.004354360124195002,0.007409339081708052,0.0092915841621343,0.013566936901777174,
0.000894919280308547,0.00032420977784858985,0.002095050199206528,0.0005669494556057259,-0.0010738300292338224,-0.007312956218196275,-0.0196192516363785,
0.0025963167805762785,0.007310599387242875,0.015970320989475636,0.0284530105117442,0.03865117020216638,0.046247869636677465,0.059206462507690544,
8.35773093540809e-06,0.0004665117554533351,-0.0007245286611921585,0.0008624013784413551,0.00017458166657310893,-0.002162710357821063,0.006103723888926439,
0.0010803198133176979,0.0035686871245439854,0.007994173148177188,0.014455633835577098,0.017829832391471605,0.02362048983861002,0.030780864298826902,
0.0007697133758645681,0.0020272660500235662,0.004424030907405897,0.006945538229688425,0.009339154250057047,0.011149685632536157,0.015474701962840084,
0.0041015528800881045,0.01279498663387022,0.025068601043725058,0.0463714565580676,0.06395177981724776,0.08154029516060214,0.10429057866360054,
0.003976644077097079,0.014816527475617326,0.0338591224349488,0.06805158408986324,0.09665473003052778,0.13245473210638362,0.192176490995467,
0.0029312338301290004,0.011362659476915836,0.02562897157047091,0.048983192048819894,0.06804033621431735,0.0898785559252041,0.12208685074690408,
0.0010496006753938072,0.0032588898619803964,0.0073670097248527055,0.012791796761811929,0.018021764277247995,0.02354155353438393,0.03131404974931407,
0.002281789733344453,0.005712176086667114,0.010853594760358957,0.01899286767552155,0.02502659633502131,0.03291422088321085,0.04705485944425913,
0.0008793108161931718,0.004054271220250077,0.010951139654370438,0.023623853021667265,0.038863190505901014,0.06189269265360136,0.08227273059767203,
0.000850829542739948,0.00048587296264613933,0.0003957812427349687,0.002696309805493175,0.0046215982818080936,0.01119973745691638,0.014262264795858124,
0.00032198462489459444,0.0006457574430167103,0.004756558125014424,0.010202499773007379,0.014717612819251054,0.017398199760301162,0.018193623193101475,
0.001985009404429729,0.005397461241071531,0.010157545802186856,0.017288245099972527,0.023182575795317465,0.030292035830519166,0.039317208449179734,
7.694743335008053e-05,0.0010050058800858228,0.0015586858871510139,0.0006137644660766105,0.0033012702285173897,0.0057936709893019085,0.01011552470396982,
0.00348076558275247,0.008244798399292144,0.015304487161215132,0.026335840759098065,0.036931458128563695,0.0448613409916922,0.05682005417899764,
0.00160993561127007,0.0055451951244192615,0.01057185151714423,0.018188710673226187,0.02434021717711589,0.029809588507922136,0.03792252250310201,
0.0012534783128217294,0.0015947001649366215,0.003946972410145578,0.005833539405467873,0.005284825785989475,0.0089425813920112,0.009985407143437432,
0.003583467100124598,0.007949970114961133,0.01446562234555141,0.02386379305205939,0.03041272787069949,0.037585308842954294,0.04537259228905504,
0.002103692593097758,0.005404955093928851,0.010520093460986838,0.018587773315775165,0.026825450737997285,0.035689719170393104,0.04389810767801498,
0.0013203933041318228,0.002967485171586681,0.005970650539347877,0.013434182932370538,0.021585111473940318,0.031760563847666685,0.05162333884270162,
0.0002504870771676306,0.0016149812089920423,0.0038517675630214735,0.007348443232545908,0.011112039613048165,0.014238460197494106,0.015233951128320542,
0.002000052100015062,0.0034240371095707826,0.006797044785478491,0.008522773344458253,0.010963204455194726,0.01803888764334522,0.025656230929247886,
0.002055674458847661,0.004116495674805599,0.007147903578692179,0.012643523886307855,0.018524534208673265,0.024601329443348544,0.03219651373750413,
0.0030027262941574313,0.006675129235877978,0.013390154752328742,0.021609236419491754,0.027714540123354822,0.03225329853941617,0.03706871401912736,
-4.435987122983595e-05,0.001063616727737217,0.00548168387873038,0.013354629814886089,0.020757067586116562,0.03024220919178673,0.043101983174946755,
0.0004268576463345656,0.001318040843425682,0.002055637261110551,0.002586941198436971,0.004015354470305395,0.005657830591473189,0.010538126824436564,
0.001519633459969824,0.005167638887816132,0.010835669553505014,0.019524611740928895,0.024213638369861186,0.029203813037405595,0.03284462886707206,
0.0024307260454398943,0.00703322792571422,0.01398622045162034,0.024459584940773823,0.03340985936225716,0.04590309221912275,0.06443910593716755,
0.0020060127659346423,0.006345348947004932,0.01227965976332621,0.021589870303887503,0.029984242181213535,0.039099731524374515,0.05214619101381849,
0.000722936199198791,0.0015176042564486708,0.005030911433221318,0.012072043459154,0.020603672920650292,0.03125591210478487,0.04652000949340936,
0.0014720194621192877,0.005671678958778613,0.01198287164814102,0.02152419561621382,0.028300736372858317,0.03479461601885169,0.041576574399440985,
-0.00030846234478022327,5.42529313815891e-05,0.0006279092206209603,0.0012148733870860795,0.0012835859538375268,0.0003734371389718597,0.0013937393198157437,
0.0015677648828196478,0.002263775616589242,0.0034970563184025406,0.003276796572822151,0.003295563560578087,0.006908958319866824,0.011370621499164233,
0.00015130242910969807,0.0011709791499756345,0.0019898250551333156,0.003263603373407918,0.003699671746797643,0.0026380546139426818,0.004597050412420815,
0.0003984077525347326,0.0010455674513813423,0.0029584125925528277,0.005411763728342905,0.007042328074551326,0.012704312899487941,0.014811548214325605,
0.0020834119830523473,0.0065477528997911144,0.015330157390818057,0.029850501000149847,0.041547349276777154,0.0546001658835893,0.07457052449446722,
0.0013439981460132732,0.0038130970485048495,0.010860361476588655,0.022858612285841212,0.03246538249131228,0.04827757556202291,0.061848413231949374,
0.0019695165429615487,0.003736384816399933,0.007194491951377013,0.009541879471214319,0.01020596535244289,0.010893132833045853,0.007956987776703275,
0.0028047192490099153,0.00922923400887207,0.021032902272527576,0.04159363831594776,0.05711482494989515,0.07047342003513807,0.09376921101920817,
0.0011401464655432197,0.002032346748721936,0.0037469157203114025,0.0068846174043071355,0.009114810969562688,0.01258844664285297,0.01617218409147902,
3.8326089575362825e-05,0.0008802521772883122,0.0038015421821650896,0.007368920745546587,0.006898562983826407,0.013499042864229203,0.006443077820727738,
0.0029604380949596935,0.00703819934770833,0.012754456156873978,0.021548526355351826,0.027979870577188284,0.0337822892183731,0.04090753764633878,
0.0033689620993762044,0.007014229638930177,0.012062200373686015,0.018322702350042012,0.023228708556024838,0.028288539186078796,0.032911704846457994,
0.0006616571134881456,0.0010529533077009818,0.0028067320232528785,0.004587652799500797,0.00586471386587327,0.009077442965002762,0.012993845555218835,
0.0012369249861780395,0.002206514607603593,0.0041030553513456405,0.00654314119819073,0.009215686137354453,0.011665580998278613,0.015118420664894458,
0.00024170265907888763,0.0008833689318989688,0.0015405904280795361,0.0027189976399075726,0.0033211053824846407,0.006759823259835668,0.005541223068193317,
0.00030684641463953397,0.0008262075971783022,0.004368602705579482,0.010103406326325894,0.014913462508656881,0.023339513096284573,0.026719261935365175,
0.0023396010382492334,0.005481737513187639,0.010082321387543176,0.017358643012030998,0.022339161120138038,0.028301398960864137,0.03125746961079003,
0.002769122377003367,0.006737939064102172,0.012099036285263322,0.020894991492734053,0.02849727223480158,0.03799901671951533,0.05048736581218156,
0.0017953629038246466,0.004901747350739342,0.009025774705686967,0.014616293824011766,0.019954587891088338,0.025569454458690802,0.03329287097651391,
0.0011661126203873883,0.005835535096733475,0.014872084556028382,0.03129419771366803,0.04659952762590357,0.062078926621920376,0.07955450561569566,
0.001982243521627234,0.0053662667612229785,0.011929724200532866,0.021961511155300872,0.03081391685702551,0.03969330968076875,0.05225838162962076,
0.0025656196843242486,0.006458824489625392,0.012005178628194143,0.02013288340331056,0.02708071323288823,0.03469308776424297,0.045624563131566404,
0.0021059545801436464,0.003687159353169216,0.0047356569074717405,0.00524574736232308,0.007334959484027375,0.01124537791878658,0.01622702600863191,
0.0004693949383724408,4.7069949719645564e-05,-0.00040266241199709353,-0.0002699322615142178,-0.00015825673265723407,0.000984729304443457,0.0014152347127539553,
0.0013138053787965893,0.003907504233899188,0.008951232638202165,0.015706328809918554,0.021172971438008174,0.026855190561281713,0.03125259168002795,
-0.00026388361212095735,0.001274949962605228,0.00712367164822525,0.015148719613045756,0.024096182906084923,0.030576483625058496,0.03154841523982055,
0.0006833748731412408,0.0015542228755710534,0.0027691077027852304,0.004415301038618772,0.006510508193683523,0.008544972237875766,0.010173881096605768,
0.0009401776553748831,0.0018452983265660398,0.0031072685303142893,0.0046882017988266215,0.006767185643016481,0.00974616849303353,0.012835983446870543,
0.001915064095636215,0.005434222418924708,0.012255769251955734,0.023467383682642933,0.03304788430287294,0.04442938192865815,0.06350055358026203,
0.004281220862116856,0.011831110687705301,0.023008849883474437,0.04107025242232523,0.056314597873478846,0.07020578766900874,0.08655362862490372,
0.00201411598831431,0.0069151683574787395,0.014598417282139784,0.027754956634057908,0.03892802969753129,0.050211353206970434,0.057024482534649694,
0.002080319054405725,0.00461314889472331,0.007640133731375322,0.011629623229126425,0.014652294124362473,0.017814227880081916,0.017308616968410902,
0.00021955748526651415,0.000613315820690269,0.0037379437782254885,0.009719426889763133,0.018074414220916324,0.020650408018595145,0.01704950576728946,
0.00047311561659755375,0.0008244633827919341,0.003053434977923214,0.0071724860762691104,0.01146253847096109,0.014729912886711256,0.01792043134918369,
0.002206087362966408,0.006608388596373803,0.014903395237651313,0.026627902415010958,0.034687291800984524,0.042130862014711876,0.052435604215552274,
0.0011450213391894356,0.0020848465707861974,0.0031957189652168485,0.005255981581234486,0.006483669587764137,0.011259735166420854,0.011859427049951535,
0.0006562794903684285,0.0008135273943377887,0.002492827355704463,0.004166894221903763,0.004429256770235309,0.008507007734951808,0.011217476895113954,
0.0011638480105233163,0.0032457103299094263,0.006951671300314822,0.011002594851802976,0.014041638024086124,0.01877330243830944,0.023424566594354573,
0.0001875311410254734,0.0005698141338924133,0.0013729267610939353,0.005473761858399083,0.010501297625518522,0.015809196358541555,0.020885614379722472,
0.004094853191932855,0.012296467181887481,0.02612404626198578,0.04990499984207108,0.06765589371689515,0.08613754489806982,0.1134014110635011,
0.0005930108427354263,0.0011318503528791046,0.002127749005917307,0.003715214677014915,0.006972303458221426,0.007858127579614155,0.011189264109233685,
0.0012294407780923638,0.0024775206140682723,0.003735446391957552,0.005175953649506504,0.00685512635093152,0.008200139022092498,0.010356471641267849,
0.0015227494014646043,0.003863739046942931,0.006521920730115188,0.010955423710459409,0.014217156838714606,0.01693740845391873,0.019693052963500712,
0.0025364381825137344,0.006155859579877509,0.011143107621392275,0.01876122108895695,0.02595098039182617,0.03428425444765985,0.04371839406792205,
0.0001157083856888544,0.00032731702023452227,0.0011766063912530514,0.00243658897774343,0.0029229171991689796,0.005141895022280283,0.0030892285500981336,
0.0006901725067685894,0.0003752760843677983,-0.00019900524448296386,0.0038407509765846885,0.005725892588003166,0.005088713178725239,0.0011403962334205061,
0.0013002706095354667,0.00350526179451636,0.00856089422940342,0.015090522018906078,0.020178412044751005,0.02547928288439084,0.03249695830180332,
0.0015746259690356513,0.0018578035362316885,0.002616308308808491,0.003023671487189299,0.003655572814823885,0.005259980130383867,0.00670600194039073,
0.0013440713532640411,0.0031095711963827558,0.005742910579100824,0.009319561743900445,0.012445176374901166,0.016261413832689024,0.01942118075690309,
0.0022810324256084796,0.0047207322575827495,0.008093009013186957,0.015058598665923278,0.021978079721120806,0.029116209376936226,0.03773858834786778,
0.0033332513565942374,0.0077708510237967125,0.014951201044516528,0.024277121364782633,0.031243316814435793,0.03864908125966925,0.04593753126204323,
0.0018154294073944384,0.0032003913344073767,0.005204958749045981,0.006905575561668366,0.007945994301191224,0.009377821857490226,0.011878408250701591,
0.0036539520112290323,0.010282134704356374,0.019096909003191664,0.034228101840901734,0.044830085944856206,0.05582947510366137,0.06867646208768027,
0.00236905186691682,0.00543135911675467,0.009239856565314536,0.013967426534164057,0.017871913628135574,0.022362172605262284,0.02787606635523469,
0.0005024120947826804,0.0017427947977468967,0.003202413962409612,0.006296324817734273,0.006500879940965821,0.0101149181234895,0.007124552420456883,
3.7292748126039914e-06,0.0007760920450927813,0.00704442502955878,0.016462472597378375,0.02064488989434587,0.02997807706551635,0.03924399019923012,
0.0010689250475992243,0.002440058698856858,0.004187187413266807,0.006313367788113824,0.00871476078279462,0.013116209349713692,0.01695248533529938,
0.001292746516762506,0.0017448886735081852,0.0031665033267927255,0.0048242719927621405,0.008502191171857583,0.008855980886791934,0.007234195581053616,
0.0005444909430505208,0.0019127584146717282,0.005424336235854924,0.010269252292091888,0.01453184092042664,0.017569543146176363,0.02038704606670544,
0.000823715175179521,0.001119652625149088,0.002325101801714246,0.005084274958327643,0.006047894668846255,0.007448893494993672,0.009379740541284296,
0.002488106572139583,0.005447933634843204,0.010922069953762133,0.018717821599944177,0.025223221632520786,0.03319950815161091,0.044491712722716646,
0.005099348274000771,0.015215487394975677,0.030157914732800457,0.056706913164479594,0.07924175287732217,0.10099083161349293,0.125531937351433,
0.003676020023830479,0.009450780607852873,0.017359357243381238,0.02894527922084121,0.03703345551178429,0.04502890330451978,0.054459678315315424,
0.0011159874697236197,0.0019528192854817922,0.004588189594514239,0.008229124115957744,0.008799816322905076,0.011852552624555207,0.012480878545010588,
0.0011875013295963306,0.0021300490226360347,0.004060068660712164,0.006953263538766945,0.009285891622882842,0.013348976701133518,0.016869400513073566,
0.001204759170958594,0.002141328519748734,0.005020541490100508,0.008518322348299277,0.012263514141491271,0.017706046422092378,0.025800715274936603,
4.414758745340294e-05,0.00024239765575288894,0.0006339731799914636,0.00042451355293475496,-0.00047806852763452966,0.0005123157509891245,0.008371689514214494,
0.0008398082533812817,0.0021464312834544104,0.0038843069669774427,0.006219309603009026,0.008433589876469276,0.011591559151997633,0.014946943928339769,
0.003322421617159061,0.009619499107323291,0.018938974094634412,0.03503796281195551,0.048858074037019854,0.06203480029075624,0.07889352031334872,
0.001940230900668444,0.005558671533980773,0.011791746919656669,0.020725463589059495,0.027571381733940064,0.038684791955033944,0.04919141440047054,
0.00028565628401972036,0.0008363498133381735,0.002721779463599614,0.005121527134473238,0.005188263953547163,0.007445322038117655,0.0158529968536527,
0.0027686825757214867,0.008132991208299904,0.01700310278164641,0.03235556807554299,0.043984820733029194,0.055124483807512475,0.0678242889053431,
0.0005402344618684186,0.00038470663505536155,0.0017843831051140217,0.00479815740330104,0.006945287225501553,0.010729686756335448,0.011813819561084923,
0.0006094065010072152,0.0012024203744166594,0.0019159169501244964,0.0030929433973862115,0.004728114994882613,0.004515760480714618,0.005269637664326904,
0.0030148679936556006,0.009614655814571577,0.018176692510020246,0.03316262736314535,0.045848946778242826,0.059691331748354,0.07597188787307019,
0.0023004427274087307,0.005793837283113902,0.009479009635480533,0.015196314965298873,0.02081680277752686,0.027314311726724504,0.03728608374635553,
0.004141290474092801,0.011759619032493715,0.02425100553893538,0.044770724333595156,0.06284525847745036,0.08161807267416955,0.10426168013660653,
0.00230849554710111,0.005475911331780332,0.009531566119095308,0.015312462160192272,0.01989167160854133,0.025457555645982354,0.03212011177118591,
0.0017650561165436236,0.003255507962339471,0.005686735502712192,0.007512656838926554,0.007295125210917353,0.009761655450786668,0.010582679427731742,
0.0027490423051274564,0.006178370113267795,0.010619101925424708,0.018220608892089537,0.025663717413797152,0.034280088935076385,0.045683898784890944,
0.003137023479781415,0.007302002824036732,0.013186738168394406,0.022762641128612607,0.03221309823821717,0.043759361277686024,0.06156455159873865,
0.00046727862234485095,0.0014376677142260547,0.0028427802781994848,0.003647413641628058,0.004319743758713928,0.006962806416025284,0.008039618227282079,
0.002725054371120885,0.00800694792131071,0.01664556882556927,0.031045038464601164,0.043189614440002216,0.05727136998637027,0.07669156105376197,
0.0007624964115201662,0.0021450812680782454,0.003885118459682364,0.006309786467880461,0.008537912279168005,0.012151543643496245,0.016748555379086198,
0.001041519143090308,0.0037876149866837893,0.008355173574036787,0.01753772810344834,0.02805017646183095,0.04181960353265377,0.06484482286365602,
0.0019451857634698016,0.004971789359211946,0.00969824317173742,0.01729700993160789,0.024362468242613136,0.031001945703231427,0.04723796184189765,
0.000922684594112086,0.0023239295813765313,0.004691080473328223,0.006002623722003211,0.008503868827010676,0.009157092715106898,0.007455927041151158,
0.001484057732935942,0.0018597254245017545,0.00394035929845132,0.004352366609054596,0.0027757066222356174,0.004469748805060333,0.006751487420195308,
0.000225208996412717,0.0009270384626096372,0.0034202097246661717,0.008231560982374217,0.011798209089052953,0.020839639497137966,0.02367907248276287,
-0.00016183656499438786,0.00018961054415408932,-7.665234003723791e-05,0.00045485665918508495,0.000640686391846917,3.673111250851295e-05,-0.0004530911748044301,
0.0015006364561150891,0.004062471214798818,0.007462718652088945,0.01216882595254973,0.015510011749013248,0.01968266434207068,0.021724280923338925,
0.0019001891945427758,0.004641371081585798,0.0086924784969529,0.01291879449065016,0.01602831193849608,0.019090532390192195,0.02200300051793056,
0.0021146343168087717,0.008725781373135512,0.019905347542439982,0.037912103841362566,0.054336361956702356,0.07419349532072773,0.10634307744779942,
0.0006653960763837436,0.0017777039272886244,0.003410883290295616,0.003319920278965827,0.00525463025804513,0.005450572644682837,0.008530664384194007,
0.0018601933263947801,0.004318490925056385,0.007878980617443332,0.013038172963830714,0.017419802297889756,0.022335811254530175,0.02751146652551977,
0.00043120702098052636,0.0013623296168940686,0.003152968643725827,0.004644526024782546,0.005389697604969055,0.006083317352358333,0.005909810974154293,
0.0006790063575261002,0.0014768143768956494,0.003157261712777376,0.004377325793912908,0.00519883980276674,0.007486699124157969,0.0074671565034880325,
0.0009320459396768324,0.002695338199131094,0.0049834786678018,0.008699843974428714,0.012147325368435897,0.0152303737906172,0.019807272562942735,
0.001223221222382786,0.00408744785294407,0.009008879485461472,0.018175549548762552,0.02679274323128472,0.037718100874037465,0.05277500146521683,
0.00041860015798320343,0.0014606713934536715,0.003342859195428336,0.006545312105387637,0.009027024026947432,0.013913382013005496,0.019348183957198076,
0.0006151757947390484,0.00047125701591407306,1.5980795573075158e-05,0.0008755650514170728,0.0035164046730468148,0.004782042494870645,0.007809343260159946,
0.0004711062536117827,0.001079095830499602,0.0022742560975650135,0.0037280647094314477,0.005433726392005296,0.006474184109160786,0.008984336740982195,
0.002751499944448806,0.007798163836406089,0.015902333865295427,0.028181791008226074,0.03979132474471114,0.05021157282770909,0.06550734522923386,
0.0025437137251156715,0.006770149659599211,0.01275096817972443,0.02101661773648771,0.027198381947344127,0.033810737127844465,0.04234980067189209,
0.0012296853001938053,0.0019988506763932456,0.0035678616667542125,0.004104137427255129,0.004474786194061945,0.006300968745866796,0.0112792676934174,
0.003897275983357638,0.010052797040713825,0.019269505419317223,0.032083024859085534,0.041534122330612294,0.05024287984601051,0.06037213336667601,
0.0021899328277066236,0.007247346206834528,0.015181894712265956,0.027516019573807903,0.03685941873375364,0.04584429796431519,0.05655862277474213,
0.00011507278395793007,0.0002396819272009075,0.00041595333989426675,0.0027108826097842543,0.0059017153518235565,0.0022079362234608607,-0.009066228661840259,
0.0016181942470335495,0.00440804006828395,0.008816512120140223,0.015521438474221048,0.020045720065679385,0.02655291076349735,0.03428964044865121,
0.0015885908018287433,0.003244297445119893,0.005040186196183394,0.007827672589467713,0.009909614175958923,0.0136137419636815,0.018792707512414075,
0.00111162767411796,0.002847231241012321,0.0056915631090947,0.009815530149501228,0.014852264911040466,0.020165997195484637,0.027865519113957998,
0.001964206405932672,0.003340560781613946,0.005821043501138255,0.009809926479764246,0.013451266584849323,0.01898605963927247,0.025276086805452305,
0.0014416056367941021,0.00399327383910571,0.009276862826503522,0.017554511460902797,0.02373341890792614,0.033156112856158916,0.04422220455636331,
0.00019839233679650972,0.0011139838934649498,0.003585107947502568,0.007412071146186951,0.012604828255992519,0.018450801911704506,0.026491329237900502,
0.002738714583571864,0.009623867745095714,0.020607760077118634,0.039132377024625714,0.05388297544864637,0.0710656330072173,0.09850746805354693,
0.0030120380698058224,0.009062982866953393,0.018558369260933457,0.034164142645346854,0.0481268425771332,0.06120240180730451,0.08234354114367352,
0.0030908813187381905,0.008258400025732311,0.015458658091633094,0.027489419562205675,0.03718943901387604,0.04845269827606876,0.06364136029449245,
0.0005794367621198268,0.0019168187908965857,0.004254548436122286,0.008259180128264097,0.011805247386108478,0.015878440192695634,0.020197472153691037,
-4.531761015564513e-05,-0.00014411860738536804,0.0002145487839747866,0.0001586736240863725,0.0003573532811252082,0.0021415184227218187,-9.292774046052577e-05,
0.0033399784955366932,0.007602637917487303,0.014705020495345852,0.023875425662531792,0.031159557601166395,0.03850077879031045,0.04691611265023296,
0.002659152083393625,0.008377528147889248,0.01614380903775901,0.028910672965751033,0.03896808148920792,0.049950588230678356,0.0641606374589385,
0.001741738927464431,0.004402289294223106,0.009897921971308114,0.02015305272033102,0.03173414184761992,0.049871426637695726,0.08276948447291767,
0.002758845820270473,0.00899527227570221,0.01916365340068298,0.035479570942035146,0.048345588112915186,0.06280002904864963,0.08445502170121978,
0.001855665955429823,0.005140469052725181,0.0112195126517334,0.022007807217502468,0.03222861094375117,0.04735570094608777,0.06852033151272158,
0.0003611676346608982,0.0007076323376116791,0.0037670596402312566,0.00879754683939751,0.01260957516182462,0.01607117922189433,0.020876087598889096,
0.0002272775770179533,0.0005663539159832408,-0.0004544925322668166,0.00042644228245395976,-0.0017513351201438037,-0.0003146648325155698,-0.0049954269719517524,
0.00011634289496076362,0.00024029036102249832,0.0016049222705145105,0.008797006343021614,0.013558999210940155,0.015990217687794798,0.01484401543301626,
0.00030953146384062746,-0.0008666990517065869,0.00019100020046026558,0.0014090062793483136,0.002179023070850161,0.0029355594196593207,0.006186285344863396,
0.00044257071619147503,0.0014394646290061812,0.0029190230911660072,0.004499155545657774,0.004353059592830539,0.006602882532166858,0.00502064111082273,
0.0026606980307826715,0.007122251211247201,0.01332670627328447,0.021627201643012864,0.028148235174247912,0.0347379054684995,0.0414716360748559,
0.0006345879462087575,0.0009596867149701408,0.001078638798565085,0.003399437633808507,0.00881269369596124,0.012241266239006366,0.012790667528432472,
0.0012826613063586813,0.0013498536633796685,0.0032283768182033708,0.005450418855130633,0.007154552386522731,0.009683771387880818,0.01164041825977733,
-0.00037352906400800473,-0.003335582676851361,0.006616805930109933,0.0133177126109596,0.01706779373671934,0.02089989500785344,0.02225691554665572,
0.001060491580103105,0.003373564744355537,0.007601678086848649,0.014431040494843192,0.019992535555750035,0.026959854574246503,0.0344199584612945,
0.0009629408516789215,0.002232173362496598,0.003236932833456609,0.005546688485752841,0.008070829883246113,0.010826389024444116,0.015263806144414596,
0.001845841681518197,0.005243904460694671,0.011385210589718437,0.021640423033185866,0.030999535579403967,0.040032324597619615,0.05204492138817336,
0.0019787021934131667,0.003824501885688989,0.006876445191608756,0.009466786008288099,0.011828655269900292,0.015400084350798869,0.020679186340157175,
0.0017303736768567747,0.0022574650745780804,0.0030943436712618276,0.004931429049249134,0.0054275332133088,0.009445306906395551,0.01292570506608315,
0.0015069514477926713,0.0030952430551677347,0.005647320717792994,0.01026345068275095,0.015582476476811545,0.020468907229934885,0.026893304598455504,
0.0005603705636740997,0.0031655766337585446,0.007642809318791382,0.016940430719200532,0.027375489708696098,0.04121541689738037,0.0640635097269185,
0.0007048679705384391,0.0011400664545882092,0.003267154449030457,0.0038509833621326707,0.005111245035881006,0.007156040898158543,0.009163261207085355,
0.0019350072389562876,0.005415087940672542,0.010712559284074536,0.018909683877044347,0.02522200370075006,0.03279413983429565,0.042455464082175785,
0.002107369158281302,0.003695881938041212,0.007612036167850548,0.011376113788621904,0.01336998265475724,0.017572944641584043,0.024298092392275848,
0.0017898335684248718,0.0037000467738857864,0.009526305869934327,0.0184332538304066,0.026400318978506514,0.036754862181602635,0.04963486550886777,
0.0031975141489781556,0.009508000160095682,0.019074417487469342,0.03364427439965823,0.044992453878547785,0.05537980905750476,0.06872369911715027,
0.0023611437225655243,0.006554782583513233,0.013702379306284988,0.0239051191825976,0.03281492501939619,0.04100177266059066,0.05102241848276962,
0.002794366101078077,0.007121564316948545,0.013590021372980272,0.024940549074170947,0.03551371071091057,0.0497227293169763,0.0714554896162001,
0.0021115123948808124,0.005346217796050145,0.010129314298831783,0.017094493541718832,0.0248687764640644,0.03248485027121007,0.040582314932071525,
0.002546427813158941,0.007694046612304738,0.015772011501915987,0.029914334849874605,0.0435888061961185,0.060718775297061475,0.08368739059794723,
-8.593058456221608e-05,0.0012944349530404225,0.005873415365279566,0.014220696026876705,0.02170803494994322,0.027130738599001652,0.02887121332227326,
0.004902969220924993,0.011687505759030567,0.02253563851712497,0.039626765586916794,0.05408170905623275,0.06905420628971731,0.08693256142590694,
0.004417042203748337,0.01142409086686236,0.022317136844973568,0.04034210213605729,0.05537725851922589,0.07015431142221543,0.08600270644025267,
0.001483164609240711,0.005857109255509862,0.011600179160783729,0.021941084271463622,0.03024272721376522,0.03809528347336541,0.04723579823900554,
0.0003802026579442481,0.00036888932292822313,0.0024021182153704784,0.004707077574446147,0.006213738166395145,0.011310138663586747,0.009769791032875563,
0.001088342423268913,0.0021175683592649574,0.004525396786164108,0.007312336427155816,0.009797807132521099,0.012337198219138994,0.015070744713906221,
0.0014238852247127802,0.0029835888719330415,0.006195979056072652,0.009547061692316366,0.012473285237649987,0.014958804202368,0.01798228511501104,
0.0006580129904583863,0.0010790067557808866,0.0021937388832561694,0.004223477873032399,0.0049706821064052905,0.007602399208895242,0.01145557213910944,
0.0022673167799724947,0.005944763372394702,0.010796949658550244,0.018221539215896868,0.02455371006937073,0.0323270471230709,0.04281892651158429,
0.00027350621415844843,0.0010740065729748821,0.0045610414124206975,0.009877193418155206,0.006786183869577825,0.02609827467541725,0.05995939914650588,
0.002798143192130866,0.007910098832741528,0.015431113761834809,0.02659708019731715,0.03566255095195014,0.047155060698477934,0.06447756418243239,
0.0005862435333289489,0.0010756354664542796,0.0041420260336345995,0.008238292117482147,0.008358692890307075,0.0062339443183983744,0.00904766574352356,
0.0025794057114569263,0.00742627231074692,0.01527163428424899,0.027446685757446205,0.03821314538741003,0.048932119075942096,0.06284704123034078,
0.002584625706693574,0.007044348216610939,0.012541129857499105,0.022066522642262346,0.028622267917797792,0.03464068243209719,0.03999553288144997,
0.001721049323669346,0.004109262960478085,0.00767353170168003,0.013781797793455989,0.019663679757556618,0.02732468392786917,0.03881301415087713,
0.0022010861974393896,0.005323248128785213,0.00961306002180406,0.016295603559516533,0.022243748911974212,0.02698583268407944,0.033861446619586,
0.0027126661566471695,0.007035710106218183,0.012043657825353682,0.01940630118495902,0.02512424576071256,0.03225245932176216,0.04075010316513958,
0.0004761843374077661,0.00036028547554984365,0.0023184736082286425,0.005269346233634215,0.007777928186711078,0.011429160277864798,0.016049780950214098,
-5.388908225519886e-05,-8.654884035156336e-05,0.002086152219554765,0.006874600824745042,0.009542527654513243,0.014924693699143246,0.014003571503217772,
0.00040681515704055915,0.0028704958548183192,0.009339033269623287,0.0176631007655777,0.025157155421723098,-0.005558553192437029,-0.018270657463527802,
0.0027438716823992566,0.007044774816663175,0.015549823766336308,0.03129886056985908,0.04500119075592705,0.05968549776308319,0.0837412122166874,
0.00041575325474047664,0.0005887574886717772,0.0005083722219734397,0.003275647676679144,0.006071705569074426,0.00654403344862434,0.0033789378544986136,
0.00200491504630157,0.0038719946382188733,0.006520896876784144,0.009842522128871907,0.013359367032067955,0.018155010454537438,0.025275722083251576,
0.002495512445062105,0.0056079256970012915,0.010871232411599825,0.01785439354716229,0.023814512686041133,0.028104893213057657,0.03370721664963715,
0.0019476044032062188,0.003698344918835598,0.005972240773087557,0.007730120375947781,0.009930015675915976,0.011652964224967552,0.016196017536087334,
0.002142743402673877,0.007079968543694091,0.016757459506889335,0.03393935530396984,0.04863097570274865,0.06781320998619192,0.09518122770271374,
0.0013714107895176192,0.003641563977364796,0.007980606413506628,0.01320524135733736,0.017919755152105133,0.024449534425706795,0.02848628205771585,
0.0002945909450350276,0.0019446595391429398,0.004738271997394336,0.010287710368767404,0.015268686555704944,0.020288779422838087,0.02853768062247482,
0.0005997944630757951,0.0017105734717792014,0.001623252188161781,0.0013473693551560837,0.002926344740576996,0.0035581319545328763,0.0026515134796306675,
0.002558437577356041,0.005255499947665339,0.009111763301523213,0.013840239025914485,0.01751814710911526,0.024553869095290937,0.03201913442061322,
0.002404583958534656,0.006452488439564665,0.012130740488223003,0.021393235121142284,0.029257545470558814,0.035977126655128984,0.04563959291029498,
0.0004944081454761265,0.0012378388651179712,0.0009057857593161809,0.002660380206734141,0.0013387952068563977,0.004841583498135338,0.006986069196304038,
0.0012573081984544874,0.0024363942548441247,0.005901445677508511,0.013290210337701074,0.019960557233815065,0.026638201730531073,0.029162498305123446,
0.0003866942451083913,0.0011452995202436847,0.0023035181982947947,0.004270948924336829,0.0040486915250469956,0.006155936742981872,0.008083004731050954,
0.00164281797973668,0.00465941848069246,0.008607959253124855,0.01582041562931696,0.02263410885286094,0.031167350720593397,0.038604272245262104,
0.001130991641753277,0.0025877805075809413,0.0053326646888533676,0.0062890106023748135,0.006563691057565237,0.0068879638794301055,0.007538306768309798,
0.0007870895096838604,0.001310561548329453,0.0019380309950482106,0.002897689266161853,0.003755508741005845,0.004874510920004404,0.006867588239644943,
0.0021069934246672178,0.004699945707554499,0.008347689520363936,0.011914704993147089,0.013775562646780351,0.016763148289281334,0.019990013260931916,
0.002587479807203329,0.005295500154755376,0.008489761325611049,0.012719198006035562,0.015001325786804184,0.017084509765526508,0.018558274264614476,
0.0017823690001527097,0.004650262323041346,0.00880311949367582,0.016685429102909502,0.024640509625349204,0.03427474327828018,0.04821231326890213,
0.0008366260398734132,0.00161192845847069,0.003207894500032176,0.006007890670328851,0.009737354517935474,0.015526642560319718,0.02277935109307187,
0.0007885445837239048,0.0015824470507824397,0.0043193997304573194,0.007812225774653459,0.011142326285408824,0.014296275604838756,0.018878710000948606,
0.0013468822395261398,0.003830759739347216,0.007073354613244689,0.011557151052439287,0.014892628132387621,0.019016048886764333,0.024162021218873304,
0.00033026006365723093,0.001247978307084261,0.004161852182562891,0.009196470775535535,0.014923640423789646,0.021467060314857914,0.028460778568492707,
0.0028708250757581654,0.0076076449980220315,0.014191105948722546,0.025597957544713133,0.0363789960946228,0.04982029575563996,0.06961919134508326,
0.0008393626105249729,0.0010622456646960517,0.003590217969473069,0.005533769943625092,0.006885486817053032,0.010153125042506508,0.017954902092017288,
0.002059827713688212,0.007348186237507733,0.01709842421682279,0.03433135673877977,0.05197753405295018,0.07561246800704331,0.10744020009279437,
0.0012143330152720592,0.004047747021497449,0.008407909879278195,0.01591621895041601,0.0229894174016924,0.032262091321440325,0.04538667919312448,
0.0014782329554661373,0.002388800007863462,0.0034453162188582565,0.003873083546936256,0.004150952230310854,0.004617154667157023,0.004839526287499508,
0.00040204213109088665,0.0014996598409876935,0.0023353865642474197,0.003175884235818599,0.004515872103816824,0.006700983032210664,0.008148035232427582,
0.0015230963723935809,0.004110464882990815,0.009877317150402633,0.01852349605679532,0.026540138034116235,0.03485621620317279,0.043133566724213326,
0.0025191162230368846,0.007000024785585331,0.013220361715728287,0.023154330208497376,0.0318881382513537,0.04151158973362665,0.05462862542944887,
0.0007296058821663066,0.0020021894681813784,0.004278431831985393,0.007208231755071229,0.009630463425760565,0.012403757356617962,0.01740145655584646,
0.0004593611969598171,0.0010973932546276823,0.0015986851128534088,0.0019986186652676814,0.002226098771355017,0.003064095354312495,0.00396775600979787,
0.0009812902059922156,0.0023478042555272766,0.0024916940507908043,0.001901437740035205,0.0035476333565623106,0.004336528727700143,0.0035134755994822315,
0.0007392713343420175,0.0014421621107774088,0.0030351226269268107,0.008305605010340365,0.011618707374154274,0.018494077591967695,0.028458343553756326,
0.000517304896264073,0.0010459236562030789,0.003012083350767285,0.006732248683344799,0.009961434150316133,0.015485402116531653,0.024120438832931416,
0.0012749512020099466,0.004208964379934898,0.008929946619841174,0.01592367966450532,0.021700048820719367,0.028794622592853408,0.037128270819834615,
0.002014816444459696,0.00578099969372314,0.011343828999007677,0.02046833397174773,0.027919753186224458,0.037504163138417757,0.051353477660670444,
0.04149732829613228,0.0797341979896149,0.11906166806774719,0.18149855446210444,0.22766891073723952,0.27079353399318856,0.3203486932992526,
0.000715650761556631,0.0015909378132810486,0.004030969183897598,0.006464293352181461,0.009136903051454086,0.014401970374807728,0.018940446401369156,
0.0008504596835723263,0.001459644098240639,0.0028763578941886033,0.005719930946533152,0.007953730683725324,0.013357349425684013,0.01967432119086521,
0.0014082728204262319,0.0021819681727965317,0.004412269261606887,0.006518788384209239,0.008144571487540697,0.012282939140527272,0.0185358714278656,
0.0008698598795857101,0.0026283112136465735,0.005199094127018233,0.00865559057707032,0.012032159686050339,0.018669173996598273,0.0215266476331895,
0.0009811503329705815,0.0014930610000400048,0.0027429147358571616,0.0038151042531955758,0.00455117348287459,0.007025206288806215,0.0124533447979216,
0.00013825012661022743,0.0008397115752414585,0.0015705270203965256,0.0022794382585265894,0.0028963157669748547,0.006351770391204939,0.006147865906962135,
0.00010768209965494878,0.0003292699819749181,0.0007214898973768298,0.0021519917465556222,0.002048279515379892,0.002857780522882579,-0.005450922960838997,
0.0016761058265355355,0.005038212104437779,0.009897822799425192,0.016736830698316222,0.02205817481458267,0.028821425707084455,0.0374509317811982,
0.00011564670004598988,5.505322798331793e-05,0.001716610562171446,0.00515173800984396,0.006726632038802565,0.007364288649983988,0.006590840161784208,
0.0016911835603611951,0.002857222706043457,0.005432218282875326,0.009464332329495867,0.014254290651581757,0.020227167488486856,0.02604436841528198,
0.0022048400951360254,0.005301028542758947,0.010370148836016833,0.0179263244208212,0.024650716225741217,0.030519170846625115,0.03962480468170068,
0.0009702786991779672,0.003917241233315109,0.010924051296684074,0.022326368838235577,0.03200685148265756,0.04299346423258696,0.058837659811945976,
0.00037229925137507525,0.0009311175733655999,0.003793211002808046,0.00889855965841366,0.014311280706657716,0.023733786291490585,0.024134742969979552,
0.001382554522048339,0.0025436870142653027,0.005682129969952283,0.008320934987163027,0.010529843364562393,0.01193591327198517,0.013098300191483928,
0.002625520227298834,0.005727117458198028,0.009695341094816423,0.015629668078726167,0.019923306670145358,0.024990318670354804,0.032109699141205435,
0.003791061916358512,0.011571969334886354,0.023354241716453873,0.043533327601463834,0.059983941889128305,0.08004230437501293,0.10710612660031997,
0.0036146753246961293,0.01093821203861952,0.02097264819762417,0.04059610656158242,0.05634059290139047,0.0740765767705716,0.10326413897196333,
0.0005792411952025077,0.0014411025688765755,0.004550697858925538,0.007356434365683526,0.010003688628527296,0.013496126048981228,0.016511675152887078,
0.0025600306425868032,0.006732312927057549,0.013135510504829799,0.02280862149185939,0.030900119795456697,0.04096098772218286,0.05344992225967538,
0.00024471383527149463,0.0013030783979475946,0.0034783155922438742,0.007374588732729524,0.011997073111618328,0.018847678414467717,0.02614321739718241,
0.0023043531073182813,0.004699063392262782,0.008203458955953875,0.011042032413549155,0.013296938951089318,0.014483077341895573,0.01856044361223458,
0.0015337516447264821,0.005036405334514772,0.01137372282412085,0.023447641721524123,0.034718770578554686,0.04920724411249821,0.06333191397779755,
0.0018359063142313412,0.004073644295467347,0.007263521439641038,0.01211385299027283,0.01681273048636183,0.022510174848828158,0.030440711034102848,
0.0029471183087129106,0.007697804129889405,0.015169495585980632,0.02750548291712461,0.038431413712513775,0.0510913833255042,0.06652416475652073,
0.0018624466007693687,0.005459863494211865,0.010529331740944425,0.017713852134821954,0.023195592318720735,0.027989434287364546,0.03489871797509237,
0.002870781997471188,0.00663936848166095,0.012722173108958379,0.021951046236636643,0.029722374477296313,0.037156576342113445,0.04790235141327824,
0.001433281639388948,0.003477136265767141,0.006651460955680469,0.010213105925847428,0.012600225938905744,0.014853075217153172,0.01702042794429226,
0.0006413661858431732,0.0016842834565799396,0.0035296268502732677,0.007735852742523189,0.010441846568710807,0.014096255649669704,0.0129577143729098,
0.003249668746409624,0.009719524605795145,0.01885938525457016,0.03240112374859902,0.042362990082693765,0.05242378904477799,0.06673128884594551,
0.0009812919571664652,0.0012386053777453492,0.0014524916556487549,0.002937571255866445,0.004304878653849722,0.009218130339798932,0.012824588169880679,
0.0007809742399737956,0.0010681279420979564,0.0024703289534195876,0.004559772322003233,0.007667225019372303,0.013514966130707481,0.014653930741360842,
0.003329747827036973,0.011273867382586863,0.023709236836492845,0.04438184211299315,0.06070116094658929,0.07860794645641446,0.10699713652479545,
0.0004940334133454048,0.0010397711770117513,0.0013868351059630035,0.0023066145853151425,0.0037805022332185784,0.005239496318581076,0.006140580170675611,
0.000642507342323734,0.0017273057429788574,0.004504992436650047,0.007202610374663158,0.009219523648227985,0.010153357846859801,0.011690505822790888,
0.0002567400367097725,0.0006627842137254521,0.0021796617471053197,0.004806492114205308,0.006707546551079491,0.009886822818112956,0.0049340833144659755,
0.0025046764106265774,0.005527908954898344,0.009925520427610995,0.01659996675901974,0.02403650147218057,0.03153514022615544,0.04287473834956315,
0.001516151000941543,0.0023802897612065226,0.005468222367765899,0.007858913299511633,0.00932218821605299,0.011698706009148218,0.020357467015454316,
0.0009782864600238609,0.001853119363772478,0.0027780766142959405,0.005341921062754155,0.008588746456209304,0.009879444842794237,0.01111333798807355,
0.001604755852363887,0.004224341877408892,0.008244550027736488,0.014587021074892239,0.02014581746608708,0.028612232799567514,0.03915064648028154,
-8.113939837348159e-05,0.0024632001318221335,0.006973990236037812,0.012441755416582762,0.01604696419948709,0.019635777418162373,0.022770509516628006,
0.0035320934805958726,0.01033691239169588,0.020008389772244048,0.03581580874392276,0.04928744838737104,0.06615211668419631,0.09268733534638446,
0.0031948968542699183,0.008060109815843075,0.01704407619038057,0.03035871104011668,0.041832026634070686,0.05413357716594926,0.06767557777451902,
0.0009497372188291683,0.0012623503025293301,0.002381736586389211,0.0027402510217461934,0.00604677343876436,0.011882539605497197,0.020492258394816894,
0.0010711839044740923,0.0017446809538585943,0.0012515477191262885,0.0011653832458013956,0.002626881959817475,0.009009208373961798,0.015534672904175486,
0.0014321460808339641,0.004488850759366615,0.008898924657760293,0.015992538098965375,0.021042863781733714,0.027521751940691497,0.034491990479883175,
0.00037177327928687086,-0.00019257409088459587,0.001370706744417961,0.004229422579662859,0.0038102061466663974,0.00495097785487059,0.0006864905839984587,
0.0024578724369745657,0.007627022203151809,0.014761158172276577,0.026135556417733116,0.034909652902294405,0.04499779953733934,0.05958377974080048,
0.0017681279609104447,0.004964531573610975,0.010406274076906856,0.0181003042028922,0.024002131183630038,0.029862169143448074,0.035745856048403184,
0.0019884309336188903,0.007923943347001939,0.018687643218078035,0.037972216017617494,0.05470310350035313,0.07805579179917928,0.1156873671068913,
0.0007494220588519185,0.0019202932890753173,0.004028587854166641,0.007782170651261376,0.012084200907315008,0.017250661877962634,0.02326332139909271,
0.0031526788001556283,0.010101241680608115,0.01997725689558318,0.034914923202351025,0.04572231350815445,0.057471635714081225,0.0711127284876279,
0.0004258220704857535,0.0001338327246775142,0.0023741526219116797,0.00571337433642479,0.009325993882446504,0.011760974635328861,0.01812274454325974,
0.0027561277450777934,0.00625647807815299,0.011668484705437932,0.018390334401077117,0.02399081848427894,0.03154093523293126,0.03736781897699701,
0.001240089907583883,0.0031461583590792976,0.006744383574086496,0.01278800471463202,0.018929021594864533,0.025649923332086787,0.03406326465149156,
0.003177805524597805,0.008612292052204675,0.016782025409893372,0.02917880862185163,0.03890201791838879,0.04697045326979202,0.05434370691677167,
0.00115824274244651,0.002491071059952159,0.0038737278709173833,0.007330087661404203,0.010227505888254263,0.011541936542537235,0.012580059310853842,
0.0002411028620255508,-2.1014828288030986e-05,0.0007312191945529066,0.0023356173445606993,0.0034023175345203566,0.008661952506383321,0.014468796977617809,
0.0014380023674329572,0.003454660402477437,0.006868725114403608,0.013336806077598238,0.020053196064194367,0.028059680784124137,0.03916440085200182,
0.0021490665411730914,0.00492598564755854,0.008903337914696968,0.01435221624458312,0.019420729241462365,0.024796550765339855,0.03259594685026114,
0.0037527915043794225,0.011119668673511203,0.02217694149025235,0.04058854104559018,0.05521760579835242,0.069425905957913,0.09297161940627434,
0.0008230475992044475,0.002385312555182184,0.005374912974475638,0.010428093056364725,0.015422518794242997,0.021068472432127117,0.03375411027394614,
0.00040640267539465897,-0.00032679592206537696,-0.00028199394507300723,0.0003055495036595857,-0.0032435180989228195,-0.0018878201573520254,-0.005423594061666028,
0.0006105717542516862,0.002124100842040336,0.004613644569847753,0.0042844825783413375,0.004146711302348282,0.008137288360766685,0.009206953001804605,
0.0007269559394016364,0.0007515102182831715,0.0016832099354155499,0.007436350222628591,0.012082794718333645,0.023606410253300684,0.02314076175416627,
0.0038500139892414693,0.00989601734285997,0.01767073170710209,0.03009716528374509,0.041328453208017785,0.053061962749636114,0.06701083232295325,
0.0003507399925871847,0.0010757208168736534,0.003739732048160023,0.008280621523221763,0.012298342551282615,0.0165315323164088,0.023339220002639393,
0.0016644316900637308,0.004568251511220255,0.009078688419747898,0.017254221344494884,0.023765846401721587,0.03285769912391424,0.04516171416707008,
0.0018078530664423847,0.0055917251719244205,0.010939154208282474,0.018202315555355276,0.024372380129539604,0.030225596650651585,0.0387325899172044,
0.0021465794994175664,0.00532541054994863,0.010314292372509255,0.01691525637901559,0.02255091390662952,0.02817184156283699,0.03657361236064369,
