idx,ylossParam4At2,ylossParam4At4,ylossParam4At6,ylossParam4var,remnant_energy_loss_fraction,shadowing_factor,tau_form_mean,BG,string_source_sigma_x,string_source_sigma_eta,stringTransverseShiftFrac,shear_viscosity_3_eta_over_s_T_kink_in_GeV,shear_viscosity_3_eta_over_s_low_T_slope_in_GeV,shear_viscosity_3_eta_over_s_high_T_slope_in_GeV,shear_viscosity_3_eta_over_s_at_kink,bulk_viscosity_3_zeta_over_s_max,bulk_viscosity_3_zeta_over_s_T_peak_in_GeV,bulk_viscosity_3_zeta_over_s_width_in_GeV,bulk_viscosity_3_zeta_over_s_lambda_asymm,eps_switch
0,0.002,2.604,2.922,0.943,0.899,0.419,0.4616,12.465,0.3828,0.2673,0.887,0.18457,-1.217,1.493,0.13825,0.12343,0.22746,0.10762,0.3438,0.1415
1,1.242,3.9,5.07,0.131,0.267,0.795,0.804,20.377,0.3476,0.6985,0.411,0.19443,-1.799,-0.613,0.04781,0.03185,0.29658,0.07162,-0.1994,0.3725
2,1.97,3.748,0.666,0.041,0.493,0.963,0.54,4.001,0.4532,0.4157,0.121,0.28181,-1.007,0.467,0.17511,0.09303,0.15114,0.03862,0.4418,0.4735
3,0.49,0.316,0.21,0.827,0.261,0.049,0.22,23.873,0.1604,0.5627,0.437,0.27671,0.577,1.943,0.02767,0.16067,0.18426,0.06212,0.3494,0.2755
4,1.806,2.372,0.27,0.407,0.809,0.243,0.9816,23.551,0.3012,0.3233,0.205,0.14547,0.175,-0.229,0.19335,0.07023,0.12558,0.13737,-0.4766,0.1325
5,0.522,1.324,3.558,0.697,0.655,0.593,0.8888,15.225,0.4724,0.4409,0.289,0.23319,-0.797,1.907,0.07061,0.03755,0.13494,0.12113,-0.7902,0.4245
6,1.698,0.108,4.338,0.965,0.595,0.933,0.2968,6.025,0.2132,0.7027,0.693,0.24305,0.619,-0.097,0.14965,0.18195,0.19902,0.14963,-0.2666,0.3645
7,0.302,1.708,1.914,0.861,0.021,0.889,0.4296,17.985,0.41,0.7587,0.755,0.14683,0.031,-0.709,0.17473,0.03945,0.25086,0.13487,0.0358,0.5575
8,0.926,2.172,3.774,0.567,0.019,0.131,0.9912,20.515,0.1004,0.3079,0.311,0.25087,0.949,0.623,0.09455,0.17359,0.25194,0.04838,0.1002,0.3835
9,0.594,1.972,0.834,0.285,0.983,0.495,0.3416,17.755,0.2332,0.4269,0.925,0.28249,-1.745,-0.133,0.07517,0.15611,0.25554,0.08563,-0.555,0.2285
10,0.89,0.556,3.93,0.255,0.333,0.159,0.2872,8.923,0.4852,0.2281,0.031,0.14275,-0.581,1.775,0.16561,0.05807,0.26022,0.14488,-0.6306,0.2865
11,1.646,2.916,1.098,0.351,0.619,0.069,0.9672,14.581,0.1572,0.7629,0.881,0.23761,-0.413,0.395,0.12799,0.11393,0.13062,0.08188,-0.1042,0.5835
12,0.362,3.692,1.614,0.687,0.091,0.907,0.8152,2.207,0.1324,0.1693,0.655,0.29949,-0.809,1.145,0.16409,0.17055,0.2163,0.07662,0.1534,0.2995
13,0.05,3.06,3.726,0.465,0.667,0.881,0.9144,17.847,0.2052,0.6439,0.521,0.20123,-0.035,1.811,0.19753,0.13331,0.2055,0.04038,-0.205,0.1125
14,1.338,1.108,4.926,0.477,0.907,0.365,0.244,5.749,0.1196,0.2953,0.705,0.14785,0.877,0.473,0.18537,0.07859,0.26814,0.08963,0.4194,0.5555
15,0.306,2.868,5.526,0.821,0.969,0.797,0.8664,7.359,0.4404,0.2057,0.073,0.18559,0.217,0.557,0.09987,0.07175,0.12234,0.04637,0.2878,0.2785
16,1.982,3.468,4.266,0.807,0.989,0.717,0.7672,15.593,0.202,0.5823,0.973,0.25155,-0.125,-0.685,0.10975,0.17663,0.28542,0.02913,0.4362,0.1755
17,1.166,0.3,5.358,0.539,0.255,0.645,0.5192,15.869,0.4316,0.1959,0.063,0.26277,-1.913,-0.127,0.18917,0.15725,0.19542,0.03213,0.0834,0.1875
18,1.51,0.58,1.794,0.213,0.005,0.347,0.8616,11.407,0.1636,0.4815,0.961,0.19885,-0.701,1.457,0.06757,0.13787,0.28146,0.13287,-0.681,0.1465
19,0.414,1.516,0.15,0.243,0.511,0.623,0.3864,14.213,0.3148,0.5179,0.717,0.22707,0.007,0.491,0.01513,0.18309,0.2883,0.03288,-0.7426,0.5615
20,1.106,3.372,3.87,0.027,0.479,0.389,0.308,22.677,0.4116,0.5921,0.105,0.28623,-1.445,-0.415,0.06909,0.04173,0.26382,0.13762,0.1114,0.1555
21,1.434,1.78,5.43,0.623,0.167,0.997,0.716,13.431,0.3132,0.7713,0.015,0.14241,-0.503,0.113,0.08695,0.15003,0.29478,0.04387,-0.0706,0.5205
22,0.222,0.012,0.306,0.103,0.763,0.011,0.4648,3.679,0.2996,0.3695,0.769,0.15499,0.235,-0.757,0.10139,0.16637,0.2397,0.11688,0.5258,0.4475
23,0.434,2.964,1.806,0.489,0.837,0.249,0.8792,12.649,0.1676,0.5641,0.135,0.26379,-1.457,-0.523,0.18119,0.09949,0.19146,0.02513,0.593,0.3715
24,1.978,1.54,3.654,0.823,0.339,0.833,0.3384,12.005,0.21,0.3205,0.181,0.15329,0.697,1.337,0.14015,0.01513,0.27822,0.11863,0.1954,0.5185
25,1.798,2.988,3.066,0.497,0.823,0.675,0.2824,21.205,0.4332,0.7069,0.211,0.24271,-1.247,1.979,0.10443,0.19525,0.29514,0.06388,-0.401,0.2375
26,0.638,0.14,2.118,0.141,0.583,0.215,0.724,15.639,0.126,0.7363,0.227,0.23863,0.391,1.487,0.03489,0.19867,0.22566,0.04088,-0.5074,0.1615
27,1.418,0.644,5.778,0.087,0.565,0.739,0.8216,8.877,0.4476,0.6593,0.773,0.13119,-1.769,1.913,0.13521,0.07897,0.15546,0.08163,-0.3674,0.1425
28,1.874,0.868,3.762,0.929,0.129,0.151,0.8312,16.375,0.2108,0.4521,0.733,0.17709,-0.263,-0.667,0.18575,0.11963,0.12954,0.09937,-0.5438,0.2745
29,1.098,2.116,1.218,0.139,0.519,0.165,0.4984,11.545,0.3964,0.3289,0.647,0.20395,-0.299,1.967,0.07023,0.01019,0.12882,0.05288,0.3382,0.2425
30,0.034,1.748,5.058,0.289,0.099,0.043,0.532,21.527,0.2532,0.6019,0.501,0.29065,-1.661,0.905,0.11811,0.05009,0.2001,0.03638,-0.6082,0.5505
31,0.958,3.86,2.058,0.267,0.251,0.373,0.9512,18.859,0.1484,0.1133,0.219,0.26141,-1.397,1.799,0.13977,0.02691,0.15726,0.10587,0.033,0.5705
32,1.422,0.324,2.334,0.423,0.671,0.975,0.42,19.365,0.1652,0.2211,0.561,0.25835,0.667,0.677,0.08581,0.06567,0.22134,0.02863,-0.6418,0.2365
33,0.566,0.42,0.786,0.707,0.257,0.107,0.7848,24.379,0.2068,0.5151,0.937,0.21585,-1.229,0.257,0.18347,0.05389,0.29298,0.14413,0.4978,0.5715
34,0.09,1.404,4.158,0.615,0.999,0.541,0.964,5.611,0.4108,0.1329,0.533,0.22639,-0.737,-0.631,0.11583,0.08505,0.24078,0.07637,0.0302,0.1545
35,0.126,3.612,2.418,0.171,0.859,0.607,0.94,5.473,0.3364,0.5053,0.143,0.13901,0.601,1.619,0.06301,0.15497,0.16806,0.14438,-0.5466,0.2315
36,0.898,2.892,0.258,0.811,0.455,0.981,0.5448,11.177,0.2684,0.7461,0.401,0.29847,0.409,1.247,0.15117,0.06491,0.1263,0.07462,-0.2442,0.3925
37,0.722,2.244,5.478,0.691,0.693,0.309,0.764,20.147,0.1988,0.3331,0.055,0.28793,-0.491,0.893,0.19791,0.12381,0.1245,0.11038,0.4474,0.4755
38,0.702,2.788,5.274,0.991,0.517,0.099,0.6296,17.617,0.47,0.5389,0.393,0.15465,-1.067,1.043,0.10253,0.17929,0.18354,0.10837,-0.4374,0.5595
39,1.974,2.204,5.382,0.745,0.053,0.559,0.7768,4.691,0.3228,0.3639,0.911,0.28487,-1.703,-0.493,0.16675,0.05313,0.23646,0.04863,-0.4934,0.3795
40,1.198,3.812,3.75,0.789,0.093,0.773,0.9176,15.777,0.4908,0.6243,0.455,0.25359,0.553,-0.451,0.01361,0.11659,0.1569,0.13437,0.2794,0.4445
41,0.258,1.116,2.778,0.225,0.933,0.527,0.844,24.977,0.4484,0.4997,0.353,0.17097,-1.607,0.593,0.16713,0.18119,0.25374,0.08213,-0.107,0.3995
42,0.914,3.7,5.814,0.629,0.873,0.887,0.5064,3.403,0.3428,0.3093,0.725,0.23795,-0.533,1.013,0.11431,0.04325,0.15222,0.11888,-0.3534,0.4905
43,1.79,3.308,0.87,0.695,0.451,0.899,0.6184,10.763,0.4452,0.2883,0.323,0.24441,-0.251,0.833,0.04971,0.13939,0.27426,0.14088,0.5202,0.5775
44,0.422,3.508,1.482,0.429,0.157,0.599,0.6632,6.485,0.4764,0.7741,0.267,0.16179,0.823,1.019,0.13635,0.18347,0.15006,0.05588,0.3914,0.4655
45,0.718,2.564,3.366,0.249,0.525,0.349,0.2216,19.319,0.2764,0.1735,0.719,0.27229,0.919,-0.727,0.11355,0.15269,0.13026,0.12513,-0.0874,0.2505
46,1.234,1.436,0.51,0.005,0.657,0.197,0.4184,7.037,0.318,0.5585,0.457,0.28963,0.757,0.917,0.18955,0.09493,0.29262,0.06087,0.1058,0.3285
47,1.846,2.276,4.422,0.631,0.463,0.333,0.4344,20.331,0.134,0.6145,0.903,0.14173,0.361,-0.205,0.11659,0.19905,0.1857,0.05063,-0.6838,0.4555
48,0.962,1.244,1.014,0.985,0.759,0.983,0.8248,5.565,0.3124,0.1385,0.001,0.20667,-1.319,0.989,0.03603,0.16181,0.25338,0.06438,0.3046,0.3455
49,0.762,0.804,5.466,0.881,0.153,0.567,0.8104,17.479,0.4196,0.6523,0.847,0.26447,0.793,1.649,0.15839,0.02007,0.2775,0.12937,-0.191,0.2455
50,0.33,0.084,2.826,0.295,0.037,0.691,0.4328,20.009,0.3028,0.7671,0.027,0.27535,-0.227,0.209,0.04097,0.09379,0.26526,0.03538,0.4866,0.1975
51,1.17,3.284,1.986,0.561,0.309,0.291,0.5256,4.553,0.1292,0.7699,0.803,0.29439,-0.377,-0.991,0.18841,0.06719,0.24906,0.11663,-0.5242,0.3095
52,1.346,1.948,5.898,0.503,0.265,0.965,0.988,17.709,0.214,0.4983,0.819,0.28725,0.163,0.383,0.04553,0.03033,0.23574,0.03138,0.4502,0.5385
53,1.954,1.292,5.454,0.675,0.535,0.245,0.596,22.355,0.4988,0.4451,0.463,0.23115,-1.577,0.323,0.10633,0.12609,0.20694,0.05763,0.5566,0.2225
54,1.446,3.1,4.758,0.053,0.903,0.857,0.4584,24.241,0.1132,0.5333,0.275,0.27773,-0.569,-0.301,0.03337,0.13027,0.16014,0.05713,-0.1826,0.2715
55,0.37,0.052,1.446,0.857,0.125,0.225,0.3,14.167,0.3764,0.5291,0.179,0.13017,-0.269,1.997,0.08201,0.10937,0.21594,0.11763,0.2458,0.1165
56,0.106,0.444,0.426,0.425,0.587,0.065,0.2648,10.349,0.3836,0.5697,0.057,0.27127,-1.997,1.349,0.09721,0.04021,0.2505,0.06788,-0.4654,0.4195
57,1.642,0.852,0.57,0.579,0.307,0.755,0.7128,20.653,0.4132,0.3667,0.975,0.25427,-1.643,1.901,0.01893,0.13673,0.29766,0.03763,0.3858,0.2915
58,0.642,2.452,0.402,0.879,0.949,0.973,0.4712,5.151,0.4428,0.4465,0.671,0.17845,0.661,-0.979,0.03413,0.10367,0.26454,0.03188,0.2178,0.5135
59,0.866,0.524,4.47,0.347,0.591,0.883,0.6904,23.229,0.3596,0.3345,0.271,0.14649,0.829,1.067,0.01437,0.16409,0.27534,0.14263,-0.0286,0.1445
60,1.562,1.86,1.062,0.523,0.303,0.205,0.5528,10.901,0.2948,0.1455,0.377,0.19307,0.883,1.823,0.17549,0.16789,0.24762,0.14613,0.173,0.1365
61,0.038,3.22,2.754,0.947,0.401,0.085,0.6472,5.105,0.4892,0.4325,0.183,0.23047,0.169,-0.607,0.06073,0.17321,0.2235,0.13362,0.5874,0.1115
62,1.726,1.188,4.578,0.971,0.397,0.357,0.7112,2.713,0.4884,0.1679,0.541,0.26243,-0.935,1.175,0.05617,0.03565,0.1335,0.04587,0.1366,0.2035
63,0.714,2.716,4.89,0.935,0.169,0.871,0.9304,18.169,0.11,0.2561,0.839,0.19171,-1.625,-0.481,0.06795,0.16447,0.19578,0.08463,-0.7818,0.3935
64,0.274,1.908,5.85,0.635,0.491,0.731,0.6696,12.419,0.4804,0.1427,0.935,0.22537,-1.373,0.431,0.14547,0.18955,0.26418,0.13912,0.0806,0.4525
65,0.15,1.156,4.17,0.099,0.801,0.971,0.3048,13.385,0.2772,0.1609,0.665,0.14887,-1.499,1.787,0.06035,0.13293,0.1911,0.10812,-0.3506,0.4705
66,0.314,3.124,4.41,0.151,0.829,0.501,0.9416,10.027,0.1228,0.5445,0.985,0.15057,-0.587,0.977,0.17131,0.03071,0.21414,0.04113,0.2318,0.5455
67,0.174,0.98,2.682,0.413,0.145,0.863,0.8808,15.363,0.1268,0.3499,0.753,0.13629,0.517,1.421,0.01209,0.12761,0.18318,0.02638,0.0862,0.3195
68,0.146,1.444,1.818,0.793,0.415,0.637,0.2568,8.693,0.4188,0.6215,0.321,0.21109,0.487,-0.337,0.10595,0.03527,0.27138,0.02538,0.5062,0.2135
69,1.734,3.244,5.802,0.323,0.319,0.583,0.5496,21.941,0.246,0.7895,0.123,0.23183,0.247,-0.079,0.06491,0.08201,0.1317,0.12163,-0.009,0.2445
70,0.25,1.076,5.862,0.507,0.513,0.391,0.4248,9.337,0.2404,0.2967,0.195,0.19851,-0.743,-0.223,0.02577,0.16219,0.18858,0.03837,-0.5718,0.1205
71,1.358,2.196,1.506,0.197,0.431,0.117,0.2632,13.799,0.3252,0.1833,0.047,0.17199,0.379,-0.781,0.03679,0.17549,0.19398,0.09363,-0.6978,0.3405
72,1.75,2.164,0.318,0.271,0.421,0.573,0.2456,17.065,0.466,0.6705,0.701,0.24509,-1.091,0.335,0.19031,0.06035,0.16914,0.07012,0.5958,0.3565
73,0.738,2.94,1.026,0.795,0.987,0.961,0.908,4.783,0.1956,0.7965,0.381,0.14105,-1.145,-0.313,0.01969,0.19487,0.16878,0.09013,-0.6754,0.2775
74,0.69,3.14,3.582,0.601,0.269,0.977,0.3064,9.245,0.3684,0.4871,0.703,0.21313,-1.931,0.923,0.07213,0.07973,0.24726,0.03588,-0.5046,0.1685
75,1.754,1.796,2.646,0.759,0.923,0.601,0.7048,17.387,0.3388,0.1763,0.039,0.21483,0.019,1.793,0.16637,0.11583,0.28002,0.03338,0.495,0.4645
76,1.486,1.316,3.966,0.957,0.963,0.025,0.2376,10.671,0.4004,0.7223,0.783,0.15771,-0.047,-0.547,0.05503,0.02463,0.2091,0.12213,-0.1154,0.2675
77,0.778,2.852,3.138,0.897,0.851,0.087,0.7224,8.463,0.106,0.1245,0.169,0.18083,-1.955,-0.427,0.13483,0.07289,0.24438,0.11113,-0.1854,0.4495
78,1.69,2.404,4.506,0.589,0.661,0.059,0.788,14.811,0.1212,0.6621,0.405,0.27569,-1.223,1.547,0.19487,0.08809,0.28686,0.12413,-0.4122,0.1775
79,0.474,3.78,4.05,0.427,0.977,0.027,0.5992,3.587,0.2356,0.7881,0.907,0.16961,-1.001,1.325,0.02463,0.15155,0.24258,0.03663,-0.0482,0.1845
80,1.57,0.588,0.33,0.679,0.825,0.393,0.5144,23.459,0.3932,0.2463,0.699,0.21075,-1.391,0.443,0.04021,0.15991,0.2289,0.09238,-0.709,0.4365
81,1.766,3.668,1.206,0.437,0.589,0.465,0.4888,2.989,0.1532,0.6943,0.971,0.28589,0.913,0.017,0.04857,0.13749,0.18714,0.12812,0.271,0.1955
82,0.03,3.292,3.978,0.357,0.445,0.173,0.4552,21.481,0.4084,0.3751,0.739,0.27059,0.787,0.461,0.17587,0.14699,0.28794,0.07387,0.5538,0.4215
83,1.022,1.94,5.574,0.545,0.785,0.005,0.2552,4.369,0.1884,0.6775,0.347,0.18967,-0.635,0.401,0.14775,0.12001,0.24798,0.12762,-0.2274,0.5285
84,1.146,0.964,3.246,0.483,0.089,0.221,0.8712,18.629,0.4212,0.1511,0.293,0.22197,-0.407,-0.817,0.12533,0.01931,0.23214,0.04888,-0.6362,0.5945
85,0.246,1.124,2.814,0.617,0.057,0.161,0.9288,8.509,0.238,0.6831,0.889,0.29541,0.985,-0.949,0.18309,0.15687,0.29802,0.09812,0.1338,0.4425
86,1.246,0.204,4.434,0.703,0.163,0.705,0.3128,8.555,0.162,0.4241,0.155,0.21007,-0.449,1.721,0.17283,0.14015,0.14862,0.10012,0.341,0.3535
87,0.446,2.028,3.834,0.009,0.405,0.037,0.5288,18.399,0.194,0.1161,0.439,0.22809,-0.239,0.137,0.19107,0.09683,0.22386,0.08263,-0.7874,0.1255
88,1.386,3.132,4.302,0.873,0.447,0.113,0.812,3.357,0.4268,0.7125,0.519,0.28045,-1.403,0.119,0.11507,0.01285,0.15798,0.09562,0.3354,0.3775
89,1.534,2.3,2.766,0.953,0.803,0.323,0.9544,20.607,0.45,0.7797,0.649,0.25971,-1.721,-0.835,0.07137,0.06263,0.2595,0.11563,-0.6782,0.4875
90,1.706,0.188,5.49,0.111,0.501,0.247,0.2296,22.033,0.1156,0.2141,0.657,0.16077,0.373,-0.307,0.13179,0.01361,0.24978,0.11513,-0.2498,0.1805
91,0.114,3.068,5.754,0.441,0.081,0.713,0.7656,6.071,0.23,0.6061,0.627,0.16621,-1.793,-0.211,0.09303,0.06301,0.26058,0.10337,0.3774,0.4085
92,1.41,3.66,0.498,0.671,0.185,0.721,0.2504,16.881,0.2164,0.5221,0.303,0.22945,-0.833,1.199,0.08923,0.19829,0.27966,0.14938,-0.5018,0.3425
93,0.094,1.964,0.702,0.769,0.067,0.613,0.6664,8.325,0.4292,0.7111,0.417,0.13459,-0.695,1.751,0.01703,0.08999,0.22926,0.12463,0.1646,0.5025
94,1.762,0.476,4.626,0.095,0.503,0.529,0.7832,11.591,0.346,0.5137,0.119,0.24203,-1.949,1.205,0.01931,0.04933,0.21522,0.13037,0.5594,0.3415
95,0.978,2.908,0.102,0.203,0.749,0.341,0.3192,15.087,0.4924,0.4969,0.269,0.24577,0.847,1.277,0.17701,0.16903,0.2181,0.12313,-0.6558,0.2975
96,1.15,3.988,0.486,0.851,0.797,0.257,0.4472,15.271,0.2612,0.7083,0.089,0.14207,-1.097,0.149,0.12647,0.08429,0.24942,0.10162,-0.0986,0.1485
97,0.966,3.004,3.51,0.569,0.387,0.581,0.3592,9.797,0.3156,0.3443,0.283,0.15193,-0.671,0.281,0.19905,0.15801,0.13638,0.07087,-0.3478,0.5785
98,1.514,2.724,1.602,0.543,0.945,0.799,0.516,10.211,0.17,0.2099,0.485,0.20463,-1.673,-0.931,0.06377,0.03413,0.14754,0.06738,0.5342,0.5635
99,1.626,1.236,2.958,0.515,0.687,0.753,0.3912,23.919,0.486,0.7867,0.107,0.15975,-0.389,-0.679,0.18081,0.06947,0.22062,0.07687,-0.1742,0.3265
100,0.202,3.324,5.394,0.607,0.643,0.679,0.6504,6.623,0.174,0.2841,0.305,0.29167,-0.929,1.295,0.17739,0.09835,0.2073,0.03463,-0.7846,0.5895
101,1.406,2.348,3.666,0.571,0.649,0.269,0.6424,24.471,0.3908,0.7405,0.043,0.23489,0.769,1.589,0.13217,0.12077,0.14034,0.06513,-0.5914,0.1015
102,1.442,0.668,1.122,0.393,0.443,0.629,0.2904,18.215,0.4612,0.1315,0.679,0.14513,-1.553,-0.181,0.14395,0.19411,0.2973,0.10487,-0.7342,0.1075
103,0.266,3.564,0.762,0.057,0.075,0.149,0.5224,9.383,0.3404,0.7321,0.943,0.26311,-0.101,0.815,0.14585,0.10975,0.14826,0.04763,-0.1406,0.1395
104,1.962,0.116,1.254,0.969,0.177,0.497,0.3608,8.739,0.4092,0.2225,0.139,0.14921,0.349,1.271,0.06567,0.18765,0.24006,0.05113,-0.121,0.3105
105,0.046,1.468,2.658,0.107,0.367,0.703,0.8344,22.309,0.1412,0.6397,0.493,0.28521,-0.611,1.163,0.12951,0.11811,0.29622,0.13237,0.579,0.1915
106,0.318,2.124,4.998,0.867,0.563,0.121,0.3304,6.945,0.1036,0.4955,0.441,0.24067,0.781,-0.571,0.03565,0.01817,0.19974,0.11163,0.1814,0.1665
107,1.83,3.596,4.902,0.587,0.893,0.421,0.6616,17.893,0.31,0.4423,0.319,0.20939,-1.421,-0.889,0.14661,0.14889,0.1983,0.13987,-0.6334,0.1145
108,0.41,0.124,2.478,0.033,0.283,0.845,0.2536,22.539,0.286,0.3065,0.363,0.26345,-1.415,1.217,0.15421,0.17625,0.19938,0.06488,-0.5634,0.2235
109,1.598,3.036,3.462,0.925,0.105,0.511,0.2136,15.041,0.2428,0.2085,0.727,0.29031,-1.235,1.757,0.05845,0.04591,0.20082,0.13637,0.453,0.3465
110,0.286,0.156,3.33,0.291,0.707,0.959,0.7624,9.475,0.1548,0.6201,0.199,0.13323,0.115,0.479,0.03755,0.04553,0.16086,0.11938,-0.0678,0.2725
111,0.846,0.172,0.534,0.165,0.817,0.595,0.9848,8.049,0.4868,0.2617,0.431,0.22469,0.001,-0.355,0.15193,0.18651,0.2523,0.09488,-0.3562,0.2105
112,0.026,2.652,3.618,0.155,0.745,0.639,0.7816,2.759,0.4044,0.4829,0.901,0.14751,-1.169,0.707,0.03223,0.09759,0.28866,0.05838,-0.3226,0.2965
113,0.666,1.036,3.522,0.825,0.295,0.375,0.98,5.197,0.3164,0.1021,0.643,0.27331,-1.301,0.095,0.08809,0.12039,0.15258,0.04013,-0.7986,0.3115
114,0.102,2.34,3.546,0.509,0.205,0.001,0.9,20.055,0.178,0.2071,0.867,0.24237,0.025,-0.793,0.05009,0.05959,0.17094,0.06363,0.1758,0.2695
115,1.89,0.988,2.394,0.853,0.393,0.787,0.5848,17.939,0.266,0.6411,0.023,0.28759,0.853,1.403,0.06833,0.14471,0.17994,0.05213,-0.6474,0.1565
116,0.83,1.716,2.562,0.749,0.029,0.387,0.2712,6.991,0.146,0.7783,0.967,0.28317,-0.113,1.307,0.01133,0.11697,0.20226,0.09113,-0.2834,0.2985
117,0.254,3.212,0.714,0.451,0.723,0.743,0.2392,12.833,0.1492,0.1273,0.735,0.18933,0.451,1.181,0.15877,0.07555,0.1965,0.09862,0.0442,0.2025
118,1.118,2.052,0.09,0.949,0.293,0.285,0.556,19.411,0.418,0.3765,0.263,0.18287,-0.131,-0.235,0.01551,0.06339,0.14322,0.09637,0.481,0.5795
119,1.462,0.5,1.146,0.499,0.981,0.067,0.3336,6.117,0.1932,0.2575,0.317,0.29371,0.535,1.133,0.07669,0.10557,0.1497,0.13862,-0.037,0.3215
120,1.086,2.1,0.918,0.921,0.831,0.081,0.2184,20.101,0.4732,0.2827,0.197,0.13663,0.529,1.451,0.16257,0.09569,0.26238,0.04562,-0.3366,0.1745
121,1.802,0.996,1.53,0.677,0.499,0.891,0.5304,8.279,0.1692,0.6089,0.827,0.19205,0.805,-0.391,0.19867,0.08011,0.28578,0.07888,-0.345,0.3765
122,0.746,0.092,4.614,0.201,0.025,0.035,0.6072,5.519,0.4276,0.4899,0.257,0.22163,-0.749,1.541,0.06453,0.15953,0.1281,0.04188,0.2066,0.5625
123,0.994,0.676,2.154,0.089,0.869,0.553,0.9032,23.505,0.402,0.1175,0.999,0.13187,-0.173,-0.439,0.05921,0.02995,0.24546,0.05188,-0.261,0.3705
124,0.59,3.884,1.698,0.175,0.311,0.017,0.8392,22.125,0.4372,0.3261,0.029,0.19919,0.133,0.521,0.06263,0.09151,0.25014,0.06638,-0.7538,0.1815
125,0.498,3.74,0.75,0.845,0.943,0.377,0.732,2.897,0.39,0.3163,0.173,0.27195,0.511,0.935,0.06719,0.11507,0.29982,0.09612,0.4026,0.4105
126,1.718,3.964,2.178,0.337,0.213,0.525,0.34,19.779,0.2308,0.2519,0.611,0.21789,-0.629,0.071,0.17967,0.02425,0.26634,0.09887,0.4306,0.1345
127,0.278,1.724,5.934,0.859,0.743,0.859,0.756,23.183,0.4876,0.4311,0.333,0.26889,0.907,-0.061,0.13559,0.02577,0.17958,0.09762,-0.6698,0.5195
128,1.334,1.58,4.026,0.973,0.573,0.191,0.868,24.333,0.13,0.1987,0.821,0.26175,-0.107,0.551,0.11317,0.11317,0.19758,0.13687,0.0666,0.4395
129,0.374,0.34,3.45,0.039,0.633,0.171,0.452,17.801,0.1732,0.7811,0.085,0.20599,-0.563,0.059,0.10671,0.17245,0.20154,0.10687,0.2122,0.5215
130,0.65,1.804,2.994,0.085,0.957,0.051,0.444,4.829,0.182,0.1581,0.587,0.15737,-0.755,0.821,0.08885,0.18423,0.28254,0.14463,-0.6446,0.1695
131,1.094,2.948,0.45,0.513,0.155,0.969,0.7032,22.585,0.1708,0.5977,0.517,0.13391,-1.979,0.773,0.11051,0.14585,0.2325,0.06237,0.1254,0.1905
132,1.018,2.972,1.398,0.379,0.047,0.481,0.9192,24.149,0.2548,0.2407,0.413,0.27399,-0.365,-0.847,0.15991,0.14243,0.13422,0.14513,-0.5158,0.5055
133,1.314,1.756,2.55,0.077,0.035,0.239,0.7912,24.655,0.2444,0.4171,0.149,0.17539,-0.989,0.509,0.03907,0.03451,0.2685,0.04738,-0.5214,0.2875
134,0.786,2.5,1.326,0.047,0.211,0.643,0.828,12.327,0.4844,0.6845,0.577,0.19545,-1.355,-0.883,0.19639,0.10025,0.25806,0.03787,0.3158,0.1945
135,0.834,3.396,0.954,0.383,0.789,0.157,0.3256,20.285,0.326,0.6173,0.767,0.23285,-1.973,-0.637,0.14281,0.02083,0.22638,0.13137,-0.5382,0.5735
136,1.606,0.164,5.118,0.933,0.853,0.487,0.8136,4.737,0.2364,0.4857,0.435,0.27161,0.427,1.853,0.10367,0.08125,0.14142,0.05613,-0.5746,0.1935
137,1.258,3.836,4.914,0.537,0.531,0.077,0.7704,22.907,0.438,0.2197,0.593,0.29337,0.685,1.625,0.16143,0.18461,0.1731,0.10437,-0.1182,0.2655
138,0.99,2.668,5.262,0.471,0.537,0.179,0.7944,7.129,0.25,0.7951,0.223,0.28419,0.013,0.671,0.07593,0.05579,0.22602,0.06887,0.2962,0.5805
139,0.578,1.276,2.322,0.269,0.285,0.539,0.78,10.533,0.1188,0.5543,0.345,0.22435,0.775,0.695,0.19829,0.14775,0.19074,0.14113,-0.7314,0.2805
140,1.614,0.26,3.078,0.521,0.941,0.289,0.684,16.467,0.1084,0.7475,0.635,0.27603,0.703,-0.031,0.12723,0.04781,0.1515,0.03488,0.2262,0.4825
141,0.062,0.764,0.354,0.385,0.271,0.327,0.8728,5.059,0.3036,0.1903,0.619,0.18729,0.079,1.193,0.19411,0.14661,0.28506,0.10562,-0.2806,0.3475
142,1.778,1.1,5.61,0.169,0.419,0.235,0.9336,21.297,0.37,0.1861,0.307,0.29473,-1.691,1.343,0.03299,0.09417,0.29334,0.08988,-0.3618,0.2555
143,0.81,1.66,1.782,0.377,0.959,0.445,0.5944,10.441,0.4308,0.2155,0.115,0.23659,-0.197,0.053,0.13293,0.19601,0.18138,0.13662,0.4138,0.1195
144,0.614,3.524,2.202,0.119,0.389,0.609,0.748,4.967,0.2116,0.4199,0.757,0.26685,-0.953,1.661,0.15953,0.13825,0.27282,0.03238,0.257,0.1045
145,0.842,1.46,2.982,0.839,0.465,0.261,0.292,4.323,0.2868,0.6957,0.857,0.18491,-1.967,-0.853,0.10025,0.15877,0.15654,0.07712,-0.1434,0.1095
146,0.51,0.66,1.686,0.017,0.793,0.521,0.332,10.947,0.3276,0.3051,0.805,0.16111,0.739,0.455,0.01475,0.07251,0.12054,0.10087,-0.079,0.3615
147,0.67,3.3,1.734,0.231,0.197,0.141,0.7576,10.119,0.4636,0.5809,0.637,0.14071,-1.103,1.571,0.02805,0.02387,0.19326,0.13787,0.2766,0.3745
148,1.438,2.044,5.154,0.349,0.041,0.699,0.3272,10.717,0.434,0.3219,0.461,0.28453,0.607,-0.745,0.08087,0.17815,0.22206,0.07537,-0.2218,0.1235
149,0.918,1.74,5.97,0.549,0.423,0.911,0.7144,2.529,0.2212,0.3723,0.477,0.17505,-1.307,1.409,0.18803,0.18613,0.2307,0.09912,0.285,0.5995
150,0.074,0.916,0.018,0.247,0.127,0.711,0.5928,23.735,0.374,0.3625,0.575,0.21279,0.289,0.497,0.14699,0.05997,0.17166,0.12613,-0.4598,0.2325
151,1.95,2.572,5.91,0.997,0.141,0.823,0.2472,18.675,0.1276,0.5655,0.573,0.20973,-0.725,-0.589,0.16485,0.06795,0.14178,0.07412,-0.1322,0.2015
152,0.878,3.772,4.53,0.447,0.123,0.459,0.5272,23.045,0.4492,0.7601,0.153,0.14139,-0.185,1.877,0.05275,0.04477,0.13854,0.08038,-0.317,0.4185
153,0.29,3.996,4.194,0.339,0.995,0.825,0.6936,5.841,0.186,0.7643,0.129,0.27841,-1.271,0.575,0.08239,0.10747,0.2721,0.08088,-0.5662,0.5145
154,1.574,1.012,3.294,0.855,0.973,0.673,0.7256,11.821,0.322,0.3583,0.797,0.24815,-1.163,-0.811,0.11925,0.08695,0.1785,0.12887,0.1226,0.5745
155,0.97,0.612,1.854,0.709,0.553,0.649,0.5352,18.077,0.442,0.3653,0.369,0.16587,0.955,0.767,0.15649,0.06909,0.21054,0.05088,-0.779,0.4935
156,0.87,0.636,3.162,0.987,0.209,0.507,0.932,14.305,0.4996,0.5081,0.407,0.28555,-1.775,-0.085,0.07935,0.03831,0.18822,0.06538,-0.023,0.1305
157,0.182,2.932,1.662,0.661,0.341,0.329,0.5688,18.767,0.2724,0.3247,0.641,0.14717,-1.895,-0.409,0.13255,0.07593,0.2919,0.05263,0.5146,0.1265
158,0.558,0.908,5.214,0.653,0.529,0.193,0.2744,12.741,0.1924,0.5123,0.569,0.13425,-1.757,1.517,0.01665,0.19639,0.20046,0.08013,0.0134,0.4045
159,1.866,2.396,4.854,0.747,0.195,0.039,0.5048,7.497,0.4836,0.6481,0.723,0.22299,-0.995,0.005,0.08961,0.10405,0.22962,0.07512,-0.1602,0.5925
160,1.35,3.388,0.858,0.611,0.653,0.509,0.3848,18.905,0.1052,0.1595,0.759,0.25733,-0.359,1.385,0.03983,0.15839,0.15474,0.07838,0.3942,0.1185
161,0.894,3.636,5.106,0.081,0.161,0.879,0.6104,16.421,0.1396,0.1469,0.331,0.20531,-0.095,-0.055,0.14129,0.12267,0.28974,0.10862,-0.3282,0.2165
162,1.43,3.084,1.866,0.829,0.685,0.463,0.3176,12.511,0.3516,0.3933,0.919,0.22333,0.871,-0.943,0.12913,0.14091,0.13674,0.03613,0.4894,0.5225
163,1.114,3.34,2.886,0.761,0.771,0.955,0.8856,24.057,0.3332,0.3457,0.687,0.24747,-0.071,0.857,0.18651,0.16675,0.29586,0.09263,-0.0902,0.2885
164,1.214,0.268,0.078,0.833,0.061,0.839,0.3768,9.153,0.278,0.7685,0.969,0.18185,-0.887,-0.445,0.13749,0.09455,0.1947,0.07237,0.2682,0.5295
165,1.794,0.62,4.494,0.069,0.015,0.457,0.2936,9.521,0.218,0.7853,0.397,0.25461,-0.029,0.263,0.12267,0.14965,0.29694,0.07612,0.1478,0.1865
166,0.406,0.532,1.266,0.167,0.755,0.503,0.7288,20.929,0.1364,0.3415,0.487,0.18151,-0.149,1.829,0.12229,0.01171,0.20874,0.12787,-0.6894,0.3345
167,1.174,2.42,4.83,0.075,0.841,0.363,0.6712,2.437,0.2804,0.5837,0.099,0.13561,-0.803,1.319,0.14623,0.16865,0.18102,0.06588,0.145,0.4745
168,0.138,1.084,4.254,0.223,0.329,0.187,0.2952,4.645,0.35,0.1049,0.751,0.19341,-0.317,-0.511,0.19259,0.03717,0.19866,0.04662,0.2738,0.5645
169,0.438,2.82,4.23,0.019,0.921,0.227,0.7592,16.099,0.3572,0.7517,0.825,0.19817,-1.985,-0.013,0.03793,0.11545,0.18282,0.11963,-0.6726,0.3785
170,0.398,2.364,5.514,0.227,0.323,0.535,0.3976,17.295,0.3788,0.5949,0.545,0.15363,-0.545,-0.877,0.06111,0.03223,0.16266,0.14713,-0.1518,0.1245
171,1.662,3.02,1.878,0.967,0.371,0.033,0.6808,13.293,0.1116,0.7979,0.371,0.20055,-0.707,1.121,0.04933,0.14927,0.17778,0.03037,0.4222,0.3825
172,1.374,1.34,5.286,0.721,0.863,0.951,0.7976,19.595,0.2388,0.1007,0.945,0.23523,-1.019,0.527,0.15497,0.14509,0.13386,0.04487,0.3186,0.5605
173,1.158,0.18,0.594,0.015,0.929,0.821,0.4632,10.395,0.1716,0.4661,0.883,0.28147,0.277,1.259,0.13331,0.02843,0.20514,0.04688,-0.7398,0.3755
174,0.754,0.044,2.694,0.011,0.399,0.403,0.4904,9.981,0.2748,0.2995,0.005,0.21517,-1.031,-0.691,0.12419,0.18993,0.29838,0.14213,-0.2162,0.4585
175,0.47,2.084,1.554,0.751,0.087,0.307,0.9256,3.909,0.1372,0.3009,0.299,0.16451,0.271,1.595,0.05883,0.08619,0.1641,0.02888,-0.4318,0.1335
176,0.394,0.388,4.482,0.977,0.039,0.791,0.9592,15.409,0.3916,0.3989,0.681,0.24543,-1.367,1.727,0.10861,0.11469,0.17634,0.13962,-0.7062,0.1085
177,1.994,1.132,2.406,0.951,0.783,0.651,0.2664,24.103,0.1596,0.4801,0.445,0.26753,-0.899,0.155,0.15915,0.04135,0.23898,0.12063,0.4922,0.3915
178,1.558,2.22,4.014,0.791,0.549,0.075,0.3528,19.917,0.2396,0.7727,0.075,0.21653,-1.811,0.887,0.13711,0.01893,0.19038,0.05413,-0.2078,0.2955
179,1.326,2.284,0.222,0.527,0.855,0.163,0.5576,13.247,0.462,0.6355,0.607,0.22979,-1.493,1.085,0.17891,0.18841,0.28362,0.04788,-0.2134,0.5015
180,1.714,0.228,3.21,0.805,0.373,0.723,0.3784,15.179,0.2844,0.3681,0.285,0.19477,0.991,-0.985,0.03185,0.12647,0.28218,0.09687,-0.7258,0.2405
181,1.77,2.548,1.074,0.705,0.915,0.297,0.796,15.731,0.1628,0.1637,0.251,0.18321,-0.863,-0.733,0.18461,0.02919,0.21342,0.05313,-0.233,0.1535
182,0.874,2.532,5.718,0.121,0.905,0.491,0.38,20.699,0.3212,0.6537,0.049,0.18695,0.193,0.995,0.17777,0.10291,0.1893,0.14388,-0.4962,0.4155
183,1.986,2.844,3.39,0.621,0.925,0.355,0.4568,6.301,0.3116,0.7657,0.683,0.21993,0.403,1.373,0.11887,0.02539,0.28938,0.09438,0.0638,0.2115
184,0.294,3.252,1.086,0.261,0.171,0.769,0.9992,19.825,0.3484,0.4031,0.905,0.16519,-0.395,0.083,0.05655,0.06529,0.20982,0.14913,0.5034,0.5035
185,0.806,0.604,0.39,0.135,0.049,0.747,0.2792,11.315,0.2988,0.4367,0.563,0.29405,-1.037,0.689,0.10063,0.17397,0.14682,0.03988,-0.3842,0.5885
186,1.366,0.06,0.114,0.453,0.937,0.575,0.876,24.931,0.2932,0.1973,0.507,0.23353,-1.331,-0.217,0.10899,0.01475,0.18678,0.03713,-0.3954,0.3175
187,1.402,3.62,3.918,0.609,0.059,0.105,0.5128,4.875,0.334,0.2701,0.125,0.17369,0.841,-0.067,0.11393,0.19221,0.26922,0.10062,0.5426,0.1835
188,0.698,3.46,3.006,0.115,0.097,0.273,0.612,16.835,0.3892,0.1805,0.033,0.24985,-1.865,0.449,0.15155,0.05161,0.14934,0.13562,0.5118,0.5355
189,1.038,0.244,2.706,0.981,0.147,0.169,0.4104,3.541,0.3852,0.3135,0.443,0.16383,0.475,-0.007,0.16789,0.10785,0.28758,0.11538,-0.4486,0.5245
190,0.57,1.636,2.082,0.909,0.121,0.985,0.6008,23.597,0.362,0.1931,0.931,0.19749,-1.187,1.937,0.11165,0.17777,0.20838,0.07988,-0.135,0.5545
191,0.07,0.844,5.694,0.083,0.747,0.053,0.3624,15.823,0.4796,0.5025,0.539,0.19953,-0.203,0.659,0.04401,0.07745,0.22998,0.04337,0.4082,0.1505
192,0.922,1.98,4.098,0.911,0.577,0.543,0.9464,12.097,0.3868,0.6299,0.791,0.20191,0.199,0.251,0.13673,0.13863,0.25302,0.02688,-0.7034,0.3355
193,1.006,3.98,2.226,0.391,0.543,0.325,0.6376,16.329,0.314,0.6817,0.923,0.22775,-0.275,-0.799,0.02615,0.07061,0.15438,0.10912,0.0918,0.3895
194,1.686,3.492,5.226,0.293,0.639,0.281,0.9048,22.493,0.15,0.3877,0.013,0.23013,-0.827,-0.343,0.19221,0.14281,0.1533,0.04713,-0.7146,0.3975
195,1.506,2.268,0.294,0.743,0.527,0.003,0.708,9.429,0.3628,0.5683,0.087,0.20871,0.595,1.415,0.19145,0.17891,0.15582,0.12238,0.425,0.1895
196,0.454,0.396,2.19,0.307,0.409,0.885,0.8504,3.725,0.4828,0.7195,0.097,0.23421,-1.547,-0.769,0.09341,0.02159,0.28074,0.11613,0.1422,0.1645
197,1.398,2.436,2.61,0.341,0.027,0.207,0.6952,21.067,0.1028,0.7307,0.785,0.20735,-1.601,-0.331,0.17169,0.09721,0.21018,0.06862,0.4754,0.5765
198,0.598,2.46,1.638,0.639,0.191,0.133,0.9688,14.075,0.3876,0.3709,0.065,0.25767,-0.431,-0.463,0.18499,0.19335,0.2703,0.14563,-0.247,0.3005
199,0.534,3.26,5.622,0.013,0.441,0.517,0.492,11.223,0.1316,0.5865,0.193,0.25597,-1.841,1.745,0.17435,0.19297,0.17742,0.04913,0.4054,0.2515
200,0.078,2.444,1.23,0.305,0.135,0.697,0.46,17.663,0.1876,0.5095,0.979,0.13935,-0.767,0.299,0.16371,0.16333,0.29946,0.04813,-0.2862,0.4885
201,0.402,1.884,3.186,0.667,0.897,0.761,0.7016,18.031,0.498,0.5907,0.525,0.13493,0.715,1.367,0.04173,0.18385,0.13242,0.09712,-0.5186,0.3275
202,1.262,2.764,2.634,0.835,0.279,0.737,0.6488,20.883,0.1756,0.4745,0.217,0.21891,0.463,0.617,0.01817,0.06985,0.2577,0.11638,-0.2358,0.1515
203,1.01,3.876,0.978,0.179,0.239,0.867,0.2328,8.003,0.242,0.5165,0.997,0.17913,0.763,-0.103,0.04515,0.04971,0.13746,0.05788,0.3578,0.5935
204,1.37,3.796,3.642,0.983,0.807,0.767,0.348,6.853,0.2412,0.5487,0.843,0.21381,-0.485,1.973,0.14813,0.09911,0.23322,0.06263,0.159,0.1155
205,0.622,0.572,5.178,0.205,0.349,0.071,0.8536,21.711,0.2292,0.4479,0.337,0.15839,-0.605,-0.109,0.19943,0.02653,0.22674,0.02988,-0.3058,0.4565
206,0.122,3.228,2.514,0.655,0.291,0.549,0.236,9.705,0.2796,0.7391,0.019,0.29269,-1.637,-0.025,0.03869,0.03299,0.20298,0.04938,-0.0958,0.4725
207,0.21,0.404,0.678,0.239,0.347,0.781,0.508,23.689,0.282,0.1525,0.879,0.26209,0.643,-0.247,0.08315,0.14053,0.27354,0.04312,-0.0594,0.5235
208,1.854,2.516,1.158,0.097,0.669,0.835,0.3448,2.069,0.4508,0.1707,0.609,0.24611,-0.467,1.097,0.15041,0.08087,0.17814,0.09213,-0.5606,0.5525
209,1.582,3.204,4.218,0.641,0.733,0.203,0.4696,7.267,0.3884,0.3471,0.117,0.13697,-1.277,-0.661,0.04249,0.02805,0.13278,0.06912,0.229,0.1355
210,1.886,2.324,1.134,0.733,0.889,0.483,0.8952,14.535,0.2828,0.2309,0.403,0.17811,-1.925,1.361,0.02007,0.16295,0.28326,0.11213,0.2206,0.5485
211,1.722,0.884,0.042,0.633,0.799,0.653,0.636,3.771,0.1556,0.6915,0.389,0.27807,0.187,-0.715,0.13407,0.16561,0.12162,0.05462,-0.1546,0.5475
212,1.27,1.348,4.638,0.467,0.023,0.293,0.5384,12.971,0.4812,0.2183,0.171,0.18627,-1.181,-0.907,0.02919,0.13445,0.24186,0.14313,0.0386,0.2145
213,1.09,0.38,3.702,0.149,0.277,0.223,0.2312,14.121,0.338,0.6803,0.763,0.28215,-0.425,0.587,0.14167,0.08353,0.25662,0.09787,0.509,0.4815
214,1.818,3.172,0.378,0.321,0.079,0.943,0.8984,3.449,0.3644,0.6005,0.743,0.17063,-0.845,0.287,0.18271,0.13103,0.1839,0.14138,-0.3422,0.2435
215,1.518,1.228,5.502,0.369,0.109,0.793,0.6568,22.861,0.2484,0.5417,0.897,0.18049,0.613,-0.775,0.04325,0.11203,0.26598,0.14012,0.4726,0.3245
216,0.734,3.604,3.786,0.109,0.077,0.949,0.9976,23.367,0.2076,0.2855,0.707,0.23591,-1.991,1.445,0.03147,0.03679,0.1695,0.08238,-0.2554,0.3365
217,0.574,2.004,2.538,0.673,0.175,0.831,0.4024,7.865,0.1164,0.1847,0.357,0.23931,0.103,-0.895,0.01627,0.13483,0.25842,0.05338,0.3242,0.4865
218,0.142,3.516,5.646,0.479,0.703,0.843,0.7464,21.021,0.43,0.7769,0.859,0.18389,-0.959,0.341,0.10405,0.10101,0.16158,0.13537,-0.303,0.5755
219,1.99,2.132,0.522,0.071,0.951,0.339,0.9208,13.523,0.2716,0.2925,0.795,0.15159,0.565,-0.043,0.07631,0.12495,0.21738,0.07262,0.4698,0.1885
220,0.086,1.564,2.97,0.773,0.071,0.137,0.6216,22.815,0.1972,0.4227,0.111,0.14309,0.385,0.851,0.19525,0.17739,0.1587,0.06688,-0.6586,0.4125
221,1.55,1.42,4.542,0.519,0.403,0.167,0.3352,21.619,0.3756,0.5011,0.221,0.27433,-1.109,-0.457,0.07441,0.18575,0.1713,0.08663,-0.7678,0.4965
222,0.538,0.9,5.322,0.325,0.229,0.143,0.5896,3.495,0.4772,0.1287,0.415,0.27263,-0.053,0.599,0.17815,0.02501,0.2487,0.08813,0.0078,0.2665
223,0.946,2.18,1.242,0.815,0.113,0.657,0.8776,10.165,0.3468,0.2421,0.987,0.27943,0.727,0.845,0.09189,0.09607,0.18534,0.11288,0.5286,0.3165
224,1.046,3.908,1.29,0.599,0.979,0.303,0.388,13.707,0.4436,0.7923,0.697,0.27705,-1.337,-0.529,0.08543,0.08961,0.1443,0.06112,-0.3814,0.2685
225,1.39,1.732,1.722,0.421,0.215,0.685,0.9496,4.185,0.2556,0.4297,0.713,0.21347,-1.613,0.365,0.02881,0.16371,0.12018,0.12987,0.537,0.4415
226,1.498,2.828,2.934,0.221,0.461,0.861,0.9832,13.063,0.3956,0.4927,0.059,0.14989,0.901,-0.721,0.06529,0.11925,0.2451,0.10787,0.5622,0.5305
227,0.858,2.188,4.35,0.863,0.715,0.813,0.8008,8.969,0.494,0.4003,0.617,0.15907,-0.785,0.647,0.16295,0.04743,0.14898,0.05538,0.551,0.1025
228,1.05,2.292,4.782,0.279,0.559,0.847,0.6248,20.193,0.4444,0.6187,0.799,0.26549,-0.341,1.211,0.17245,0.10519,0.24114,0.12013,0.327,0.1605
229,1.65,1.068,0.234,0.211,0.351,0.437,0.212,6.531,0.29,0.6467,0.949,0.14037,0.973,-0.475,0.09683,0.16105,0.25698,0.14163,-0.387,0.3125
230,1.25,1.204,0.186,0.763,0.971,0.153,0.836,9.567,0.2276,0.3807,0.241,0.28861,-0.821,-0.019,0.09911,0.06073,0.27462,0.10887,-0.6866,0.3055
231,0.774,0.876,4.122,0.233,0.545,0.689,0.4456,4.507,0.3996,0.2015,0.093,0.17947,-1.055,0.311,0.07707,0.01247,0.14502,0.11238,-0.0622,0.4095
232,1.834,3.676,4.746,0.473,0.149,0.993,0.2088,11.131,0.1356,0.4717,0.793,0.17029,-1.289,1.535,0.15079,0.09531,0.23862,0.07963,-0.7202,0.4135
233,1.682,2.62,4.698,0.663,0.719,0.989,0.3432,14.719,0.3004,0.6047,0.877,0.15227,-0.893,-0.823,0.01247,0.17093,0.21954,0.12962,-0.0118,0.3505
234,0.326,0.508,2.85,0.343,0.335,0.561,0.9064,14.673,0.4604,0.5893,0.899,0.19103,0.241,1.919,0.09265,0.19183,0.23286,0.09987,0.4446,0.2245
235,1.026,3.38,5.994,0.777,0.665,0.927,0.6984,15.455,0.4148,0.1063,0.021,0.19239,-1.451,-0.253,0.16029,0.13369,0.21666,0.06663,-0.3982,0.4385
236,1.786,0.252,2.43,0.785,0.737,0.551,0.3752,2.805,0.4652,0.6719,0.367,0.21619,0.097,1.433,0.08505,0.03261,0.14718,0.12862,0.3298,0.5905
237,1.774,3.932,1.038,0.345,0.891,0.741,0.3704,24.609,0.2188,0.3023,0.045,0.29779,-1.529,0.869,0.15687,0.08543,0.22818,0.06013,-0.065,0.4695
238,1.138,2.9,2.622,0.439,0.001,0.569,0.7416,3.035,0.4948,0.2981,0.343,0.19375,-1.649,1.739,0.06947,0.13977,0.18894,0.10612,-0.1294,0.5165
239,1.394,2.772,0.966,0.367,0.469,0.937,0.7544,12.281,0.2228,0.1483,0.351,0.23965,-1.859,0.911,0.02691,0.18689,0.15042,0.02963,-0.3646,0.2065
240,0.426,3.348,3.858,0.297,0.681,0.007,0.4072,2.253,0.454,0.2603,0.511,0.22061,-1.487,1.871,0.11089,0.17435,0.2361,0.13087,-0.0818,0.2825
241,1.202,3.868,3.234,0.669,0.879,0.041,0.9224,9.659,0.4708,0.6887,0.933,0.21823,-1.883,1.427,0.16599,0.13407,0.25122,0.08363,0.3718,0.2765
242,0.794,3.572,3.942,0.937,0.965,0.631,0.4968,8.831,0.1516,0.4787,0.915,0.28997,-0.683,0.581,0.19563,0.10177,0.15942,0.14738,-0.6502,0.2525
243,0.35,1.988,3.894,0.091,0.993,0.451,0.4312,24.839,0.2172,0.6257,0.583,0.29983,0.811,-0.325,0.10329,0.05237,0.17922,0.11588,0.0106,0.4345
244,1.342,3.82,5.922,0.359,0.709,0.209,0.4392,12.695,0.1764,0.4605,0.567,0.24475,0.085,-0.805,0.11127,0.09645,0.2631,0.09662,-0.513,0.5085
245,1.85,0.132,3.318,0.739,0.585,0.921,0.5912,19.549,0.4348,0.7335,0.895,0.14343,-0.521,1.607,0.06339,0.06833,0.25986,0.06613,0.1282,0.3665
246,0.798,0.276,4.038,0.817,0.151,0.605,0.2008,22.769,0.2268,0.5473,0.061,0.15125,-1.157,0.743,0.04895,0.07365,0.2739,0.12712,-0.5494,0.4575
247,1.71,1.62,4.77,0.689,0.247,0.361,0.5608,7.221,0.1796,0.6789,0.235,0.15431,0.541,1.001,0.03641,0.14813,0.23538,0.03738,-0.7734,0.3295
248,1.694,0.332,1.47,0.199,0.201,0.849,0.9576,24.517,0.4564,0.1147,0.749,0.15397,-1.847,0.317,0.09379,0.08923,0.2271,0.08638,0.005,0.3225
249,1.638,3.236,4.134,0.067,0.225,0.647,0.3224,3.817,0.4916,0.5459,0.709,0.13357,0.127,-0.703,0.12115,0.04097,0.16734,0.12088,-0.569,0.3605
250,1.082,3.364,4.986,0.865,0.165,0.199,0.364,23.413,0.2892,0.6271,0.003,0.29643,-1.079,1.577,0.13445,0.17283,0.21882,0.04163,0.3662,0.3845
251,0.694,3.756,2.73,0.431,0.555,0.905,0.8472,7.727,0.262,0.7559,0.147,0.18763,0.421,0.041,0.18613,0.14547,0.19614,0.03087,-0.6642,0.5315
252,1.042,3.332,2.094,0.559,0.877,0.695,0.8232,19.043,0.4012,0.5109,0.255,0.23897,-1.823,-0.037,0.10177,0.12191,0.13134,0.14238,0.1702,0.4625
253,0.706,2.66,2.91,0.535,0.621,0.317,0.5752,22.217,0.1964,0.1889,0.807,0.27501,-1.439,1.631,0.01779,0.05085,0.21918,0.05013,-0.7286,0.1735
254,1.278,0.372,1.902,0.055,0.705,0.619,0.3032,4.415,0.114,0.2687,0.939,0.23557,-1.127,1.769,0.09493,0.07137,0.24582,0.13587,-0.597,0.5965
255,0.01,1.548,0.474,0.945,0.647,0.579,0.8296,4.461,0.1204,0.2729,0.383,0.29235,-0.017,0.125,0.02501,0.05275,0.12594,0.10537,0.2542,0.4685
256,0.686,3.716,3.426,0.491,0.641,0.621,0.3944,14.903,0.4756,0.1035,0.631,0.17981,0.967,-0.121,0.02083,0.10215,0.20478,0.11713,0.369,0.2905
257,0.782,3.436,3.27,0.719,0.313,0.089,0.9384,17.203,0.406,0.6999,0.745,0.26957,0.091,1.187,0.03717,0.09227,0.12342,0.14813,-0.2302,0.5275
258,1.542,3.044,3.99,0.469,0.761,0.119,0.8872,8.601,0.1124,0.2939,0.993,0.22401,-0.875,1.523,0.14357,0.19145,0.14466,0.06162,0.0554,0.2205
259,0.822,0.468,0.81,0.191,0.435,0.931,0.4536,16.605,0.3508,0.6551,0.869,0.20769,-1.463,1.379,0.04743,0.19981,0.2541,0.12538,-0.415,0.5515
260,1.49,0.436,4.182,0.919,0.365,0.929,0.6648,23.827,0.4244,0.3947,0.185,0.28827,-0.083,0.077,0.07327,0.04895,0.13314,0.14838,-0.4346,0.3335
261,0.582,1.18,3.174,0.643,0.085,0.047,0.2424,24.563,0.2588,0.6327,0.281,0.19409,-0.851,-0.163,0.10785,0.10253,0.1299,0.05238,0.1198,0.1795
262,0.162,2.228,0.03,0.493,0.043,0.669,0.4424,13.937,0.2956,0.6495,0.203,0.14615,-1.871,1.553,0.06605,0.18157,0.13566,0.14763,-0.0734,0.3955
263,0.862,2.252,1.362,0.927,0.881,0.851,0.5208,11.867,0.2284,0.1301,0.035,0.27093,0.061,-0.397,0.08467,0.11431,0.12126,0.08313,-0.0202,0.1675
264,1.666,2.356,1.938,0.093,0.839,0.155,0.8552,18.813,0.3084,0.3555,0.921,0.26481,0.295,0.221,0.02425,0.19677,0.23682,0.06313,-0.6054,0.5825
265,1.45,0.148,2.598,0.375,0.221,0.661,0.5096,16.053,0.222,0.3975,0.989,0.15023,0.043,1.835,0.19373,0.05693,0.2037,0.08338,-0.1098,0.4485
266,0.378,0.212,0.414,0.417,0.637,0.759,0.7176,11.637,0.4028,0.2757,0.871,0.14581,0.925,-0.901,0.17321,0.13635,0.17454,0.11188,-0.3338,0.4255
267,1.126,0.54,2.07,0.315,0.725,0.893,0.6136,3.219,0.2236,0.7265,0.491,0.29133,-0.005,0.245,0.15535,0.07783,0.18174,0.03263,0.3802,0.3545
268,0.27,0.812,1.17,0.059,0.471,0.947,0.8056,3.633,0.4692,0.2169,0.433,0.17607,0.157,1.985,0.05389,0.07479,0.26958,0.07737,0.2374,0.4325
269,1.494,3.092,3.81,0.389,0.645,0.995,0.548,5.795,0.4396,0.6565,0.981,0.25053,0.559,-0.433,0.17929,0.02767,0.23826,0.08938,-0.611,0.4945
270,1.906,3.428,5.37,0.273,0.361,0.719,0.4232,11.775,0.386,0.5739,0.673,0.28895,0.343,0.605,0.09569,0.02045,0.21234,0.04437,0.1562,0.4895
271,0.71,0.068,1.374,0.963,0.495,0.749,0.7432,15.501,0.398,0.7293,0.429,0.21177,-1.541,-0.379,0.12989,0.05617,0.13998,0.03013,-0.3002,0.5425
272,0.354,0.756,2.574,0.989,0.811,0.471,0.5768,19.135,0.2652,0.1371,0.177,0.24135,-0.515,-0.955,0.14205,0.05541,0.22026,0.09463,0.3606,0.2495
273,0.766,0.452,0.006,0.711,0.467,0.765,0.4728,4.093,0.3564,0.2435,0.737,0.28351,-0.257,-0.787,0.02235,0.03603,0.2469,0.05988,-0.2386,0.2475
274,1.466,0.548,5.202,0.245,0.909,0.589,0.9272,8.647,0.3244,0.6453,0.543,0.17471,0.943,0.227,0.05731,0.05731,0.29046,0.11813,-0.5886,0.5065
275,1.294,3.54,3.378,0.895,0.069,0.335,0.5832,2.023,0.226,0.3359,0.893,0.25869,-1.505,-0.151,0.17207,0.13521,0.13926,0.09288,-0.051,0.4925
276,1.898,2.596,3.354,0.487,0.345,0.381,0.5336,10.257,0.1076,0.7055,0.535,0.16689,-1.739,0.407,0.08429,0.16713,0.20586,0.02613,-0.1238,0.1655
277,0.482,3.916,3.882,0.799,0.663,0.693,0.7528,21.251,0.3588,0.4493,0.787,0.14003,0.055,1.565,0.11773,0.07631,0.22242,0.08888,-0.4738,0.2565
278,0.442,2.076,2.238,0.637,0.571,0.991,0.284,24.287,0.4252,0.6425,0.515,0.17743,0.355,0.809,0.14091,0.09113,0.2829,0.10237,0.3634,0.4115
279,0.31,3.892,1.302,0.035,0.551,0.587,0.6408,16.743,0.1236,0.7279,0.595,0.25393,-0.665,1.331,0.18765,0.14205,0.24474,0.14888,-0.2526,0.4775
280,0.338,0.972,1.746,0.841,0.487,0.295,0.6328,7.451,0.1852,0.3429,0.423,0.17301,-1.205,1.889,0.17093,0.17131,0.14538,0.04213,0.4838,0.2345
281,1.738,0.412,2.862,0.555,0.231,0.817,0.7064,5.979,0.3844,0.3835,0.325,0.20837,-0.815,-0.625,0.05807,0.19563,0.24834,0.02763,-0.0762,0.4265
282,1.862,3.556,0.822,0.403,0.689,0.127,0.8184,6.577,0.3732,0.5501,0.315,0.21143,-0.023,1.691,0.03945,0.07935,0.21162,0.11788,-0.289,0.4515
283,1.478,1.9,2.502,0.715,0.691,0.109,0.7304,21.895,0.1348,0.5403,0.711,0.26039,0.547,-0.553,0.15231,0.12951,0.2991,0.04262,-0.4514,0.3675
284,0.206,3.012,1.41,0.215,0.731,0.057,0.5432,8.785,0.1748,0.7041,0.855,0.22911,-1.763,-0.505,0.03071,0.04249,0.25914,0.14288,-0.0174,0.2415
285,0.93,3.444,4.794,0.979,0.569,0.455,0.26,10.855,0.1564,0.2869,0.327,0.13255,0.283,0.173,0.08657,0.09265,0.17886,0.06288,0.3102,0.2635
286,1.658,2.644,2.274,0.287,0.429,0.725,0.7608,2.299,0.2148,0.2715,0.789,0.25665,0.589,-0.619,0.08277,0.03375,0.12738,0.14338,-0.3086,0.4355
287,1.822,2.676,4.11,0.129,0.677,0.665,0.5512,24.747,0.2692,0.4381,0.187,0.19137,-1.583,-0.643,0.09037,0.17853,0.27246,0.10312,0.2934,0.5405
288,1.618,3.116,1.386,0.301,0.133,0.447,0.74,19.227,0.4548,0.5039,0.613,0.29099,0.067,-0.499,0.03831,0.11127,0.17562,0.06937,0.1086,0.5955
289,1.134,2.068,1.89,0.501,0.275,0.063,0.6888,24.885,0.2908,0.1203,0.913,0.18661,-1.013,0.971,0.07251,0.11849,0.1605,0.08788,-0.6278,0.2195
290,0.79,1.836,0.882,0.699,0.287,0.023,0.8968,5.933,0.1916,0.2799,0.069,0.24645,-1.595,1.925,0.12761,0.04667,0.21702,0.10412,0.2822,0.2155
291,0.218,1.956,5.298,0.399,0.413,0.201,0.8024,12.557,0.3948,0.6761,0.037,0.26923,0.319,0.101,0.02349,0.01057,0.29226,0.14062,-0.625,0.2045
292,0.11,1.668,4.518,0.907,0.777,0.265,0.9432,13.569,0.2596,0.3779,0.207,0.22027,-0.161,1.091,0.03375,0.02615,0.20658,0.07437,-0.2694,0.2175
293,1.622,1.684,5.31,0.061,0.867,0.635,0.5656,23.643,0.1436,0.5795,0.849,0.24407,0.673,1.559,0.07175,0.18499,0.21378,0.12488,0.075,0.1715
294,0.486,0.94,0.69,0.731,0.385,0.413,0.948,8.187,0.2348,0.1749,0.133,0.20905,-1.115,0.629,0.04705,0.06453,0.12774,0.06037,-0.1658,0.5125
295,0.194,1.532,5.742,0.783,0.189,0.485,0.86,2.115,0.4628,0.2449,0.811,0.16893,-1.211,0.359,0.16447,0.09037,0.17274,0.09962,-0.765,0.2535
296,0.554,3.58,5.67,0.941,0.515,0.913,0.852,7.543,0.3652,0.3737,0.865,0.27739,0.313,-0.697,0.12457,0.02881,0.25878,0.10112,0.0778,0.3435
297,1.586,2.812,0.162,0.309,0.243,0.555,0.4168,3.311,0.3308,0.2505,0.017,0.15873,-0.437,1.613,0.13787,0.11279,0.2379,0.05663,0.1842,0.5565
298,1.674,0.716,5.73,0.619,0.065,0.875,0.2248,18.951,0.2196,0.4185,0.621,0.17233,-1.943,1.031,0.14243,0.16523,0.17418,0.13262,-0.4234,0.3075
299,1.29,1.092,0.066,0.117,0.363,0.957,0.644,14.489,0.4956,0.6579,0.589,0.16247,-1.265,0.563,0.10481,0.11735,0.21558,0.07587,-0.7622,0.4455
300,0.322,1.916,5.982,0.001,0.083,0.873,0.572,11.361,0.3676,0.6341,0.191,0.21041,0.721,0.881,0.06415,0.14357,0.20334,0.07812,-0.373,0.5095
301,0.186,1.596,2.166,0.207,0.181,0.453,0.3016,18.353,0.4204,0.4213,0.261,0.29711,-1.349,0.179,0.02273,0.16751,0.2955,0.06062,0.5902,0.3805
302,1.382,3.588,1.338,0.831,0.615,0.019,0.4488,9.843,0.474,0.4353,0.109,0.29303,0.265,0.377,0.02729,0.13141,0.28182,0.11263,0.0246,0.4915
303,1.19,1.332,5.346,0.299,0.775,0.115,0.8632,22.953,0.19,0.6607,0.761,0.13595,0.835,0.635,0.07897,0.01627,0.24042,0.05513,-0.4906,0.2295
304,1.758,2.556,4.602,0.319,0.131,0.237,0.9448,11.959,0.4596,0.3527,0.427,0.20633,-1.727,-0.199,0.11013,0.19943,0.13098,0.10963,0.2626,0.3885
305,1.002,0.02,4.398,0.317,0.961,0.045,0.428,22.447,0.4644,0.1875,0.549,0.26515,0.523,0.941,0.04135,0.03109,0.29442,0.07112,-0.1574,0.5335
306,1.47,1.452,4.374,0.603,0.353,0.479,0.2616,18.123,0.2788,0.1077,0.467,0.25631,-0.011,0.701,0.18005,0.07213,0.14286,0.12912,-0.3142,0.5415
307,1.882,0.956,4.446,0.229,0.199,0.577,0.4824,2.483,0.2572,0.4619,0.495,0.13085,0.211,0.539,0.17397,0.14433,0.27642,0.02588,-0.4038,0.4165
308,0.954,1.196,0.606,0.645,0.711,0.439,0.7896,13.477,0.3796,0.7419,0.721,0.25903,-0.245,1.643,0.12039,0.02273,0.1803,0.04412,0.565,0.5975
309,0.63,0.74,0.054,0.757,0.173,0.917,0.6168,16.145,0.2564,0.3303,0.077,0.27365,-1.835,1.079,0.12191,0.09987,0.24402,0.02738,-0.6222,0.2645
310,0.342,3.684,3.15,0.127,0.521,0.751,0.66,18.721,0.294,0.6747,0.995,0.18117,-0.947,-0.271,0.05959,0.19031,0.25518,0.05638,-0.7118,0.1435
311,0.082,1.252,3.258,0.251,0.953,0.865,0.5368,7.911,0.2812,0.7937,0.529,0.24169,-1.409,0.947,0.10519,0.14319,0.28722,0.12338,0.4166,0.3875
312,1.178,1.268,5.79,0.847,0.013,0.925,0.924,21.159,0.306,0.2631,0.585,0.22877,0.181,-0.175,0.19677,0.08657,0.1821,0.05138,-0.1714,0.3695
313,0.906,3.316,5.406,0.999,0.539,0.185,0.3928,13.339,0.458,0.4283,0.953,0.26855,-0.461,-0.349,0.05085,0.18917,0.24222,0.02838,0.1142,0.2385
314,0.118,3.628,2.142,0.837,0.795,0.183,0.6456,24.701,0.4172,0.6691,0.691,0.15295,-1.475,1.481,0.15307,0.07327,0.17382,0.12563,0.5762,0.3325
315,1.522,1.852,2.298,0.593,0.009,0.941,0.2584,13.615,0.3724,0.2337,0.571,0.15941,-1.709,0.011,0.04211,0.12875,0.15906,0.12263,0.3018,0.1105
316,0.934,1.652,2.37,0.591,0.457,0.015,0.9368,7.957,0.4388,0.7503,0.453,0.16757,-0.233,1.715,0.04059,0.17701,0.2865,0.06837,-0.5998,0.4005
317,1.074,3.724,2.802,0.235,0.055,0.805,0.3368,6.761,0.154,0.5263,0.243,0.19681,-1.139,-0.655,0.17853,0.16029,0.16626,0.13112,-0.2918,0.1725
318,1.934,1.868,1.194,0.913,0.107,0.359,0.4808,15.133,0.4364,0.6369,0.239,0.22741,-0.623,-0.583,0.12837,0.14623,0.26994,0.11063,0.3886,0.4615
319,1.058,2.7,1.05,0.147,0.101,0.827,0.8264,22.171,0.2644,0.4129,0.329,0.14955,0.709,1.511,0.07973,0.11089,0.12306,0.03913,-0.149,0.3625
320,0.45,3.108,5.13,0.753,0.203,0.783,0.7496,10.487,0.1668,0.3037,0.597,0.26005,0.931,0.131,0.17663,0.05465,0.13206,0.12837,0.467,0.2255
321,0.042,1.676,1.002,0.193,0.997,0.219,0.8488,14.029,0.3372,0.3541,0.941,0.16655,-1.817,1.859,0.18993,0.09189,0.18642,0.06962,0.2654,0.3035
322,0.73,1.284,1.926,0.335,0.359,0.811,0.4264,24.011,0.4068,0.4731,0.651,0.25801,-1.025,-0.937,0.05427,0.12723,0.12522,0.06812,0.243,0.1525
323,1.078,1.26,3.57,0.955,0.701,0.597,0.5544,6.163,0.3236,0.7489,0.891,0.16859,-0.977,-0.973,0.19715,0.05883,0.19182,0.02563,0.439,0.1315
324,0.234,2.492,0.906,0.585,0.713,0.367,0.8088,17.433,0.1092,0.5879,0.653,0.16043,0.037,0.047,0.09949,0.10481,0.24294,0.06137,-0.793,0.3525
325,1.526,3.028,2.838,0.031,0.753,0.147,0.6872,12.051,0.4748,0.6635,0.231,0.17335,0.961,1.763,0.08999,0.03641,0.25266,0.07787,-0.0566,0.3445
326,1.03,0.492,5.874,0.275,0.975,0.129,0.6056,12.373,0.2604,0.4045,0.141,0.20157,-1.685,0.719,0.17359,0.05351,0.16338,0.11313,0.1618,0.4855
327,0.058,1.388,2.586,0.875,0.865,0.061,0.3464,20.791,0.414,0.1567,0.301,0.17131,0.301,1.991,0.07555,0.01399,0.1767,0.10037,-0.2106,0.5655
328,1.206,3.804,4.65,0.445,0.955,0.837,0.2776,11.039,0.2972,0.5669,0.209,0.21959,0.859,0.275,0.07479,0.03869,0.18462,0.14188,-0.0454,0.5465
329,1.502,2.692,0.798,0.905,0.481,0.213,0.3512,9.107,0.1644,0.4843,0.829,0.27875,-0.539,0.761,0.09759,0.19715,0.12414,0.05813,0.5678,0.4235
330,0.818,3.18,2.67,0.049,0.845,0.519,0.2488,20.837,0.2524,0.3793,0.067,0.29507,-0.923,-0.871,0.09151,0.11241,0.24366,0.07037,-0.737,0.1055
331,1.162,1.476,3.042,0.051,0.717,0.779,0.892,9.199,0.4572,0.7825,0.823,0.24373,0.997,0.389,0.19069,0.19069,0.18966,0.05863,-0.457,0.4975
332,1.946,0.1,3.69,0.813,0.383,0.233,0.7784,7.405,0.102,0.7615,0.375,0.14479,-0.155,0.353,0.15573,0.07669,0.16662,0.07913,-0.5942,0.5495
333,1.226,0.348,4.866,0.787,0.115,0.433,0.9928,7.819,0.4284,0.3107,0.547,0.29575,-1.121,1.151,0.19183,0.07403,0.28434,0.11088,0.3074,0.1375
334,0.382,2.684,1.626,0.959,0.031,0.683,0.4856,18.997,0.3292,0.7013,0.339,0.24951,0.145,0.533,0.08391,0.16827,0.1659,0.09513,-0.5802,0.5345
335,0.462,3.42,0.846,0.277,0.207,0.727,0.372,5.243,0.394,0.7433,0.481,0.13799,-0.305,-0.469,0.16903,0.07099,0.27318,0.09537,-0.6922,0.1765
336,0.494,2.06,1.77,0.883,0.355,0.177,0.7352,9.291,0.2252,0.1357,0.775,0.24781,0.817,-0.187,0.04819,0.18727,0.25446,0.12288,-0.7706,0.3905
337,0.902,3.732,4.974,0.023,0.767,0.267,0.6152,13.983,0.2092,0.5319,0.083,0.26617,-1.715,1.955,0.07289,0.15345,0.20946,0.09837,-0.7762,0.3255
338,0.602,2.836,0.63,0.007,0.331,0.429,0.8696,12.189,0.426,0.4087,0.471,0.21721,0.637,1.049,0.16523,0.05921,0.13962,0.13712,0.5986,0.4145
339,1.53,1.524,4.878,0.449,0.931,0.895,0.3544,3.265,0.4236,0.1819,0.801,0.21551,-0.839,-0.361,0.15763,0.15763,0.29154,0.10637,-0.177,0.4205
340,1.91,1.876,3.906,0.063,0.281,0.809,0.5464,14.443,0.1244,0.6117,0.009,0.24883,-1.511,0.737,0.02995,0.05845,0.28038,0.06413,0.523,0.2085
341,0.43,0.22,4.674,0.143,0.411,0.263,0.9096,20.745,0.206,0.6901,0.959,0.15669,0.505,1.229,0.05199,0.10671,0.1461,0.10387,0.0526,0.4075
342,0.95,3.356,3.822,0.511,0.847,0.681,0.8936,11.453,0.2372,0.4759,0.509,0.17403,0.583,-0.859,0.16105,0.04439,0.27102,0.04963,0.0022,0.4275
343,0.238,1.844,5.598,0.649,0.883,0.217,0.436,9.613,0.3548,0.5193,0.409,0.24849,-1.049,0.749,0.15611,0.01589,0.22782,0.07137,-0.723,0.3235
344,0.662,3.276,2.442,0.331,0.697,0.829,0.996,16.513,0.3188,0.2127,0.201,0.13731,-1.697,0.371,0.17055,0.16941,0.23178,0.05938,0.2402,0.3085
345,0.19,2.524,1.962,0.283,0.821,0.093,0.5,22.079,0.1612,0.7573,0.565,0.14819,0.307,0.713,0.18689,0.15383,0.20802,0.09338,0.1926,0.1405
346,1.602,0.732,0.558,0.871,0.179,0.807,0.4216,14.765,0.1508,0.6131,0.555,0.26413,-0.089,0.107,0.18879,0.13901,0.17346,0.08513,-0.7958,0.5175
347,1.922,1.5,0.942,0.157,0.159,0.903,0.6968,14.627,0.3924,0.3177,0.929,0.29609,0.799,1.733,0.13597,0.06225,0.12918,0.10262,-0.583,0.4175
348,1.566,0.892,5.946,0.541,0.781,0.499,0.7368,17.019,0.358,0.1343,0.927,0.14853,0.493,0.161,0.09797,0.15231,0.15294,0.11013,-0.1462,0.2125
349,1.302,3.156,0.282,0.627,0.911,0.337,0.204,8.417,0.1468,0.2253,0.385,0.25257,-0.167,1.037,0.08163,0.04705,0.25734,0.03887,0.5846,0.2815
350,1.298,1.604,3.018,0.995,0.375,0.803,0.7992,2.621,0.2676,0.4255,0.963,0.23217,-1.787,1.241,0.09113,0.08277,0.2109,0.10212,-0.4178,0.2355
351,0.158,2.476,3.342,0.547,0.935,0.449,0.9016,16.651,0.2964,0.3919,0.837,0.13153,-0.599,1.709,0.15003,0.08049,0.12846,0.03112,-0.4262,0.4465
352,1.21,1.572,2.79,0.065,0.805,0.915,0.4792,13.017,0.198,0.2589,0.071,0.18865,-1.343,-0.073,0.10101,0.02349,0.22278,0.04138,-0.1798,0.5685
353,0.518,0.484,3.534,0.219,0.137,0.979,0.468,6.669,0.3452,0.7097,0.161,0.16995,0.331,-0.367,0.11279,0.13255,0.22854,0.06987,0.0498,0.3635
354,0.682,1.22,2.946,0.409,0.967,0.255,0.3832,19.687,0.3412,0.4115,0.603,0.19511,0.649,1.679,0.13065,0.18005,0.23754,0.05437,0.5398,0.3685
355,1.266,1.396,4.29,0.259,0.819,0.095,0.252,16.007,0.2876,0.2533,0.537,0.21857,-1.733,0.269,0.19449,0.12153,0.2757,0.03563,-0.7566,0.2595
356,1.13,0.82,0.738,0.353,0.885,0.405,0.2232,13.201,0.342,0.1231,0.341,0.29677,-0.497,-0.277,0.09417,0.17967,0.16986,0.14663,-0.5858,0.2625
357,0.134,0.356,5.094,0.781,0.485,0.999,0.9864,16.191,0.3396,0.5599,0.955,0.20429,-0.677,-0.673,0.08771,0.04211,0.1875,0.12138,-0.1938,0.2305
358,0.77,1.148,1.578,0.257,0.597,0.531,0.6392,2.667,0.446,0.3387,0.581,0.24101,-1.889,-0.541,0.06681,0.02729,0.26562,0.04287,-0.7174,0.5915
359,0.018,0.796,3.306,0.529,0.327,0.565,0.772,19.641,0.3316,0.4913,0.145,0.15567,-1.469,-0.919,0.18727,0.11051,0.2667,0.11738,-0.7454,0.4405
360,0.242,3.268,4.806,0.303,0.045,0.397,0.7096,15.915,0.2628,0.6859,0.387,0.17165,0.205,1.697,0.11963,0.15915,0.23934,0.11488,-0.359,0.1285
361,0.282,2.212,3.102,0.411,0.187,0.655,0.2728,5.381,0.1388,0.3317,0.689,0.25699,-1.571,1.781,0.19981,0.18043,0.25482,0.11388,-0.1966,0.1785
362,1.87,1.02,0.618,0.577,0.727,0.259,0.4056,8.141,0.1332,0.3373,0.747,0.24033,-0.593,0.665,0.10557,0.12115,0.23358,0.14788,-0.4402,0.1575
363,0.386,1.588,3.438,0.647,0.051,0.399,0.82,2.345,0.4164,0.5067,0.091,0.19273,-0.191,1.073,0.07403,0.06681,0.27714,0.03163,0.0694,0.4595
364,0.214,3.548,2.466,0.187,0.489,0.477,0.3992,23.781,0.2084,0.5963,0.297,0.20497,-0.311,0.725,0.08733,0.06415,0.23718,0.08588,0.4586,0.5585
365,1.966,1.212,1.542,0.843,0.581,0.435,0.2696,16.559,0.3076,0.5207,0.625,0.19069,-0.383,1.703,0.01285,0.05655,0.18606,0.14363,-0.667,0.2575
366,0.098,2.78,1.35,0.395,0.887,0.473,0.2984,21.665,0.366,0.2547,0.465,0.17437,0.895,0.143,0.04477,0.08885,0.21774,0.08063,-0.4066,0.2185
367,0.658,2.748,4.722,0.045,0.249,0.271,0.62,3.081,0.2204,0.4073,0.917,0.21449,-0.293,0.293,0.13103,0.01551,0.27066,0.07938,-0.6614,0.4675
368,1.938,3.5,1.758,0.869,0.299,0.617,0.8568,11.683,0.354,0.1539,0.447,0.19613,-0.509,0.197,0.05123,0.10595,0.1551,0.09063,-0.0342,0.5395
369,0.974,1.14,0.174,0.361,0.599,0.603,0.5592,5.657,0.2012,0.5557,0.779,0.17879,0.499,1.475,0.13027,0.12685,0.1389,0.13062,-0.4094,0.4845
370,0.178,0.628,5.658,0.889,0.575,0.819,0.9704,23.965,0.3092,0.2323,0.399,0.19001,0.469,1.469,0.16751,0.01855,0.2253,0.08613,0.5006,0.1825
371,0.814,1.644,1.998,0.021,0.673,0.013,0.3672,20.239,0.1012,0.2379,0.335,0.13289,-1.199,0.803,0.05465,0.10063,0.21198,0.11138,-0.3114,0.3315
372,0.054,1.788,3.09,0.481,0.623,0.229,0.4136,6.715,0.2508,0.4507,0.151,0.21755,-0.281,1.355,0.16333,0.19373,0.12666,0.11913,-0.4822,0.5535
373,1.414,2.156,5.706,0.475,0.659,0.733,0.8376,14.351,0.3804,0.2659,0.081,0.25189,-0.791,-0.001,0.01019,0.16599,0.24654,0.08413,0.411,0.2545
374,1.194,3.412,2.742,0.727,0.849,0.021,0.564,6.347,0.298,0.1399,0.861,0.27977,0.655,0.191,0.14889,0.08733,0.17058,0.07212,-0.7594,0.3395
