0.9963133053124387,0.9518733136358111,0.934511816026599,0.8851541306515986,0.8978779199799145,
0.9895936603019451,0.9883819226107398,0.989268896299051,0.9820260154027457,0.9569130450478703,
0.9983264175085516,0.9643811950528525,0.9210665249483405,0.9053947078669542,0.8947407696048555,
0.9791062537667452,1.497981078137855,0.7092521009935744,3.634757810643776,1.5353438171868992,
0.9847820043770372,0.9599406247034379,0.9268748982302755,0.9317364684101904,0.862216092902099,
1.0086051467424917,0.9832257633269976,0.988146398331347,0.9656197317290554,0.9332351009079858,
0.9966691572317607,0.9830352145956267,0.9423211786082488,0.9401614089162036,0.9091781231770599,
0.9996435799128351,0.9997350676814841,1.0130193233042741,0.971614294483696,1.0045601187976658,
1.0003780625289886,0.9617463946518194,0.9638241159530951,0.9434843498672333,0.9422746845378356,
0.9989420644372256,0.9717094865068714,0.9457359026145906,0.8975261634451688,0.8685457746470435,
1.0032627948433512,0.9978345437609732,0.9740511660543436,0.9732492593147564,0.9755955403929877,
0.998613535850511,0.968904397068864,0.9370155716534114,0.9349251486270123,0.9171985976877732,
1.0045817510910409,0.9736865032942993,0.9629750613799914,0.9202113659265632,0.9138214501064814,
1.0089562092732656,1.0249391214909505,0.9533350433658105,0.9312290366588498,0.9161932711226974,
0.976828492593657,0.8888721956597576,0.8053604623464092,0.7739377733543429,0.6927544896704034,
0.9489320598096603,0.7712142188184101,0.5638406064154632,0.42062790060113187,0.3007829376766128,
0.9748504696192348,0.8835707006860668,0.7223823946467729,0.6436762622412451,0.5500726200256814,
0.9946397144468841,1.012890615209924,0.9958032862709347,0.9970363798273407,1.021738461679826,
1.0202742961237288,0.9859296565871254,0.9696838482497379,0.9998385092947794,0.9830714142941976,
0.9917545925579603,1.019422330331653,1.0236228217080545,0.9279280645002553,0.8480926914750841,
0.9957915146181089,0.9500701421705715,0.9828774319706749,0.9298361246120901,0.9084794995964646,
1.000135243364035,1.0037549627293048,1.0023201608041434,0.9946002588853079,0.9858817528555113,
0.869159802599935,1.0227947016344328,1.187407720346303,0.6791701046496346,0.6874240146303883,
1.006718115465706,0.963108037931839,0.9222314307488746,0.8909296259374457,0.8717767675082008,
1.0002179841866963,0.9748254345707099,0.9811297287560119,0.9255071610282036,0.9494869450635539,
0.9730636464634406,0.9512013299686948,0.9057332805805949,0.8641120605477377,0.8593870324347412,
0.9805841856740021,0.9752918547144696,0.9709007087885515,0.9650034430673307,0.980909557324929,
1.0034224019282787,1.031427500413713,0.9569005729655794,0.9819587236384106,0.9268065754528825,
0.9852882249228891,0.9839670776974725,1.0065664955742042,0.9861071937173909,0.9828354718903595,
0.9892567545428121,0.9762109347619223,0.9509862459776754,0.9605500287592869,0.9375162398373548,
1.0133385927631409,1.0083143645978443,0.9894255127264726,1.008587770231405,1.0107465666213957,
1.006372902331104,0.9620248894974462,0.9455373215282499,0.9159165747863071,0.8820686579421098,
1.0051170272225198,1.0063029745584915,0.978533917031152,0.9837858673650848,0.9482601196782661,
1.0290076559106305,0.9095797785114899,1.0619519209647448,0.8675580253831965,1.0670820328250628,
0.9792837182185351,0.9647753880383562,0.8825592134263621,0.8447975242767942,0.8110588805294148,
0.9736932265695435,0.9472267592457104,0.9017250544251774,0.8626180367359844,0.8026351809018215,
0.9879233822856797,0.9529147973520173,0.9355045080441673,0.9083320973158513,0.9046822465602122,
0.9935410933629478,0.9931777774992044,0.9668631549821212,0.9350515430742803,0.8728215704196991,
0.9964838208575691,0.9866998192047617,0.967918287773113,0.9519193268122613,0.9062762589236164,
0.990357725791859,0.9912683151689683,1.002623979010059,0.9765947493502446,1.0009981383408793,
0.9929722132233956,0.9717980725206357,0.9524014233915878,0.9268691057379961,0.9172056727093045,
0.9853999458834686,0.9261573350882022,0.9640009198378987,0.9321307885770163,0.9258978434759098,
0.9493249960883163,0.7496745834928493,0.5956995250544512,0.45800837435563246,0.34344438390333853,
0.9932196295304556,0.9538071402469737,0.9355140557584206,0.9187255304962194,0.8848086137105398,
0.9961001595901985,0.9639949434943644,0.9469474823145834,0.9181932073978596,0.9144425539705114,
0.9919494799456503,0.9604784222514011,0.9264989978716616,0.9049685292667999,0.8749359408294244,
1.0075541900516138,0.9378370142367745,1.0374682458942048,0.9906480065514918,0.9767961237210734,
0.9962021168936268,0.9724984773686101,0.9562766245391227,0.9416587012467882,0.9244894925016531,
1.0251634756270167,1.001000684513224,0.9728268883876641,0.9326588172980395,0.9324438398337869,
1.0012792012077665,0.9946697321957534,1.0107626278067339,0.9913397527194455,0.9767587387929582,
0.9910923077471037,1.0124743109794145,1.0065184417490964,1.0057957079574842,0.9757745028939623,
0.9971806387746276,0.9867539971673629,0.971127879707153,0.9550854945186831,0.9130806123000342,
1.0066788288973736,1.0047053723311128,1.0257557936433845,1.0173171533015652,1.0153037235764832,
0.9770171141835842,0.978444757660087,0.9680939945310063,0.9296326996315248,0.9289729432110736,
0.9612775169432302,0.8303408533374215,0.7064003902931288,0.5853962126823755,0.49744427259094415,
1.0221656250603932,0.9257640531773316,1.0520912872086945,0.9181204306885697,0.9619721658572713,
0.9546039783456155,1.1483999974979446,1.0101634265244521,0.842810296277333,0.8015494982145177,
0.9617279329546968,0.8953924893576584,0.9229453112937336,1.0025069438665324,0.7456735070281714,
0.9786603631261988,0.8948464290482057,0.806452292737118,0.7515050388172533,0.6972644333058504,
1.0049791064968336,1.008537494071124,0.9953190679698154,0.9829012115498001,0.9519476710651906,
1.0061665591514923,0.9964930919052721,0.9897590134603134,0.9690303431644569,0.9551509625272605,
0.9933569806284541,0.9656599367044385,0.9665468484874107,0.9559167592085163,0.9271606276205666,
1.0014576536892044,0.9942028428333944,1.0251248232188437,0.9776508410260547,0.9652030036156947,
1.0015172352690107,0.983130623343272,0.993201639117205,0.98071966265873,0.9728614546521033,
1.0097779194271677,0.9903058061690166,0.9793092561416454,0.9638436083431332,0.9218923252359776,
0.9835918360724253,0.9507769629247798,0.9243126105406295,0.8816453710048717,0.8420920210849373,
1.0064730296694524,0.989925718052867,0.9338631474388905,0.8744774185614261,0.8103873388473605,
0.9893751035971579,1.0000435200075766,1.0051779639793852,1.0197076655363926,1.0123335527867339,
1.014187170596955,0.9757536531991131,0.9574115494192716,0.991078412983499,0.9562608750857822,
0.9950721518552741,0.9654128659718182,0.9540654969598428,0.8929386762812186,0.8554879878983064,
0.9977899192726767,0.9754817556486908,0.9590923896918795,0.9270892509171356,0.8972718042263934,
0.9966573811922553,0.9796140912991815,0.9443240014345489,0.94511348081786,0.9141037354649825,
1.0180005455521937,0.947320478466908,0.9213119143126653,0.9747791933700978,1.0169938610007019,
0.997859040486732,0.9622217080863202,0.9302300199344338,0.8572928548761927,0.8275308824440439,
0.9973678197262212,0.9742103383523035,0.9440149388686137,0.9127701837609623,0.9064422600149098,
1.0101326284463648,0.9202860822146238,0.8536898004450161,0.7876878413306854,0.7190271152269114,
0.959911964664415,0.8458638268140504,0.7139342498924656,0.6255519683164378,0.5363089995908263,
0.989401627297275,0.9615612867764611,0.9257807190960827,0.8693051924383617,0.8254565819654207,
1.0087166526228235,0.9620234471692994,0.9249040581266333,0.9361353157305939,0.9174347897288236,
0.9600774880699191,0.8645076363599353,0.7562986337390813,0.6586973867219027,0.5785633024428176,
0.9909904418494866,1.0176017455771893,0.9676784001720541,1.0263180824570768,0.9445926985568959,
0.9917916802761064,0.9536393340899245,0.9002443891476348,0.8760444516234323,0.8283719917452234,
0.9886013830998015,0.951983223845448,0.9447586972271871,0.9305744411303067,0.8987949803281898,
0.9759479571728924,0.9063274393525739,0.828112554355865,0.7659736233384835,0.7013509696110561,
1.0171198576869758,1.0065286866704275,0.9995966829509368,1.0038023023013403,0.9815651318643762,
0.9987502444440457,0.9938099891756657,0.98167225500986,0.9687633779422076,0.980982415280818,
1.0005301830681566,0.9938891630526732,0.9946054688236337,0.9871214929873381,0.9765967756629588,
0.992140498407649,0.9855335361837931,0.969037611968939,0.9668115987604089,0.9787976482940257,
0.9919191791564081,0.9549336789916139,0.96375639665139,0.9379983725575738,0.9245256340726539,
0.9930713752283552,0.9642586879493681,0.9181362820532674,0.8750918821561046,0.8733188995738868,
0.992534476459829,0.9837269368064999,0.9438415051501243,0.9102864311815386,0.8832519196480989,
0.9944268740629216,0.9804443915469536,0.9758081144856932,0.9588899494166262,0.9410973423674174,
0.9874519362829236,0.940971515115915,0.8994698751414221,0.8676645676355766,0.8410750377775884,
1.0012589594562378,0.9792023884304992,1.0039247786213135,0.9628201503663161,0.9603282951428428,
0.9979934662260317,0.9990487854637997,0.9918749697607514,0.9894158571772915,0.9656043362659998,
1.0044007296500237,0.9273562115661654,0.8690873199692857,0.847687725925919,0.7990190898241059,
0.974010378540582,0.9343429959741554,0.8799781742193551,0.831762364888113,0.7823246597048363,
0.9978505511818332,0.972990488552742,0.9623376207299421,0.942793046365282,0.9228794426497112,
0.992817164932581,0.9636520022706256,0.9011916730343512,0.8368233300485758,0.7806739138014718,
0.9919960754641928,0.9697241250334651,0.9760803249642918,0.946758464934798,0.9409900060893421,
1.0004161742048048,1.0074113763695833,0.9669992334357513,0.9231226785827118,0.8849478418706958,
0.9982856392398852,0.9597387679385039,0.9450460957421231,0.9072542511594136,0.8662211181954733,
0.9730688390334784,0.9559877534687833,0.9885400305842733,0.9420882474289927,0.9540419263395515,
1.002012839908648,0.981924559939134,0.9453287712832185,0.9215121075983805,0.8967348806373023,
1.066499682671168,0.9796382855085701,0.9940563069826931,0.9044607955424662,0.9081391018417848,
1.0076961050006372,1.01332329974132,1.011020651484732,1.0306181814199968,0.9241114100723902,
0.9924578631973158,0.9684134617961279,0.9208637201693937,0.8930007272026546,0.8679376926139404,
0.9309588126520917,0.8574573062637407,0.708332125517281,0.6116539032272386,0.5551494782319149,
0.9955919992955011,0.9261931319913983,1.0003651261152102,0.9137148992020334,0.9753272244559088,
0.9755386215271259,0.9528096050886969,0.9536457335871069,0.9248403994213884,0.9370037193813356,
1.0064205979742877,0.9639719159337605,0.9773506924258673,0.9414488637460616,0.8936008719242099,
1.2627997366496497,1.340649539871793,0.7839652570801557,1.0030743782018459,0.836615552863484,
0.9895108718220722,0.9706975521927914,0.9536328808152146,0.9444449195484522,0.90446758124948,
1.005473510518718,0.9885246290258837,0.997448843808288,0.9795981649075414,0.9872924161286913,
1.0013775467939254,0.9687020323156272,0.9673592941010845,0.9613319398064046,0.9433781639713018,
0.9936664614613007,0.9890896532931627,0.9697227812019819,0.9632705181006749,0.9471717056762025,
0.9910754999430071,0.9914366006836495,0.988458599549563,0.9681142516786733,0.9450828680393086,
0.9799394364488421,0.9513341043328135,0.9218852922595833,0.8863801334568202,0.8519201653540971,
0.977006071269219,0.9745621915262466,0.9767120944237535,0.9347052288560249,0.9116658304576513,
0.97891442208815,0.985141496682973,0.9894564497092118,0.9415252064833276,0.958329805398813,
0.9951403584596512,0.9844895830168909,0.9527458690782631,0.9148954036942694,0.9052073989214534,
1.0027666546626122,0.9850960847605366,1.0388287823172142,1.0195455699572002,0.944714730438618,
1.0019845042910338,0.9845673660868157,0.9881739102825113,0.9976163439497654,0.9970625394085029,
0.9974386585282753,0.9682509164283746,0.9772096959379563,0.961489685713865,0.9141620400910409,
0.9887893355036457,0.9474437542454902,0.9118640034265622,0.8987001209678616,0.8622607920325746,
0.9927895075558142,0.9280924024118256,0.8687142914533283,0.8051940086112559,0.7505637515895127,
0.9768678531923574,1.0052882550729922,0.9567690431319139,0.9018603662858498,0.8710225298993268,
1.0039890360120585,0.9799562549446168,0.942077253047024,0.8430587914914112,0.74308673612138,
1.0013265058667193,0.9828017022547466,0.9741408812539345,0.9564092411714382,0.9493406870525504,
1.015694058544879,0.9658065950335621,1.0041195647288939,0.9667567852894798,0.972774091234939,
0.9832962389136493,0.9602640845362044,0.9066685646243582,0.8964942664048119,0.8320722741321349,
0.9938483089706462,0.9887558299014028,0.8980582265537668,0.914963162321297,0.8699925474654604,
1.007377104146188,0.9851304001452214,0.9652778324666051,0.952792969518184,0.9424939015630207,
1.003395150727488,1.0181582095248596,0.972543882940045,0.9793476474354996,0.9697222768048961,
1.0078574104957985,0.9540892672287242,0.9598674668658755,0.9716360841546064,0.9480872645284828,
0.9766143385246076,0.9410039126047897,0.918879825246657,0.8586579045470482,0.8325678226996371,
0.990439959297174,0.9666611312488963,0.9150151747561823,0.8425944653209936,0.7514507556097969,
0.990619902107519,0.939525294479773,0.9062850363450541,0.8388369347817096,0.7734292856347633,
0.9916473006922615,0.9836798897643582,0.9641318633713181,0.9515532607922992,0.9144340694242181,
1.0045402871018054,0.9950997369412271,0.9663575740734021,0.9811514857965118,0.9738414306839345,
0.9878446786683965,0.9451796432782282,0.8840245484157515,0.869743440584059,0.7832327367467176,
0.9704354436942182,1.0230901016993255,1.017203823697957,1.0087592660893738,0.9994303227481289,
1.0005135541132315,0.9815699481617639,0.9822322829080912,0.9761870276708615,0.9660525236947013,
0.9930867566444335,0.9721185329247195,0.9459022321671536,0.9265373439295017,0.9086143562591354,
0.9787025712886764,0.9700391136978668,0.9294637146411475,0.9222166054405136,0.8983826272315258,
0.9972259241250027,0.9923162565717596,0.9861567694313234,0.9639521881421843,0.9546860526850387,
1.0134406906840074,0.957121943567358,0.947335340683939,0.9551687419582977,0.8718505323667276,
0.9906154108448352,0.9690147418055872,0.9322850392396744,0.9045525423983101,0.871143070310966,
0.9974582916741827,0.9921538730079406,0.968637686583059,0.965762735195439,0.9375719918985952,
1.0020222129366378,0.9993897245866201,0.9823596268965709,0.9773116448343389,0.9503558324446324,
0.988471476574559,0.9832205036747619,1.0615151855991618,1.013897329713542,0.9832076281176065,
0.9907440595155543,0.9746467558436525,0.9383917083803266,0.9155380113314402,0.8807666433510005,
0.9941471061119205,0.9776126240038696,0.949940762867556,0.9341496370413145,0.893840646657807,
0.9714110116679018,0.863349198483769,0.773674138781316,0.6784868934469888,0.6071820686856308,
0.9908242934107887,0.9116805257477314,0.8476365856741357,0.8018578206874978,0.7067859140199445,
0.9781410805416717,0.9413551536492275,0.9725982163820901,0.9566728301237359,0.9817274136681574,
1.0316477314609966,1.0151106849673786,0.9731942317845375,1.0012161984903936,0.968870005115486,
0.9964566775632447,0.9881551104031308,0.9532817976492072,0.9291272003670263,0.9254609661896832,
0.997011628397035,0.9788808343425554,0.9658564956769022,0.9523899526916855,0.936184479616838,
0.991682487860442,0.9736339753009081,0.9581382507819416,0.9275762467635231,0.9140750996725037,
0.9931274643425994,0.9654137527275704,0.9356425332330548,0.903133076934532,0.8960221442654914,
0.9989620046574177,1.0125654775761892,1.0365539395764045,0.9906900647510595,0.9348003101387496,
0.9945242461940178,0.9513481638281103,0.9129559715130278,0.8842427008653382,0.8496902641517026,
0.9925927036397166,0.9646166547686175,0.9273650159213496,0.8737571237813799,0.8298818593817877,
0.9834335254797116,0.9259383821939948,0.6987698009959653,0.823322348342772,0.5175096809589729,
1.0028613014839596,1.000643375598786,0.995081497150766,1.0043397872973792,0.9903835913247111,
0.9307077874504434,0.9903666747546621,1.064276762912077,0.9361054530888518,1.0059622223303322,
0.9850824869049917,0.9213914721269094,0.8831740843453861,0.8106603796998039,0.753722945855102,
0.9927934224452682,0.9812006406624572,0.9839398543661992,0.9965816221890247,0.9739411023139459,
0.9831169138264948,0.9155847845109318,0.8800722667216754,0.8141215949634475,0.7385091686692611,
0.9839898339332127,0.9886779190438779,0.9716718857502895,0.9639251667537498,0.9628822447370062,
0.9975472058431663,0.9694672242072859,0.9302193506343538,0.9084243252599306,0.8852263376227655,
0.9783461904686719,0.9206729569940951,0.8532499740435701,0.7451091215334706,0.6582435044022358,
0.8672203360951585,1.2672280490351138,0.8275876919892803,1.3073982934685422,0.8973925009988739,
0.9861083673066885,0.9840196194828439,0.9543030845139209,0.977479513683847,0.9571640651179975,
0.9939655662911029,1.0062324982008068,0.9918155424453958,0.9865772283416219,0.9699165219862727,
1.015664803650964,1.0200623429925377,0.9911891944120441,1.0077065693160967,1.0131033200524642,
0.9873269161091263,0.9793628054452441,0.9433148766657027,0.9190286215961273,0.8597054360819203,
1.007169604917767,0.9846966096370644,0.95924511232092,0.94283802560971,0.9010953535914225,
0.9502100802664767,0.9740143984030964,0.9517145527843458,0.8789013275086519,0.7524077473670836,
0.990607143071643,0.9844990610815096,0.9691401148040035,0.9693310135226114,0.9500390096516651,
0.9952178910972794,0.9480925618996212,0.9454754865030883,0.8765630146438919,0.9311427595130846,
0.9743794146574096,0.8131620457326812,0.7100667046384732,0.6260664860455907,0.5524525557601396,
0.9783829106932231,0.9051375875030689,0.8444980678213945,0.7624617915356282,0.6988938246223302,
1.0107907294023957,0.9843182994454951,0.9644141333181679,0.9376147765405349,0.9149222152662007,
0.9522942647915702,1.050352740522134,1.0498033403821485,0.9634612716876266,0.9522127674583265,
0.7047152658456239,-0.47878632895432305,0.8466893219586427,-0.7418969355207432,13.285304079915274,
0.999830931387339,0.9889016843532881,0.9512746508374306,0.9481470902983897,0.9210183965343759,
0.9995674621817143,0.9689049455799756,0.9485315630087352,0.9330252788117332,0.9135098510786936,
1.00466070726631,1.0029776560444685,0.9810249344796564,1.0068296901389637,0.9995854187534493,
0.9981431607163229,0.9819341346314238,0.962973829433659,0.9602330155144947,0.9385088313294463,
0.9870710680361177,0.9187983319875452,0.874308059821618,0.8071593300576221,0.7493273286342147,
0.9914603629370166,0.9830764381269544,0.9648632976490625,0.9617475154304581,0.9426684827205163,
0.9856952452917958,0.9638062016878638,0.9252416054028725,0.8996296433830393,0.867393834583575,
1.004460450335766,0.9877217933407447,0.9561702487293384,0.9061937647432725,0.8378347619060056,
0.9985537698364086,0.9579854811721564,0.9416114506281469,0.9291187955019593,0.907568133188871,
0.9775121200839471,1.055666393187994,0.9998783234742858,0.986832081625419,0.8915717965762683,
1.0015520778084666,0.9559725764456264,0.9715887899354643,0.9533801313692248,0.9338198826974273,
0.9922829174431745,0.9851564818312435,0.9917492727744384,0.9832803679693441,0.944359396556026,
0.9975327728180209,0.9777911373831769,0.9781960696504391,0.9624740150658935,0.9418183900747894,
1.0054959340570542,0.9938566044219643,0.9498933301607526,0.9538493121479986,0.9410448728170504,
0.9858948185186508,0.9622373371060696,0.9112659119333197,0.8652076959179732,0.8095515440023502,
0.9950680642650265,0.9666629587504161,0.9445263044087083,0.9164898114876924,0.9045275548018141,
0.991253195030652,0.9524279979796485,0.9177027847321054,0.886737504339135,0.8567060029104958,
0.9917630936334572,0.9083605271716984,0.8409932466884839,0.7719858179888675,0.7128726749796392,
1.0006566484400272,1.0082720468800077,1.007980113895974,1.0060518244339565,1.0198085529619076,
0.9895933408393187,0.9850926397310622,0.9727773269627558,0.96894438071161,0.951567270149539,
0.9717747386620847,1.007505269375941,0.9877000629883395,0.9425265444387683,1.0662794086470688,
0.9974296854056053,0.9760796654446353,0.9525462671948584,0.9379939730065796,0.9110486351533931,
0.9857587157532666,0.9304555101811608,0.8718573091109163,0.8132136312659839,0.7577543525554324,
0.9951960527492308,0.9635391726915772,0.9532075465018377,0.92918856028155,0.8973863913930261,
1.0226848635866639,1.0841716049134735,0.920236560191837,0.6993738918824796,0.563422357789915,
0.998005866035621,1.0018815967825307,1.0023735405995653,1.0014838320861392,0.9958806965248015,
0.9959654020912414,0.9841210835443885,1.0101237031654338,1.005221448004955,0.9976234508597268,
0.9931918950661072,0.9797034829387755,0.9486054512399569,0.9387757521335318,0.9128451449252832,
0.9985451549608946,0.9990849253105465,1.0012093753307032,0.9884837581950591,0.982180655193285,
0.9978357282505455,0.978080504822555,0.9689122225082782,0.9509055673519929,0.9301363658744102,
0.9988844791201459,0.9874673720099243,0.9792578296330456,0.9688743796093158,0.9665345226711728,
0.9805892991272154,0.9317690191131793,0.8598348428085629,0.7658445511962964,0.6591203863712876,
0.9889648534386596,0.9661276999775615,0.9404611565565832,0.8787870642085547,0.8435711537606564,
0.9970919920934743,0.9949320053838097,0.9853605580021572,0.9780302876848708,0.9699992172054871,
0.995546226482952,0.983892283760921,0.9688041248678206,0.9575309292373664,0.9469226766783638,
0.9956371115716078,0.9999767408213283,1.0040997622156511,1.004681606433633,0.9856054365731448,
0.9899264204867126,0.9669913568098496,0.9692639154856773,0.9534140694048912,0.9405854878834428,
0.9816709739271787,0.9257081196732297,0.8763583522299572,0.8111231149466085,0.7643220872049499,
0.9938194350423546,0.9827332448175332,0.9774109747333036,0.9729971804394526,0.9657741781946383,
0.9954907627309033,0.9662030833750556,0.9407803319269701,0.9110670695063583,0.89348208836787,
0.9896265611246438,0.9720487428148614,0.9622197167797852,0.9220541034458334,0.8698147096732072,
1.006930343113244,0.9715189356458782,0.959744997211297,0.9424987453338544,0.9190067892521048,
0.9705701068530305,0.9851253696374734,0.9512122209886524,0.9988539200082132,0.9855820928058054,
0.9499845279193515,0.8979387096640197,0.850228838318793,0.7040005760165664,0.6578847331521132,
1.0002544081628604,1.0011777390425132,0.9835243451874128,0.9831352564796829,0.9728140403369008,
0.991886186925677,0.9629305087548317,0.946076389669549,0.9279930152442454,0.9127358109146939,
0.9881744960960951,0.9465569644403067,0.9071495567744849,0.8732384320767854,0.8348220196141907,
0.9999390038733822,0.9747216061662706,0.9988037435813848,0.9924573748517295,0.9798163078667512,
0.9953987374961555,0.945012394835827,0.9122879249012155,0.8145001581927344,0.730660501428058,
0.9989432580135502,0.9669700623257408,0.9638964157051123,0.9248497273710741,0.9107672421878898,
0.9829780718738934,0.9494472847616824,0.8997986703925226,0.8732193007487377,0.8204801311991121,
1.004919535941577,0.982474198942004,0.9557758671386557,0.9537565501701393,0.9334712601896606,
0.9968556571058074,0.9774477604723057,0.9624280582485801,0.9441870031373625,0.9283081618667663,
0.9858307008836379,0.956296314496796,0.912089508837183,0.8785301162527381,0.8355847617346073,
0.9878521230686063,0.9396763017548789,0.87285195945278,0.8389464110915142,0.7473817463377985,
0.9683144137986743,0.8618677636984114,0.7808878094033298,0.7039152263525182,0.6391025213547339,
0.9705219397123401,0.8729404642656401,0.793716470246183,0.7119054510402014,0.6365265703282437,
0.9785381158361179,0.8719425078051856,0.7791058007656217,0.6554061674240792,0.5400544356286061,
0.9960804867185948,0.969657962793385,0.9829665277333821,0.9804681114597941,0.9514424644918191,
0.9958871276923162,1.0020209893377543,0.993436379348307,0.9935758816263843,0.9874593929974403,
1.0013253468597223,0.9951913896828319,0.9806497847773913,0.9736096798871695,0.9591717759857674,
0.9983345174641585,0.9798335729198429,0.9654239824903355,0.9087626679135868,0.9323760898118643,
0.9982789131633247,0.9812651548808219,0.9685980062880217,0.9505369873192644,0.9374878020130344,
0.9900372866002966,0.9724542018905175,0.9730275521210012,0.9192351198951035,0.9072505193774666,
0.9943964413880186,0.9681284970261399,0.9422683311433958,0.9266356625502032,0.8933000535006421,
0.9843899728725878,0.9483361576683935,0.9090207456391589,0.8552458042395724,0.808022967541411,
0.9876584444239598,0.9689915341243938,0.9597057725324387,0.9304625994864861,0.8938132180245284,
0.9817435419440577,0.9787933281974308,1.0054000495480662,0.960905293065899,0.9864623951857439,
0.9999954524101375,0.9842164101525555,0.9753966421452613,0.9501559365586507,0.939220052100228,
0.9915342684666455,0.9603604554415963,0.9428609578026538,0.9123752154895387,0.8845358162625163,
0.9950000474947227,0.9705629477413201,0.936003705600284,0.9094084227604197,0.8879100672303586,
0.9978294467462772,0.9560901886508197,0.9225243766484059,0.8828196846579316,0.8455269262041616,
0.9900337537005083,0.9820339749358922,0.9782366675097349,0.984120712419756,1.0222499301486094,
1.0035926374239077,0.9973248660551683,0.9943102252979334,0.9892136811506835,0.975715680299426,
0.99969201847256,0.986104813056383,0.9949920188770198,0.9764994680092676,0.9714773227126613,
0.994770520082826,0.9851290975444371,0.9690499792264413,0.9586671406161336,0.9450529052252015,
0.9983731775230831,0.9679079515392985,0.9338465561670914,0.9013220665269677,0.8679590530686663,
0.99823576693709,0.9487208941852363,0.927631668364921,0.8929446702042243,0.872197387395772,
0.9867022924132183,0.9832955309678483,0.9764992483468469,0.9854644335656484,0.9652019392013673,
1.0183120625570483,0.9468563880127845,0.8614223748672958,1.057131700658716,1.063338166948486,
1.0047490576772624,0.978783225322601,0.9384031983773684,0.9699377304372099,0.9258618039999709,
0.9838409865044899,0.9785618692783318,0.9795772090322465,0.9996698793472454,0.9809458057844995,
0.9883144673157976,0.9656204912946684,0.9434995136806569,0.9048229837362591,0.8805423044420658,
0.993878547284307,0.9743816671174304,0.9491089958329249,0.9142291134728076,0.8761884968464196,
0.9651140264349536,1.0274521240403307,0.9686795091393696,1.023410270925294,0.9743708225294394,
0.9951239735076948,0.9703077261996381,0.9421911810473521,0.9287931217981044,0.8537762065368888,
-2.928257331147565,-2.363110321990024,-0.8466102976854866,-0.16797933269704626,0.009821613255069677,
0.9870509851471895,0.9543605368903283,0.8832941487374273,0.7740608348173097,0.6933531875872512,
0.9917941529662597,0.9754598293617165,0.9518199141422355,0.9333771751960845,0.9140367054140712,
0.9886876834136477,0.9769822517852508,0.9668147102359779,0.9374121647981773,0.9310371160696144,
0.9977468846167268,0.9584146484189858,0.9373822030967751,0.9129143506153419,0.849423803141057,
0.9854873804213711,0.9715744348434974,0.9487028467179166,0.9391055598127733,0.9176645024798697,
0.9956644968240239,0.9662704417696024,0.9141817174645741,0.9079331650544036,0.8692366855895046,
0.9936288047979387,0.9863739340285916,0.9840816042279539,0.9791673937149676,0.9764469045151536,
1.0042826721475682,0.9967887638313035,1.0064507963374907,0.9874048472000576,0.9999259761579531,
0.9903114789731353,0.9588308282069097,0.9162025497242822,0.8808727965105563,0.8641882358975532,
0.993156193615081,0.9700862709995106,0.9407537573449745,0.9214737029368655,0.8858017265746383,
0.9983964076921801,0.9669086428595832,0.9432582842518078,0.9183994583278506,0.8722737945307427,
0.99446963940291,0.9631794927215668,0.9300730116773455,0.8996075879942018,0.8569596292611477,
0.9913996833428241,0.9709556705249547,0.9475475346252705,0.9312407483884513,0.9112762549205762,
0.9868785120013052,0.9528340099142176,0.9042540092980464,0.8779608375239545,0.8378724411523526,
0.9974842038306441,0.9633804510735259,0.9458696977086367,0.9140118430314768,0.8858883697727508,
0.9964419042983964,0.9838409873506557,0.9633500522670976,0.9436782887507373,0.9265213780498379,
0.9980659883638183,1.0019200990943993,0.9841322625108069,0.970303834838837,0.9774761737570226,
0.9995892294512996,0.9911472280980741,0.9923916975938921,0.9818018342232525,0.9654208280751384,
0.9961234551774858,0.9912958952733173,0.9585086455548752,0.9176870513223339,0.8522045443153563,
0.9727235837735807,0.8709294899291773,0.7990730378997317,0.7015650183773214,0.6326615127644433,
1.0165452921377027,0.965892521883359,0.9767485480610625,0.9723643306533143,1.0133857118519352,
0.9975923467864702,1.0081730974154142,1.0032047064556457,1.0093210262516912,0.9993550954516426,
0.998607342544888,1.0001496889101158,1.0060247124670436,0.9821231473662754,0.9155001239702332,
0.9919756651072458,0.9734112727239385,0.939808894213671,0.9483646755990183,0.9255638906111526,
0.9956253946872857,0.9870108166488782,0.9749951762943924,0.9587465891558218,0.9431188736958764,
1.014995978288741,0.9528353647381194,1.0096392568590153,0.9660795431961084,0.9607111937654569,
0.9984407458740086,0.9987924651617103,0.9982078525746452,0.9917988961386003,0.9761439819724964,
1.0109705701967475,0.972807753177491,0.9945296831016757,0.9737320399668505,0.9787886278871356,
0.9884930234365474,0.9461907138114092,0.9034891933255083,0.8689324010401771,0.8405015791094648,
1.0028033672030292,0.9463056294255064,0.9484607831157765,0.8948501344886761,0.8215867889047914,
0.9958070905959902,0.9802115462059218,0.969840590593904,0.9597853627426698,0.9462933082973382,
0.9749316338810607,0.8870886450369975,0.8030860818548246,0.733920950220077,0.6735599453763335,
0.9937094268600577,0.9785077479353607,0.9639834870574342,0.9599834609239563,0.9322875162636555,
0.9894605990036095,0.9974773005450168,0.9946010006872331,0.9867864876763175,0.9872282585918035,
1.014619714089849,0.9952064357945867,0.9056737301603317,0.9838127570980932,0.9754040863151189,
1.123366810683057,1.0180128208613857,1.054597573446714,1.1406790902347015,0.925781107978396,
0.9943091178718281,0.9733136617170823,0.9543728829118794,0.9422293477491979,0.9325805421674596,
0.971031854283328,0.916072068627446,0.8869193936583919,0.827469143439312,0.8339530176682615,
0.9992044822337836,1.002219688365034,1.0267802121615668,1.020056474979958,1.0123399561153401,
0.9876181641619172,0.9647534866393128,0.9119893750252078,0.8712995406421364,0.8128142564764823,
0.9949858730676306,0.9686169241419542,0.9111827874709648,0.8799608652184289,0.8418750914853501,
1.0035558154239514,0.9803247642847499,0.9703952506915097,0.9559190329732803,0.9510596780386773,
0.9984348739315085,0.9789517954605478,0.9655284720776258,0.9545419725737646,0.9513424137168435,
0.9931514982433446,0.9778523047047831,0.9460794531608506,0.9263109244965371,0.9149925210088994,
0.9971865061251215,0.9807771337200957,0.972620702362772,0.9471334209347135,0.944439578252869,
1.0008378793212032,0.9650224235004642,0.9552400373447787,0.9363922009147478,0.9121690505924209,
0.9924828972135106,0.9835257493576706,0.9644355437929479,0.9460645507479757,0.9113173228073153,
0.9851280627369805,0.9846960944190446,0.9904437136892879,0.9897366421415501,0.9680303209199643,
0.99532860140424,0.9879401163822172,0.9751265275831378,0.9819613285461343,0.9505324832496711,
0.9870796446894412,0.9704837537315909,0.9468971549657107,0.9188440697419538,0.891727449581096,
0.991737285190889,0.9770554531172144,0.9753729510969573,0.9382853417572292,0.9159443687042519,
0.9856327608326592,0.9562505929259111,0.9234191773429914,0.8926303172026522,0.8586611046630674,
0.9654271928259233,0.8471419694878899,0.7474961424752156,0.6630193081590212,0.5893162587202001,
0.9907192283149902,0.9621983809552246,0.9112162735335478,0.890629157143507,0.838886980098811,
0.957367776276488,0.8006313748891793,0.6707668690982814,0.564081998372739,0.4741415068884397,
0.9968923838666643,0.9671650801354181,0.9487164790229636,0.926805257290388,0.915545293788975,
0.9855878577222693,0.9448601309018084,0.9142928377754491,0.8822648395759619,0.850958307214517,
0.9973172251047167,0.9720535011311631,0.9798273264265511,0.9445017528319941,0.9340844305042806,
1.0055940861323243,0.9912991756317573,0.9986493785683936,0.9994167693180802,0.9968699834784797,
1.004288268173156,1.019732486597958,0.9999554696174602,1.0209328461450782,0.9938602032149848,
0.9965874901910872,0.9741901573039802,0.9577428155460319,0.9325501854599554,0.917263713230956,
0.9863352299294363,0.9653011676537144,0.9376747160999279,0.9332373417690943,0.9143003749598024,
0.9968180076645581,0.9747444719851397,0.962189461874503,0.9397738241348499,0.9351718642795128,
0.9862059687846131,0.9447048832143676,0.8957193995438424,0.8271512696275087,0.7401016692463291,
1.000455219025218,0.9945377061333773,0.9461172309235567,0.9395150038103695,0.921072742118477,
0.9726840992493622,0.8602347217322281,0.7732200734858692,0.6987502524435527,0.6373384533856559,
0.9981782273298908,0.9892683818144223,0.9790062767170711,0.9652718881288296,0.9481496666509863,
1.0006949813235246,0.9896706628128362,0.9860538808161156,0.9614384963726242,0.9606527991531684,
0.9952852259599743,0.9610981141579372,0.9113905076353264,0.846575140782248,0.7913457124271981,
0.9701852346143234,0.8726431792734088,0.7749234210372138,0.692984554275635,0.6212502886721653,
0.9917692381116782,0.9553352183247019,0.9290359986096147,0.8956964580520472,0.871538771451243,
0.990441812743748,0.9860980991288323,0.9351500689717089,0.9156827670980705,0.8847642802061748,
0.9955752374551321,1.0146801404163626,0.9829118921678985,0.9678504082248882,0.9643532987893013,
1.0139813347663553,0.9966212144866489,0.9546568685801419,0.9609948667613339,0.9394156450760789,
0.9907034632933763,0.9474163241929392,0.8957023868029287,0.8431042067921399,0.7599971778502719,
0.9963774295081724,0.9310490513848866,0.8675053619132557,0.816816361976432,0.7604337275209825,
0.9940499346035123,1.0049395456359045,0.9906409163940023,0.9857665316076607,0.985428597346311,
0.9873112401178115,0.9649979272508736,0.9416101367259998,0.8763417575633727,0.8522686394554337,
0.9911973091835844,0.9794808695399576,0.9582120766289135,0.9332171969885732,0.894584009345523,
1.0116758016714857,0.99778495665708,0.9987441956949983,1.0079312279453756,1.0047001149671204,
0.9788811732752211,0.9194452198328188,0.8635842359196704,0.8334679775739198,0.7714000116472688,
0.9821323528476673,0.9342036750808023,0.9035743884490584,0.8463580777298301,0.8003776615034206,
0.9691123199793612,1.0079865082672357,0.9967928868052627,0.9476088255328406,0.958125707650065,
0.997297814950802,1.0065171505552915,1.014093112013136,1.0077150827565204,1.004631801041986,
0.9883080127975643,0.9956520818719823,1.0012421402788467,0.9777142574295092,0.9651697532615187,
0.9959096325030505,0.9944944997741557,0.9922924103628241,0.9853367699873986,0.9883846488137944,
0.9876601999124989,1.003245357566734,0.9751044584190867,0.9634889413585579,0.9560797891722292,
1.0028876667807847,0.9893265883038053,0.9717336796184046,0.9672023940633312,0.9784843837350421,
0.998333119925369,0.9978144729024357,0.9564997447801146,0.9774965400115097,0.914304218185975,
0.9964124247158923,1.0028478821720408,0.9989827350623737,0.984578872857775,0.9852677986758449,
0.9939114610301469,0.9617995662107519,0.9153409858241379,0.8905006769837429,0.8575668369139073,
0.992679853032328,0.9774431462324362,0.9548126500274918,0.9349260216823831,0.9229613379090482,
0.9893636545547968,0.9443162545539097,0.9088880419310444,0.8777498159339227,0.8590261921999605,
0.9973431811041035,0.9878252206567428,0.9662172172735428,0.9600903549111228,0.9506339058566585,
0.9914084690315368,0.9651129680132957,0.9426692237905698,0.9210616352530153,0.89567489709556,
0.9984903620831145,0.9869527277351613,0.9963483373124566,0.9706626658482709,0.9497441127969368,
1.0031253692883628,1.0036000028344478,1.0167937935645934,1.0119218512814663,0.9983937927413848,
1.0057919243783617,0.9834070157354016,0.9686911906326754,0.9409820330200214,0.9265892807151288,
0.9966517089251872,0.9803298667633982,0.9688155571945508,0.9453695142393701,0.9334125604910608,
0.993676819320202,0.9639761681012089,0.9418346672808653,0.885022502266538,0.8016813627035059,
0.9881643123460271,0.9416321174049591,0.8930821484209568,0.8375771294604903,0.7888142151009232,
0.9986461635100405,0.9946742698393365,0.9814920480352052,0.9757525268485832,0.9617517266607796,
0.9964734167030603,0.974072078057441,0.9585820077418671,0.9255195980438773,0.8902292922546753,
1.0053080891290995,0.9861436370255965,0.958020028933672,0.9608752319694083,0.9585430195489204,
0.9994906591425619,0.9890735814266661,0.9882967607159718,0.9729436695911147,0.9680212440197854,
1.0037459125909138,0.9907818759373714,0.988728800748012,0.9826529101981308,0.9688891704623175,
1.0039761517704693,0.9611247235730087,0.9506301416433547,0.8733876022002103,0.8679606944819939,
0.9958383538210347,0.9705382241561227,0.9559619063549044,0.9501259425778863,0.930421423921383,
0.9765001652030787,0.9239253821986264,0.8869310238565469,0.8284343185448304,0.7887142810820558,
0.9845093902578516,0.9460828454779523,0.904935513660429,0.875577968943366,0.838140530136287,
0.9920146146248705,0.9968101790213442,0.9782531242596129,0.985955356249685,0.9674433487060039,
0.997368869716946,0.9818916868509162,0.9725690504111144,0.9514886449537342,0.9289663783909232,
0.9854646153720408,0.9811576761847267,0.945825681227209,0.886318600925269,0.870356067856747,
1.0083156755396807,0.9939787149448309,0.9973810519816144,0.9698091115162234,0.9953703005609396,
0.9993270223680486,0.9990957707816437,1.0168574042021472,1.0302435711983593,1.0250194247535815,
1.017124737917717,0.9808877617555236,0.9878345459562545,0.9745188091392724,0.9845527098768064,
0.9985655668838624,0.9875603495533648,0.9815807166349029,0.9797735442915516,0.9705759533700191,
0.9950720307725074,0.9422660017602964,0.874149512061626,0.8169868947501597,0.7540943290788936,
0.9856410380578466,0.9974413234994293,0.9751562589414884,0.9508265863987593,0.9627474767535165,
0.9874967235708176,0.9711752653849461,0.9411739522566154,0.913467863356817,0.9140491152913314,
0.9705172484949377,0.8303020271940723,0.6827245862483146,0.549165972739138,0.42260650741425465,
1.0186988041710163,1.0017511004854565,0.9923819404053119,1.0145223140195196,1.0412671721897002,
0.9942381167258854,0.9921937822060938,0.9830704355255776,0.9739206844735642,0.9623914648708174,
0.9930165023775093,0.9760151667332377,0.9496529873230335,0.9324185179743981,0.9148224140654533,
0.9960329802104717,0.9822751205971294,0.9603282380704451,0.9450876753248556,0.9363361910081309,
0.9892460384843349,0.9589826141070281,0.9620306038029882,0.9571195080510784,0.92948370792493,
0.9940273583834314,0.9831578086518578,0.9618187255743651,0.9524052932173495,0.9272801252632041,
0.9847959326549818,0.9708706781080301,0.9546222372649791,0.9609090934274387,0.9073386961347137,
0.9957346111114731,0.9926084587919208,0.9876383712590966,0.9791493154962838,0.9711315362779549,
0.9933813477537032,0.9559933731538515,0.9247376278129726,0.8996254049924255,0.862076637460008,
0.9969693692011711,0.9670951497604237,0.9370818995617564,0.9075221559574411,0.8408190532505062,
0.9879061563611137,0.9611487881540688,0.9403363179579356,0.9086948210048358,0.8734514032884997,
1.0432912991134653,0.9800012836399413,0.9642290028019457,0.9475328979324883,0.8918131233589324,
0.9960360499938772,0.9693527304935383,0.9338444049967802,0.9036277175715128,0.8638544938021243,
0.9831708349139315,0.9330053371260517,0.8702529341574847,0.8126106023139164,0.7471844375890638,
0.9975959482685455,0.9843478189003634,0.9724305900868191,0.9524847425748706,0.9301147401425456,
1.0075069837259591,1.0099017686223737,0.9768295188198117,0.9947853492380375,0.9778904553538197,
0.9167577901446371,1.0744405504162202,1.1156941010422143,0.9498976308818168,0.9497718607468383,
0.9785546993666405,0.9739593257289151,1.0342996715826351,1.0069173485490421,0.9823220583301566,
1.0000133463304033,0.9850330034552026,0.9512918263350155,1.0018338404995821,0.942533605089636,
0.9889537952352077,0.9729245774144343,0.9315339615168133,0.9152237889669698,0.896213041678865,
1.0242873738371892,0.9497453325815275,0.9307837903508431,0.9724239464450362,1.0141260064140358,
0.9926599410899268,0.9685772159086312,0.9639017500012761,0.9583570086509898,0.9424160034993386,
0.9851133176773637,0.9283580812798804,0.8833038199712943,0.8178094682507275,0.7539906639777967,
1.0035880165325273,0.9740195493246666,0.946342656464582,0.9394145423674876,0.9081861581556226,
