0.01109,0.02376,0.03322,0.04083,0.0517,0.05352,0.0563,0.05888,0.06061,0.06082,0.05997,0.05964,0.05053,0.04124,0.03135,0.01434,
0.01403,0.02491,0.0296,0.03368,0.06239,0.07397,0.08441,0.08854,0.08911,0.08583,0.07754,0.06827,0.04331,0.03747,0.03242,0.01871,
0.0196,0.02611,0.02891,0.03183,0.04346,0.04705,0.05112,0.05395,0.05519,0.05406,0.05087,0.04784,0.03673,0.03352,0.03122,0.02419,
0.01814,0.01882,0.01798,0.01736,0.01682,0.01685,0.01741,0.01724,0.01746,0.01785,0.01672,0.01733,0.0184,0.01997,0.02033,0.02035,
0.02362,0.03056,0.03239,0.03444,0.04126,0.04258,0.0451,0.04661,0.04687,0.04572,0.04511,0.04539,0.04053,0.03582,0.03279,0.02578,
0.01,0.02798,0.03797,0.04579,0.05761,0.06031,0.06372,0.06512,0.06543,0.06476,0.06318,0.0611,0.05487,0.04776,0.03665,0.01475,
0.02076,0.02856,0.03251,0.03779,0.05047,0.05485,0.06026,0.06342,0.06438,0.06191,0.05733,0.05342,0.04113,0.03621,0.03171,0.02356,
0.02052,0.02823,0.03122,0.03476,0.0436,0.0463,0.04929,0.05121,0.05145,0.04996,0.04691,0.04454,0.0363,0.03312,0.02967,0.02299,
0.0108,0.01745,0.02549,0.03703,0.05781,0.06186,0.06583,0.06763,0.06844,0.06757,0.06495,0.06203,0.04297,0.03143,0.02135,0.01253,
0.02014,0.02553,0.02744,0.02823,0.03084,0.03182,0.03277,0.03403,0.03417,0.03464,0.03429,0.03417,0.03157,0.03004,0.02803,0.02269,
0.01637,0.0278,0.03356,0.04012,0.05209,0.05461,0.05723,0.05844,0.05821,0.05737,0.05539,0.05345,0.04319,0.0374,0.03165,0.01913,
0.01649,0.02682,0.03243,0.03894,0.05257,0.05646,0.06097,0.06373,0.06453,0.06292,0.05934,0.05601,0.04283,0.03674,0.03084,0.01971,
0.01404,0.01634,0.02014,0.02612,0.03964,0.04396,0.04902,0.0517,0.05287,0.05133,0.04821,0.04462,0.03056,0.02355,0.01928,0.01547,
0.01024,0.02443,0.03317,0.03927,0.04838,0.05079,0.05462,0.05706,0.05775,0.05672,0.0544,0.05262,0.04721,0.04111,0.03271,0.01401,
0.00556,0.01453,0.02478,0.0376,0.05423,0.0575,0.06225,0.06507,0.06818,0.06888,0.06754,0.06529,0.04778,0.03326,0.02013,0.00676,
0.00109,0.00412,0.01179,0.02707,0.07531,0.07417,0.06821,0.06546,0.06839,0.07533,0.08656,0.09216,0.04329,0.0161,0.00564,0.00343,
0.00163,0.00807,0.01878,0.04287,0.07447,0.07298,0.07056,0.06968,0.07193,0.07541,0.08258,0.08853,0.05981,0.02711,0.01216,8e-05,
0.01432,0.01888,0.02134,0.0233,0.03867,0.04389,0.04965,0.05204,0.05249,0.05012,0.04581,0.04104,0.02648,0.02401,0.02254,0.0171,
0.02768,0.03522,0.03769,0.03979,0.04277,0.04321,0.04456,0.04556,0.04554,0.04478,0.04386,0.04292,0.04001,0.0383,0.03613,0.02986,
0.02213,0.0232,0.02349,0.02466,0.02851,0.02959,0.03132,0.03251,0.03273,0.0321,0.03087,0.03018,0.02843,0.02758,0.0272,0.02531,
0.0146,0.02753,0.03392,0.03887,0.05344,0.05831,0.06397,0.06763,0.0684,0.06587,0.06104,0.05681,0.04382,0.03979,0.03512,0.01996,
0.01479,0.02235,0.02762,0.03395,0.06116,0.06769,0.07386,0.07686,0.07735,0.0749,0.06969,0.06415,0.03938,0.03179,0.02603,0.01802,
0.02437,0.02221,0.01991,0.01729,0.0148,0.01509,0.01543,0.01579,0.01638,0.01559,0.01514,0.01553,0.01762,0.02034,0.02264,0.02556,
0.01036,0.02292,0.02931,0.03366,0.04059,0.04267,0.04538,0.04719,0.0479,0.04682,0.04457,0.04287,0.03726,0.03341,0.0265,0.01303,
0.01644,0.0273,0.03184,0.03869,0.05805,0.06305,0.06791,0.07087,0.07168,0.07029,0.06599,0.06188,0.04422,0.03762,0.03253,0.02134,
0.0128,0.02569,0.03276,0.03907,0.05035,0.05304,0.05652,0.05842,0.05955,0.05871,0.05633,0.05463,0.04476,0.03834,0.03098,0.01645,
0.0316,0.0393,0.04153,0.04246,0.04393,0.04496,0.0467,0.04673,0.04743,0.04649,0.04573,0.04442,0.04396,0.04348,0.04191,0.0351,
0.00874,0.02482,0.03575,0.04387,0.053,0.0556,0.0585,0.06001,0.0598,0.05874,0.05704,0.05564,0.0496,0.0422,0.03005,0.01195,
0.02068,0.02749,0.03239,0.03993,0.05917,0.0638,0.06813,0.0705,0.07105,0.06978,0.06645,0.0622,0.04387,0.03656,0.03125,0.02484,
0.02508,0.03908,0.04518,0.05077,0.06052,0.06286,0.06586,0.06744,0.06818,0.06701,0.06476,0.06293,0.0552,0.0499,0.04463,0.02973,
0.01448,0.0193,0.02306,0.03026,0.05467,0.06085,0.06672,0.06975,0.07051,0.0683,0.06329,0.05804,0.0368,0.02888,0.02386,0.01773,
0.01867,0.01998,0.0217,0.0291,0.04759,0.05216,0.05716,0.05978,0.06055,0.05908,0.05531,0.05117,0.03252,0.02441,0.0211,0.01943,
0.03154,0.04729,0.05208,0.05469,0.05662,0.05751,0.05861,0.06005,0.05994,0.05938,0.05845,0.05837,0.05838,0.05692,0.05267,0.03853,
0.02579,0.02747,0.02575,0.02405,0.02415,0.02496,0.02597,0.02694,0.02681,0.02603,0.02564,0.02475,0.02423,0.02517,0.02674,0.02574,
0.00646,0.01984,0.03361,0.04907,0.06304,0.06254,0.06292,0.0629,0.06363,0.06623,0.06983,0.07225,0.06027,0.04251,0.02643,0.0065,
0.01131,0.026,0.03536,0.04235,0.0511,0.05381,0.05736,0.05982,0.06048,0.05929,0.05676,0.05492,0.05021,0.04301,0.03336,0.0165,
0.02178,0.02972,0.03356,0.03783,0.04868,0.05264,0.05669,0.05927,0.06043,0.05883,0.05523,0.05218,0.04226,0.03846,0.03411,0.02571,
0.0038,0.01438,0.02542,0.03832,0.05076,0.05495,0.06083,0.06422,0.06496,0.06281,0.05856,0.05599,0.04842,0.03457,0.02087,0.00622,
0.00871,0.02261,0.03113,0.03799,0.05494,0.06143,0.06877,0.07269,0.07344,0.07058,0.06521,0.06048,0.0472,0.04048,0.03043,0.01216,
0.02033,0.01773,0.01827,0.02112,0.04688,0.05537,0.06321,0.06744,0.06817,0.06535,0.05855,0.05043,0.02408,0.01958,0.01907,0.01986,
0.0169,0.02205,0.02558,0.03156,0.05996,0.06802,0.0756,0.0797,0.08142,0.07891,0.07287,0.0658,0.03815,0.03098,0.02773,0.02044,
0.01306,0.02782,0.03408,0.03753,0.03778,0.03819,0.03906,0.03981,0.04029,0.03992,0.03929,0.03936,0.04152,0.03864,0.03249,0.01671,
0.00489,0.00416,0.0085,0.02422,0.07207,0.07517,0.07648,0.07942,0.08479,0.08809,0.094,0.09596,0.04245,0.01655,0.00726,0.0006,
0.02039,0.02533,0.02735,0.03134,0.04673,0.05137,0.05633,0.05906,0.06023,0.05918,0.05578,0.05236,0.03727,0.03208,0.02819,0.02371,
0.01842,0.026,0.02963,0.03421,0.04518,0.04856,0.05238,0.05459,0.05541,0.05375,0.05053,0.04767,0.03708,0.03244,0.02876,0.02078,
0.02072,0.03181,0.0395,0.04597,0.06042,0.06512,0.07018,0.07347,0.07441,0.07209,0.06773,0.0635,0.05048,0.04469,0.0376,0.02425,
0.02561,0.03237,0.03388,0.03561,0.04053,0.04213,0.04398,0.04515,0.04533,0.04448,0.04324,0.04233,0.03963,0.03865,0.03691,0.03058,
0.01803,0.02749,0.03239,0.03881,0.06025,0.0665,0.07338,0.07745,0.07887,0.07638,0.07088,0.06568,0.0454,0.03839,0.03238,0.02198,
0.02206,0.02918,0.03195,0.03439,0.03946,0.04143,0.04282,0.04403,0.04448,0.04375,0.04236,0.04141,0.03806,0.03617,0.03358,0.02602,
0.01956,0.03009,0.03467,0.04305,0.06597,0.07186,0.0772,0.07979,0.07975,0.07826,0.07496,0.07038,0.04927,0.04088,0.03512,0.02241,
0.03231,0.04226,0.04543,0.04867,0.05343,0.05441,0.0559,0.05763,0.05745,0.05644,0.05539,0.0537,0.0501,0.04814,0.04491,0.03676,
0.01632,0.02556,0.03099,0.03797,0.05327,0.05739,0.06148,0.06457,0.06493,0.06317,0.05927,0.05578,0.04117,0.03366,0.02751,0.01874,
0.01738,0.02826,0.02978,0.03233,0.06152,0.07197,0.08026,0.08303,0.08446,0.08336,0.07816,0.06925,0.04085,0.0372,0.03424,0.02327,
0.00693,0.02306,0.02972,0.0352,0.0466,0.05143,0.05734,0.06023,0.06109,0.0588,0.05448,0.05068,0.04192,0.03738,0.02959,0.01151,
0.00209,0.01558,0.03024,0.04997,0.07126,0.07198,0.07374,0.0765,0.07902,0.07948,0.08109,0.08285,0.06634,0.0434,0.02378,0.00858,
0.0334,0.03898,0.03953,0.0392,0.0392,0.03985,0.04093,0.04169,0.04137,0.04114,0.04044,0.03955,0.03924,0.03898,0.03893,0.03415,
0.02638,0.02663,0.02517,0.02403,0.02255,0.02286,0.02364,0.02387,0.0238,0.02355,0.02327,0.02313,0.02379,0.02532,0.027,0.02817,
0.02497,0.02539,0.02428,0.02373,0.02584,0.02694,0.02768,0.02812,0.0284,0.02784,0.02675,0.02685,0.02453,0.02471,0.02654,0.02778,
0.02046,0.02651,0.02937,0.03291,0.04444,0.04727,0.05035,0.05157,0.05336,0.05491,0.05699,0.057,0.04433,0.03675,0.03148,0.02334,
0.02591,0.04202,0.04848,0.05158,0.05922,0.0622,0.06614,0.06715,0.06742,0.06601,0.06371,0.06108,0.05486,0.05173,0.04546,0.02864,
0.02045,0.02891,0.03303,0.03676,0.04252,0.04448,0.04618,0.04737,0.04819,0.04743,0.04548,0.04403,0.03855,0.0356,0.03181,0.02261,
0.02566,0.03712,0.04143,0.04724,0.06416,0.06939,0.07481,0.07811,0.07859,0.07674,0.07144,0.06719,0.05264,0.0468,0.04256,0.02948,
0.01811,0.03483,0.04018,0.04581,0.06913,0.07589,0.08172,0.0842,0.08471,0.08311,0.07899,0.0736,0.05203,0.04703,0.04073,0.02245,
0.01488,0.01537,0.01693,0.02238,0.05336,0.0615,0.06914,0.07293,0.07364,0.07153,0.06686,0.06057,0.02984,0.02194,0.01955,0.0187,
0.01247,0.02439,0.03046,0.03364,0.04408,0.05118,0.06019,0.06518,0.066,0.06211,0.05504,0.04947,0.04256,0.03911,0.03162,0.01579,
0.01399,0.02595,0.03575,0.04652,0.05703,0.05833,0.06006,0.06129,0.06185,0.06153,0.06124,0.06153,0.05514,0.04432,0.03232,0.01747,
-0.00052,0.0071,0.01557,0.03363,0.05136,0.05305,0.05536,0.05709,0.05743,0.05702,0.05637,0.05686,0.04425,0.02332,0.01113,0.00237,
0.02034,0.0279,0.03375,0.04092,0.05207,0.05381,0.05561,0.05657,0.05704,0.05604,0.05466,0.05298,0.04398,0.03729,0.03155,0.02408,
0.03071,0.04384,0.04887,0.05363,0.06341,0.06598,0.06882,0.07089,0.07143,0.07017,0.06754,0.06529,0.0574,0.05316,0.0485,0.03526,
0.01748,0.02693,0.03158,0.0373,0.06707,0.07797,0.08754,0.09264,0.09351,0.09013,0.0827,0.07504,0.04929,0.04342,0.03536,0.02312,
0.0167,0.03192,0.04275,0.05182,0.07892,0.09111,0.10561,0.11363,0.11566,0.10994,0.09851,0.08748,0.06277,0.05384,0.04284,0.02215,
0.02098,0.02508,0.02985,0.03507,0.0475,0.05093,0.05485,0.05721,0.05868,0.05713,0.05464,0.05164,0.0401,0.03451,0.02934,0.02276,
0.02118,0.02592,0.02754,0.02886,0.0319,0.03314,0.03514,0.03628,0.03655,0.03595,0.03471,0.03354,0.0306,0.02989,0.02874,0.02414,
0.01726,0.02816,0.03402,0.04022,0.05053,0.05342,0.05726,0.06,0.06173,0.06052,0.06027,0.05989,0.05188,0.04416,0.03643,0.02269,
0.01946,0.03079,0.03555,0.04405,0.06714,0.07381,0.08089,0.08515,0.08693,0.08412,0.07824,0.0726,0.04949,0.04102,0.03475,0.02395,
0.0081,0.0236,0.03559,0.04527,0.05402,0.05531,0.05753,0.05895,0.05996,0.05992,0.06006,0.06067,0.05441,0.04342,0.03028,0.00982,
0.01471,0.03166,0.04185,0.05406,0.07134,0.07417,0.07762,0.08131,0.08738,0.08991,0.09152,0.09094,0.07334,0.05745,0.04244,0.01964,
0.01022,0.01902,0.02655,0.03579,0.05197,0.05757,0.064,0.06753,0.06859,0.06727,0.06337,0.05927,0.04375,0.03305,0.02374,0.01336,
0.00504,0.01708,0.02484,0.03007,0.04392,0.048,0.05272,0.05556,0.05617,0.0546,0.05139,0.04884,0.03679,0.02957,0.02233,0.00841,
0.00075,0.01374,0.02727,0.05214,0.07601,0.07705,0.07894,0.08127,0.08336,0.08433,0.0873,0.08983,0.07089,0.04049,0.02079,0.00178,
0.02228,0.02156,0.02164,0.02184,0.02224,0.02278,0.02339,0.02389,0.02407,0.02369,0.02303,0.02284,0.02284,0.02279,0.02289,0.02389,
0.01997,0.02909,0.03502,0.04183,0.05774,0.06292,0.06892,0.07241,0.07411,0.07249,0.0683,0.06416,0.04792,0.04026,0.034,0.02413,
0.01298,0.02853,0.03649,0.04318,0.06202,0.06796,0.07435,0.07796,0.07894,0.07665,0.07186,0.06714,0.04987,0.04275,0.03405,0.01598,
0.0047,0.01681,0.02797,0.04155,0.06547,0.07159,0.07893,0.08397,0.0859,0.08295,0.07787,0.07355,0.05116,0.036,0.02382,0.00788,
0.01712,0.02022,0.0269,0.03547,0.0506,0.05247,0.05414,0.05503,0.0551,0.05465,0.0536,0.0521,0.03838,0.02936,0.02242,0.01797,
0.02027,0.03106,0.03801,0.04546,0.05846,0.06136,0.06404,0.06548,0.06628,0.065,0.06277,0.06045,0.04884,0.04196,0.03531,0.02318,
0.01927,0.02482,0.02947,0.03616,0.05405,0.0587,0.0635,0.06614,0.06662,0.06439,0.05948,0.05562,0.03805,0.03137,0.02622,0.01987,
0.01484,0.02856,0.03467,0.04135,0.05831,0.06245,0.06546,0.06698,0.06758,0.06703,0.06429,0.06136,0.04616,0.03931,0.0331,0.01829,
0.00753,0.01947,0.0272,0.03444,0.05595,0.06264,0.06919,0.07255,0.07375,0.07125,0.06607,0.0603,0.04044,0.0327,0.02526,0.00997,
0.00703,0.01919,0.02815,0.0355,0.0463,0.04898,0.05222,0.05431,0.05497,0.05398,0.052,0.05085,0.04304,0.03457,0.02427,0.00884,
0.01464,0.03416,0.04301,0.05051,0.06657,0.0725,0.07923,0.08351,0.08463,0.08105,0.07515,0.07003,0.05656,0.05062,0.04237,0.02038,
0.01701,0.0225,0.02471,0.02763,0.06052,0.07287,0.08333,0.08757,0.08857,0.08541,0.07762,0.0674,0.03772,0.03382,0.03154,0.02087,
0.01746,0.02139,0.02447,0.02841,0.04126,0.04561,0.05079,0.05381,0.05581,0.05408,0.05039,0.04695,0.03363,0.02869,0.02517,0.0199,
0.02352,0.0282,0.0301,0.03256,0.03969,0.04218,0.04464,0.04599,0.04682,0.04556,0.04361,0.04184,0.03552,0.03329,0.03116,0.02604,
0.01545,0.03165,0.0372,0.04236,0.05812,0.06238,0.06597,0.06724,0.06761,0.06646,0.06354,0.06023,0.04708,0.04157,0.03593,0.01836,
0.01964,0.0242,0.02723,0.02985,0.03722,0.03959,0.04234,0.04408,0.04572,0.04548,0.04445,0.04321,0.03701,0.03308,0.02896,0.02292,
0.02006,0.03155,0.03755,0.04365,0.05579,0.05936,0.06439,0.06767,0.06934,0.06767,0.06527,0.06242,0.05179,0.04482,0.0387,0.02514,
0.01775,0.02927,0.03483,0.04111,0.06111,0.06699,0.07292,0.07601,0.07712,0.07468,0.06973,0.0649,0.04641,0.04101,0.03533,0.02254,
0.0153,0.02992,0.03724,0.04341,0.05408,0.05737,0.06099,0.06342,0.06464,0.06409,0.06228,0.0604,0.05154,0.04506,0.03758,0.02126,
0.01949,0.02903,0.0331,0.03656,0.04293,0.04438,0.04637,0.04761,0.04801,0.04732,0.04552,0.04421,0.03876,0.03545,0.03163,0.02168,
0.00436,0.01438,0.0273,0.04186,0.05509,0.06124,0.07087,0.07732,0.07901,0.07437,0.06759,0.06413,0.05636,0.03928,0.02227,0.00628,
0.01931,0.03951,0.04826,0.05649,0.06834,0.07115,0.07499,0.07758,0.07824,0.07696,0.07429,0.07187,0.06392,0.05749,0.04774,0.02557,
0.02235,0.03043,0.03265,0.03338,0.03442,0.03465,0.03569,0.03619,0.03643,0.03563,0.03507,0.03494,0.03445,0.03473,0.03317,0.02572,
0.02236,0.034,0.03951,0.04522,0.05856,0.06238,0.06722,0.07008,0.07138,0.06913,0.06484,0.06095,0.04872,0.043,0.03694,0.02471,
0.02264,0.02693,0.02853,0.02918,0.03074,0.03157,0.0323,0.03303,0.03282,0.03267,0.0318,0.03107,0.0299,0.02891,0.02778,0.02407,
0.01968,0.03108,0.03571,0.03937,0.04575,0.04703,0.04792,0.04911,0.0493,0.0482,0.04738,0.04681,0.04154,0.03871,0.03443,0.02485,
0.02755,0.04676,0.05499,0.06353,0.08903,0.09782,0.10759,0.11336,0.11524,0.11163,0.10454,0.09691,0.07519,0.06679,0.05623,0.03396,
0.0149,0.01539,0.01989,0.03245,0.06318,0.06653,0.0698,0.0725,0.07673,0.07894,0.08365,0.08717,0.05667,0.03633,0.0266,0.02185,
0.01914,0.02567,0.0281,0.02995,0.03165,0.03187,0.03276,0.03303,0.03326,0.03289,0.03198,0.0316,0.02992,0.02869,0.02645,0.02005,
0.01676,0.01825,0.02266,0.03164,0.05784,0.06499,0.0732,0.07799,0.07987,0.07673,0.06995,0.06336,0.03653,0.02572,0.02019,0.01705,
0.02464,0.04096,0.04711,0.05082,0.05568,0.05716,0.05932,0.06071,0.06097,0.06028,0.05859,0.05766,0.05514,0.05196,0.04673,0.0303,
0.02487,0.02209,0.02101,0.01963,0.01716,0.01709,0.01794,0.01826,0.01813,0.01797,0.01765,0.01709,0.02033,0.02149,0.02281,0.02634,
0.01136,0.03353,0.04742,0.05667,0.0676,0.07131,0.07579,0.07743,0.07821,0.07692,0.07463,0.07236,0.06681,0.05795,0.04409,0.01679,
0.02355,0.03413,0.03683,0.04293,0.06194,0.06551,0.06821,0.0689,0.06911,0.06847,0.06692,0.06427,0.04702,0.04007,0.03648,0.0264,
0.02139,0.02844,0.03609,0.04789,0.07521,0.08,0.08438,0.08639,0.08701,0.08565,0.08239,0.07776,0.05238,0.03929,0.0312,0.02076,
0.02207,0.03036,0.03493,0.04058,0.05324,0.05627,0.05941,0.06122,0.06136,0.06015,0.05751,0.05503,0.04496,0.03974,0.03554,0.02647,
0.02247,0.03053,0.03585,0.04335,0.05998,0.06488,0.07008,0.073,0.07381,0.07146,0.06691,0.06288,0.04608,0.03871,0.03266,0.0243,
0.01907,0.03123,0.0365,0.04153,0.05099,0.054,0.05777,0.05975,0.06092,0.06023,0.05725,0.05507,0.04755,0.04289,0.03735,0.02385,
0.02154,0.02265,0.02461,0.02796,0.03934,0.04256,0.04629,0.04855,0.04917,0.04803,0.04536,0.04305,0.03169,0.02751,0.02578,0.02418,
0.02441,0.03236,0.0348,0.036,0.03886,0.03974,0.04099,0.0419,0.04189,0.04141,0.04051,0.03983,0.03824,0.03745,0.03538,0.0278,
0.01848,0.03043,0.03508,0.03849,0.0448,0.04704,0.04968,0.05121,0.05235,0.05173,0.05035,0.04891,0.04485,0.04202,0.03745,0.02302,
0.0242,0.02952,0.03172,0.0334,0.03725,0.03847,0.03968,0.0404,0.04074,0.04037,0.03886,0.03809,0.03476,0.03372,0.03189,0.02617,
0.02109,0.0312,0.03847,0.04895,0.07234,0.07666,0.07963,0.08109,0.08139,0.08026,0.0772,0.07378,0.05138,0.04055,0.03306,0.02294,
0.02198,0.0372,0.04234,0.04345,0.04194,0.04182,0.04327,0.04428,0.04457,0.04368,0.04239,0.04175,0.04661,0.04719,0.04373,0.02805,
0.01935,0.02801,0.03409,0.04242,0.06234,0.06706,0.07216,0.07524,0.07669,0.07595,0.07274,0.06856,0.04901,0.04009,0.03377,0.02343,
0.01691,0.03105,0.03924,0.04697,0.06015,0.06462,0.07094,0.07446,0.07685,0.0757,0.07384,0.07185,0.05769,0.04813,0.03811,0.02092,
0.02122,0.02575,0.03091,0.03895,0.05865,0.06341,0.06875,0.07207,0.07376,0.07191,0.06791,0.06406,0.04506,0.03681,0.03061,0.02593,
0.00231,0.00777,0.01961,0.04079,0.06884,0.07111,0.07502,0.0777,0.07832,0.0783,0.07934,0.08176,0.05874,0.03001,0.01523,0.0035,
0.01525,0.02646,0.03242,0.03707,0.05044,0.05505,0.0598,0.06209,0.06291,0.06127,0.05758,0.05386,0.04306,0.03862,0.03244,0.01942,
0.02212,0.02958,0.03327,0.03671,0.04414,0.04593,0.04795,0.04898,0.0494,0.0486,0.04703,0.04542,0.03946,0.03636,0.03314,0.02626,
0.01525,0.03009,0.03901,0.04683,0.0541,0.05611,0.05934,0.06112,0.06222,0.06121,0.05967,0.05838,0.05397,0.04638,0.03743,0.01962,
0.02133,0.02584,0.02826,0.03177,0.04005,0.04256,0.04578,0.0478,0.04914,0.04803,0.04609,0.04443,0.0363,0.03182,0.02851,0.02376,
0.01679,0.01907,0.02434,0.03191,0.04556,0.04873,0.05184,0.05352,0.05424,0.05311,0.05048,0.04784,0.03516,0.02775,0.02199,0.01848,
0.02046,0.03208,0.04099,0.05083,0.06342,0.0656,0.06805,0.06945,0.06974,0.06869,0.06662,0.06466,0.05429,0.04572,0.03697,0.02472,
0.02028,0.0308,0.03466,0.03657,0.04164,0.04272,0.0451,0.04626,0.0462,0.04518,0.04435,0.04269,0.0382,0.0362,0.03338,0.02306,
0.01487,0.02559,0.03098,0.03558,0.04705,0.05064,0.05524,0.05775,0.05936,0.05825,0.05552,0.05293,0.04223,0.03735,0.03132,0.01911,
0.00778,0.02557,0.04169,0.06158,0.08151,0.08091,0.08255,0.08429,0.0852,0.0855,0.08834,0.0932,0.079,0.05292,0.03189,0.01002,
0.01476,0.02731,0.03422,0.04042,0.05245,0.05979,0.06883,0.0738,0.07525,0.07234,0.06497,0.05869,0.04808,0.04176,0.03369,0.01946,
0.00682,0.02029,0.0312,0.04234,0.06998,0.07766,0.08485,0.08881,0.08968,0.08701,0.08154,0.07585,0.05329,0.04139,0.0283,0.00958,
0.02164,0.02901,0.03309,0.03712,0.04355,0.04472,0.04633,0.04724,0.04743,0.04676,0.04534,0.04419,0.03862,0.0349,0.03102,0.02368,
0.01557,0.03049,0.03818,0.04411,0.04732,0.0478,0.0485,0.04935,0.04951,0.04978,0.05092,0.05236,0.05401,0.04735,0.03802,0.02002,
0.02397,0.02386,0.02421,0.02486,0.02597,0.02638,0.02712,0.02778,0.02787,0.02743,0.02664,0.02603,0.02505,0.02486,0.02443,0.02451,
0.01122,0.02646,0.03071,0.03221,0.04917,0.05641,0.06258,0.06476,0.06479,0.06337,0.05879,0.05279,0.03697,0.03576,0.03134,0.01514,
0.01873,0.02819,0.03189,0.03434,0.03758,0.03883,0.04008,0.04133,0.04143,0.04107,0.04056,0.04033,0.03889,0.0367,0.03314,0.02285,
0.01974,0.03225,0.03607,0.0406,0.05395,0.0576,0.06139,0.06369,0.06467,0.06352,0.06039,0.05732,0.04534,0.04122,0.03823,0.02613,
0.02362,0.03277,0.03753,0.04276,0.05681,0.06151,0.06745,0.0711,0.07208,0.06988,0.06463,0.06011,0.04524,0.03997,0.03514,0.02626,
0.02877,0.03874,0.04102,0.04196,0.04262,0.04318,0.04429,0.04485,0.04517,0.045,0.04451,0.04427,0.04578,0.04592,0.04427,0.03449,
0.01637,0.0274,0.03468,0.04334,0.05965,0.06333,0.06743,0.06981,0.07093,0.06956,0.06662,0.06347,0.04859,0.0398,0.03225,0.02049,
0.03084,0.03028,0.03521,0.0416,0.06553,0.07326,0.08211,0.08789,0.08894,0.08476,0.07662,0.06945,0.04658,0.03966,0.03393,0.03106,
0.01431,0.02735,0.03177,0.03391,0.04554,0.05214,0.05909,0.06277,0.06339,0.0604,0.05446,0.04897,0.03868,0.03717,0.03256,0.01857,
0.02342,0.02016,0.01934,0.02003,0.0232,0.02454,0.02667,0.02824,0.02966,0.02832,0.02598,0.02382,0.02051,0.01981,0.02038,0.02348,
0.01687,0.01963,0.02221,0.02749,0.05666,0.06711,0.07823,0.08436,0.08638,0.08214,0.07289,0.06394,0.03451,0.02785,0.02522,0.02069,
0.01355,0.02059,0.02598,0.03307,0.05582,0.0622,0.06811,0.07096,0.072,0.07004,0.06598,0.06112,0.04216,0.03453,0.02725,0.01699,
0.00018,0.0054,0.01081,0.02733,0.06113,0.06169,0.06181,0.06359,0.06596,0.06683,0.06975,0.07195,0.03852,0.01614,0.00631,0.00203,
0.00914,0.02335,0.03236,0.0422,0.0521,0.05184,0.05167,0.05229,0.05326,0.05464,0.05721,0.05906,0.05107,0.04011,0.0295,0.01319,
0.02241,0.03065,0.0331,0.03435,0.03743,0.03845,0.03934,0.04016,0.04024,0.03957,0.03846,0.03776,0.03571,0.03439,0.03273,0.02527,
0.02044,0.02761,0.02982,0.03277,0.0423,0.04472,0.04661,0.04794,0.04821,0.04709,0.04529,0.04328,0.03454,0.03176,0.03052,0.02413,
0.02656,0.03864,0.04367,0.05056,0.06562,0.06913,0.07354,0.07609,0.07732,0.07579,0.07317,0.07039,0.05824,0.05258,0.04725,0.03315,
0.01941,0.02764,0.03297,0.03902,0.0572,0.06324,0.06996,0.07394,0.07481,0.07202,0.06622,0.06091,0.0449,0.0386,0.03302,0.02368,
0.01584,0.02355,0.02855,0.03644,0.06309,0.07019,0.07759,0.08157,0.08275,0.07991,0.0733,0.0669,0.04126,0.03259,0.02621,0.01665,
0.01546,0.02644,0.03206,0.03705,0.04847,0.0524,0.05725,0.0611,0.06315,0.06167,0.05811,0.05442,0.04198,0.03697,0.03173,0.01941,
0.01743,0.01662,0.01585,0.02097,0.05524,0.06591,0.07776,0.08491,0.08644,0.08233,0.07219,0.06376,0.028,0.02142,0.02329,0.0325,
0.01977,0.03278,0.03899,0.04452,0.05966,0.06468,0.07082,0.07465,0.0763,0.0741,0.06923,0.06464,0.04993,0.0443,0.03813,0.0243,
0.00758,0.02127,0.02971,0.03685,0.04393,0.04667,0.05047,0.05283,0.05401,0.05273,0.05072,0.04931,0.04535,0.0383,0.02821,0.01219,
0.02614,0.02157,0.01769,0.01389,0.01101,0.01085,0.01108,0.01119,0.0115,0.01124,0.01128,0.01109,0.01484,0.0181,0.02193,0.02726,
0.02476,0.03755,0.04485,0.05245,0.06736,0.07078,0.07458,0.07682,0.07776,0.07556,0.07232,0.06876,0.05449,0.04739,0.04058,0.02751,
0.02625,0.03331,0.03289,0.03101,0.02998,0.03067,0.03171,0.03239,0.03217,0.03186,0.0311,0.03032,0.03258,0.03464,0.03613,0.03082,
0.00285,0.0096,0.02063,0.03622,0.05419,0.05603,0.05872,0.0608,0.06151,0.06088,0.05987,0.05987,0.04582,0.02856,0.01471,0.00394,
0.01738,0.02985,0.0362,0.04463,0.06446,0.06861,0.07321,0.07536,0.07542,0.07392,0.07026,0.06568,0.04587,0.0381,0.03177,0.01975,
0.00236,0.0129,0.02685,0.05005,0.0719,0.07249,0.07543,0.07804,0.07952,0.07872,0.07852,0.07974,0.06458,0.03773,0.0186,0.00476,
0.02679,0.04156,0.04806,0.05472,0.08346,0.0926,0.10228,0.10741,0.10858,0.10415,0.09604,0.0883,0.06295,0.05602,0.04942,0.0338,
0.01449,0.02278,0.02912,0.03788,0.05874,0.064,0.06953,0.07256,0.07407,0.07212,0.06809,0.0636,0.04335,0.03377,0.02748,0.01751,
0.00415,0.00932,0.02057,0.03752,0.05803,0.05764,0.05755,0.05805,0.05955,0.06121,0.06522,0.06931,0.05309,0.03114,0.01558,0.00561,
0.02738,0.02561,0.02172,0.01885,0.01655,0.01684,0.01752,0.01799,0.0179,0.01761,0.01734,0.01699,0.0199,0.02353,0.02692,0.03033,
0.02397,0.0294,0.03168,0.0348,0.03918,0.04027,0.04148,0.04246,0.04225,0.04194,0.04053,0.03997,0.03608,0.03385,0.03173,0.02704,
0.02343,0.0354,0.04376,0.05333,0.06689,0.06935,0.07243,0.0744,0.07496,0.07445,0.07223,0.06982,0.05736,0.04856,0.03973,0.02803,
0.0201,0.02272,0.02591,0.03106,0.04834,0.0528,0.05702,0.05889,0.05957,0.0582,0.05491,0.05114,0.03384,0.02773,0.0243,0.02209,
0.01577,0.02709,0.03185,0.03602,0.04215,0.04348,0.04603,0.04751,0.04848,0.04828,0.04782,0.04711,0.04222,0.03845,0.0329,0.02074,
0.01111,0.0238,0.03149,0.04085,0.0608,0.06606,0.07183,0.07512,0.07603,0.07412,0.06939,0.0653,0.04716,0.03901,0.03002,0.01408,
0.01762,0.02329,0.02563,0.02738,0.0325,0.03358,0.03547,0.03681,0.03747,0.0382,0.0394,0.04114,0.03612,0.03141,0.0272,0.02013,
0.0238,0.03135,0.03611,0.04128,0.05653,0.06106,0.06556,0.06837,0.06838,0.06647,0.06246,0.05861,0.04492,0.0392,0.03464,0.02662,
0.01531,0.03016,0.03595,0.03945,0.04623,0.04887,0.05256,0.05463,0.05634,0.05476,0.05384,0.05209,0.04831,0.04397,0.03792,0.02095,
0.00021,0.00397,0.00959,0.02457,0.06161,0.06468,0.06451,0.06425,0.06806,0.07197,0.07629,0.07568,0.03709,0.01675,0.00566,0.00077,
0.00513,0.02326,0.04054,0.05763,0.0739,0.07543,0.07708,0.07961,0.08126,0.08094,0.08141,0.08187,0.06855,0.04943,0.03066,0.00885,
0.01952,0.02353,0.02689,0.03279,0.04799,0.05153,0.0556,0.05804,0.05873,0.05745,0.05451,0.05151,0.03654,0.03068,0.02738,0.02302,
0.0285,0.02615,0.02381,0.02252,0.0233,0.02412,0.02482,0.02532,0.02537,0.0251,0.02411,0.02363,0.02242,0.02335,0.02536,0.02829,
0.02163,0.01358,0.0105,0.00865,0.00777,0.00775,0.00856,0.00831,0.00886,0.0086,0.00893,0.00832,0.00992,0.01126,0.01398,0.0222,
0.01564,0.01803,0.0268,0.0404,0.06926,0.07636,0.08367,0.08792,0.08923,0.08619,0.0801,0.07407,0.04657,0.03296,0.02274,0.01742,
0.01715,0.01502,0.0189,0.02902,0.05228,0.05762,0.06234,0.06487,0.06577,0.06441,0.06021,0.05584,0.03387,0.02312,0.01746,0.01842,
0.02186,0.02721,0.03117,0.03637,0.04888,0.05187,0.05477,0.05603,0.05626,0.05518,0.05259,0.05023,0.03822,0.03269,0.02857,0.0229,
0.01985,0.0212,0.02367,0.02809,0.03981,0.04258,0.04555,0.04706,0.04756,0.04669,0.04478,0.04255,0.03149,0.02656,0.0232,0.02116,
0.01157,0.03251,0.04759,0.05947,0.07134,0.07457,0.08028,0.08461,0.08622,0.08417,0.08142,0.08026,0.07482,0.06164,0.04501,0.01667,
0.00925,0.02418,0.03352,0.0411,0.0562,0.06052,0.06518,0.06762,0.06822,0.06688,0.06356,0.06033,0.04887,0.04152,0.0325,0.01368,
0.01841,0.02975,0.03615,0.04382,0.06564,0.07198,0.07937,0.08372,0.08548,0.08293,0.07715,0.07127,0.05004,0.04179,0.03521,0.02278,
0.00228,0.0119,0.02534,0.04391,0.05616,0.06066,0.06689,0.0706,0.07151,0.06922,0.06604,0.06467,0.06006,0.03968,0.02019,0.00426,
0.0199,0.02543,0.02859,0.03174,0.03981,0.04252,0.0458,0.04773,0.04881,0.04761,0.04519,0.0432,0.03577,0.0326,0.02954,0.02334,
0.02658,0.03663,0.0383,0.03886,0.03909,0.04035,0.0412,0.04209,0.04213,0.04162,0.04051,0.03968,0.03914,0.03909,0.03803,0.02973,
0.0143,0.02048,0.02525,0.02985,0.03821,0.04038,0.04282,0.04435,0.04521,0.04438,0.04237,0.0404,0.03296,0.02865,0.02427,0.0172,
0.01895,0.02323,0.02686,0.03148,0.04138,0.04375,0.04629,0.0478,0.04847,0.04738,0.04535,0.04344,0.03427,0.02974,0.02569,0.02086,
0.01349,0.01836,0.02018,0.02257,0.0414,0.05014,0.0606,0.06652,0.06801,0.06356,0.05478,0.04698,0.02843,0.02579,0.02377,0.01656,
0.01973,0.02536,0.02903,0.03238,0.04072,0.04277,0.04523,0.04669,0.04736,0.0463,0.04435,0.04257,0.03537,0.03167,0.02811,0.02232,
0.0098,0.02557,0.03703,0.04781,0.05639,0.05703,0.05844,0.0597,0.06041,0.06002,0.06054,0.06153,0.05613,0.04414,0.03153,0.01232,
0.02826,0.03656,0.04175,0.05041,0.07223,0.07762,0.08325,0.0863,0.08696,0.08477,0.08067,0.07627,0.05619,0.04702,0.04027,0.03073,
0.02165,0.029,0.03427,0.04172,0.06182,0.0677,0.07436,0.07847,0.0809,0.07885,0.0738,0.06876,0.0474,0.03909,0.03358,0.02484,
0.00675,0.02222,0.03354,0.04393,0.05874,0.06182,0.06637,0.06944,0.07158,0.07071,0.06915,0.06796,0.05589,0.04429,0.03034,0.01034,
0.01434,0.02636,0.03011,0.03532,0.05673,0.06137,0.06488,0.06613,0.06644,0.06537,0.06248,0.05868,0.039,0.03329,0.02902,0.01709,
0.01548,0.02448,0.03065,0.03737,0.05496,0.06036,0.06633,0.06993,0.07111,0.06865,0.06376,0.05905,0.0424,0.03576,0.02966,0.01909,
0.02284,0.02207,0.02164,0.02135,0.02088,0.02127,0.02182,0.02247,0.02234,0.02232,0.02169,0.02114,0.02191,0.02243,0.02301,0.02436,
0.02065,0.03159,0.03594,0.03957,0.04787,0.05048,0.05367,0.05533,0.05589,0.05475,0.05249,0.05027,0.04329,0.03981,0.03548,0.02408,
0.01845,0.04518,0.05895,0.06853,0.08438,0.09137,0.10012,0.10546,0.10753,0.10491,0.09959,0.09518,0.08317,0.07239,0.05575,0.02467,
0.01858,0.02967,0.03436,0.03853,0.04765,0.05087,0.05439,0.05651,0.05786,0.057,0.05516,0.05338,0.04635,0.04192,0.03651,0.02389,
0.01682,0.01619,0.01513,0.01473,0.01665,0.01598,0.0153,0.01595,0.01824,0.0218,0.0357,0.05013,0.04183,0.02951,0.02424,0.0199,
0.01458,0.02114,0.02871,0.03881,0.06309,0.06919,0.07537,0.07851,0.07911,0.07678,0.07166,0.06623,0.04285,0.03191,0.02447,0.01624,
0.02059,0.02966,0.03456,0.03963,0.04869,0.05088,0.05317,0.05454,0.05488,0.05367,0.05169,0.04991,0.04141,0.03648,0.03164,0.02244,
0.02121,0.02568,0.0278,0.0311,0.03979,0.04255,0.04582,0.04794,0.04872,0.04749,0.04508,0.04249,0.03385,0.03074,0.02828,0.02376,
0.0211,0.02571,0.02955,0.03783,0.06637,0.07409,0.08154,0.08551,0.08668,0.08402,0.07812,0.07158,0.04438,0.03442,0.02919,0.02272,
0.01884,0.01284,0.01398,0.02324,0.0596,0.06764,0.07445,0.07773,0.07853,0.07646,0.0713,0.06478,0.02911,0.01734,0.01493,0.02119,
0.01882,0.02533,0.03157,0.04025,0.05958,0.06442,0.06939,0.07207,0.07311,0.07157,0.06782,0.06368,0.04495,0.03558,0.02853,0.02116,
0.00196,0.00452,0.01034,0.02736,0.06154,0.0643,0.06817,0.07089,0.07214,0.07153,0.07149,0.07261,0.04413,0.01946,0.00854,0.00113,
0.02632,0.03526,0.03845,0.04089,0.0466,0.04892,0.05208,0.05341,0.054,0.05399,0.05464,0.05492,0.0479,0.04412,0.04044,0.03065,
0.01864,0.02405,0.02924,0.03681,0.05325,0.0566,0.05978,0.06141,0.06177,0.0607,0.05813,0.05535,0.04041,0.03291,0.02703,0.02084,
0.01996,0.03168,0.03673,0.04198,0.05956,0.065,0.07085,0.07416,0.07485,0.07224,0.06702,0.06199,0.04547,0.04052,0.03605,0.02418,
0.01981,0.02908,0.02976,0.03607,0.06502,0.07155,0.0768,0.07866,0.07909,0.07776,0.07365,0.06849,0.04189,0.03526,0.03306,0.02388,
0.0201,0.02484,0.03038,0.03821,0.05349,0.05689,0.0604,0.0624,0.06293,0.06168,0.05881,0.05613,0.04194,0.03415,0.02809,0.02194,
0.01225,0.02561,0.03372,0.04078,0.05327,0.05691,0.06165,0.06491,0.0672,0.066,0.06397,0.06206,0.05081,0.04179,0.03233,0.01605,
0.02344,0.0289,0.03248,0.03702,0.04634,0.04843,0.05051,0.0517,0.05197,0.05106,0.04937,0.04768,0.03888,0.03439,0.03098,0.02611,
0.01757,0.0295,0.03418,0.04017,0.05891,0.06349,0.06747,0.06995,0.07099,0.06983,0.06665,0.06272,0.04536,0.03946,0.03491,0.02251,
0.00609,0.02293,0.03654,0.04732,0.05594,0.05814,0.06148,0.0636,0.06422,0.06342,0.06271,0.0629,0.06015,0.04877,0.03315,0.00933,
0.01023,0.02534,0.03335,0.03899,0.04924,0.0528,0.05757,0.06029,0.06107,0.05913,0.05577,0.05291,0.04574,0.04151,0.03281,0.01452,
0.02339,0.0248,0.02456,0.02409,0.0249,0.02555,0.02644,0.02695,0.02698,0.02635,0.02593,0.02534,0.02472,0.0252,0.02557,0.0248,
0.0204,0.02307,0.02334,0.02424,0.02897,0.0294,0.02924,0.02914,0.03054,0.03422,0.04064,0.04374,0.03258,0.02828,0.02709,0.02427,
0.01561,0.03868,0.04882,0.05721,0.07465,0.07916,0.08298,0.08461,0.08484,0.08369,0.08064,0.07726,0.06358,0.05611,0.0461,0.02119,
0.01574,0.01843,0.02065,0.0271,0.05541,0.064,0.07319,0.07818,0.08003,0.07663,0.06917,0.06174,0.03383,0.02624,0.0226,0.01882,
0.01663,0.02933,0.0367,0.04413,0.06,0.06581,0.07336,0.07819,0.08019,0.07726,0.07191,0.06768,0.05431,0.04629,0.03792,0.02261,
0.02547,0.03368,0.03734,0.0405,0.0469,0.04851,0.0498,0.05079,0.0511,0.05052,0.0488,0.04763,0.04177,0.03864,0.03536,0.02732,
0.00552,0.01415,0.02466,0.039,0.05362,0.05774,0.06736,0.0749,0.07642,0.07096,0.06392,0.06199,0.05293,0.03684,0.02175,0.00804,
0.02137,0.03144,0.03586,0.03995,0.04547,0.04696,0.04865,0.04985,0.05052,0.04983,0.04877,0.04768,0.04382,0.0401,0.03515,0.02461,
0.01345,0.0231,0.02777,0.03136,0.03836,0.04108,0.04474,0.04712,0.04876,0.04803,0.0459,0.04386,0.03584,0.03186,0.02706,0.01681,
0.01694,0.02012,0.02549,0.03446,0.05553,0.05999,0.06434,0.06632,0.06707,0.06587,0.06276,0.05904,0.03868,0.02895,0.02292,0.01889,
0.02345,0.03135,0.03468,0.03911,0.05158,0.05478,0.05837,0.0608,0.06186,0.06057,0.05804,0.05539,0.04353,0.0387,0.03538,0.02755,
0.01577,0.02507,0.03255,0.04073,0.05961,0.06552,0.07231,0.07612,0.07747,0.07491,0.06964,0.06469,0.0475,0.03874,0.0306,0.01987,
0.00258,0.0083,0.01742,0.03075,0.04872,0.05211,0.05587,0.05838,0.05972,0.05882,0.05703,0.05543,0.04046,0.02446,0.01313,0.00378,
0.00414,0.01088,0.01931,0.03292,0.05792,0.06103,0.06343,0.06541,0.0684,0.06982,0.07123,0.07031,0.04406,0.0269,0.01562,0.00532,
0.00838,0.02727,0.04391,0.06218,0.07736,0.07672,0.07658,0.0778,0.07944,0.0806,0.08353,0.08659,0.07566,0.05568,0.03619,0.01152,
0.00344,0.01266,0.02555,0.04523,0.06478,0.07102,0.08243,0.09071,0.09334,0.08777,0.07984,0.07624,0.06166,0.03911,0.01992,0.00601,
0.01776,0.03007,0.03528,0.03982,0.04832,0.05086,0.05368,0.05529,0.05572,0.0547,0.05279,0.05095,0.04454,0.04058,0.03509,0.02242,
0.02064,0.02765,0.03298,0.04087,0.0603,0.06562,0.07096,0.0741,0.07477,0.07239,0.0678,0.06292,0.04404,0.03603,0.03031,0.02246,
0.01829,0.02652,0.03194,0.042,0.06903,0.07515,0.08114,0.08416,0.08503,0.08269,0.07769,0.07239,0.04739,0.03705,0.03025,0.02148,
0.02429,0.02635,0.02755,0.02817,0.02902,0.02972,0.0306,0.0313,0.03145,0.03111,0.03004,0.02958,0.02872,0.02844,0.02755,0.02577,
0.0173,0.02699,0.03403,0.04387,0.07336,0.08188,0.0914,0.09668,0.09849,0.09459,0.08683,0.07919,0.05141,0.04178,0.0341,0.02197,
0.01428,0.01808,0.02075,0.02523,0.04864,0.05712,0.0667,0.07205,0.07358,0.06972,0.06162,0.05396,0.03042,0.02466,0.02179,0.01657,
0.01377,0.02559,0.03135,0.03792,0.05482,0.05982,0.06517,0.06834,0.06949,0.06748,0.06322,0.05894,0.04348,0.03703,0.03077,0.01764,
0.01073,0.02467,0.0326,0.03892,0.04789,0.05079,0.05471,0.05716,0.05829,0.0572,0.05473,0.05299,0.04587,0.0389,0.03021,0.01402,
0.01383,0.03126,0.03963,0.04614,0.06022,0.06464,0.06907,0.07167,0.07254,0.07121,0.06773,0.06409,0.05175,0.04574,0.03796,0.01822,
0.02301,0.02904,0.03085,0.03237,0.03418,0.03475,0.03561,0.03607,0.03648,0.03609,0.03551,0.03525,0.03492,0.03428,0.03279,0.0271,
0.02393,0.02818,0.03038,0.03362,0.04215,0.04423,0.04675,0.04812,0.04898,0.04813,0.04635,0.0448,0.03782,0.03407,0.03159,0.02744,
0.02102,0.03236,0.03931,0.04527,0.06352,0.07095,0.08009,0.08588,0.08776,0.08404,0.07677,0.07031,0.05273,0.04614,0.03855,0.02492,
0.01379,0.02359,0.02955,0.03928,0.06731,0.07402,0.08024,0.08342,0.08441,0.08252,0.07798,0.07231,0.04632,0.03654,0.02993,0.01803,
0.0112,0.02032,0.0295,0.0396,0.0554,0.05983,0.06485,0.06749,0.06859,0.06724,0.06426,0.06132,0.04779,0.03683,0.02601,0.01373,
0.02662,0.02528,0.02371,0.02241,0.02255,0.02308,0.02378,0.02424,0.02439,0.02407,0.02343,0.02301,0.02303,0.02432,0.02605,0.028,
0.02171,0.03208,0.03579,0.03982,0.05685,0.06198,0.06673,0.06902,0.0694,0.06765,0.06401,0.05974,0.04405,0.03962,0.03565,0.02492,
0.02354,0.03604,0.0429,0.05017,0.0648,0.06844,0.07255,0.07476,0.07514,0.07317,0.06947,0.06619,0.05247,0.04537,0.03866,0.02643,
0.0235,0.02558,0.02693,0.02858,0.03479,0.03729,0.04018,0.0421,0.04264,0.04128,0.03875,0.03663,0.03054,0.02887,0.02749,0.025,
0.0215,0.03671,0.04297,0.04823,0.05576,0.05874,0.06257,0.06467,0.06598,0.0653,0.0634,0.06172,0.05592,0.05091,0.04384,0.02689,
0.01819,0.03032,0.03429,0.03773,0.04649,0.04927,0.05263,0.05469,0.05556,0.0542,0.05204,0.04987,0.04272,0.03956,0.03581,0.02306,
0.02349,0.02918,0.03198,0.03461,0.03878,0.03987,0.04114,0.04198,0.0421,0.04138,0.04033,0.03925,0.03508,0.03288,0.03017,0.02432,
0.02472,0.02134,0.01967,0.01827,0.01669,0.0171,0.01757,0.01777,0.01774,0.01752,0.01714,0.0168,0.01938,0.02066,0.02234,0.02607,
0.02358,0.03101,0.03361,0.03452,0.0353,0.03606,0.03693,0.03768,0.03787,0.03772,0.03671,0.03613,0.03643,0.03604,0.03445,0.02739,
0.02722,0.03146,0.03185,0.03248,0.03344,0.03401,0.03508,0.03564,0.03583,0.03518,0.03427,0.03353,0.03304,0.0328,0.03245,0.02979,
0.00714,0.02231,0.03351,0.04324,0.05941,0.06406,0.06944,0.07258,0.07408,0.07235,0.0687,0.06566,0.05358,0.04385,0.03069,0.01023,
0.01275,0.0266,0.03452,0.04213,0.0648,0.07484,0.08585,0.09209,0.09368,0.08943,0.08093,0.07316,0.0526,0.0437,0.03526,0.01771,
0.02364,0.02727,0.02648,0.02499,0.02384,0.02439,0.0252,0.02562,0.02548,0.02522,0.0246,0.02408,0.02559,0.02744,0.02893,0.02672,
0.01432,0.02855,0.03516,0.04088,0.04838,0.05024,0.05284,0.05395,0.05471,0.05453,0.05352,0.0529,0.04853,0.043,0.03567,0.01975,
0.01972,0.01708,0.01613,0.0157,0.01498,0.0185,0.02797,0.03284,0.0304,0.02798,0.02172,0.0211,0.02725,0.02686,0.02589,0.02473,
0.00228,0.01183,0.02468,0.04786,0.06886,0.06724,0.06762,0.06896,0.06981,0.07064,0.07481,0.08049,0.06582,0.03576,0.01716,0.00501,
0.01784,0.01809,0.02168,0.02983,0.05609,0.06328,0.07072,0.07502,0.07654,0.07402,0.0679,0.0613,0.03411,0.02494,0.02067,0.01913,
0.01759,0.0281,0.03495,0.04316,0.06132,0.06547,0.07015,0.07297,0.07387,0.07208,0.06853,0.06477,0.04826,0.04025,0.03246,0.02081,
0.00591,0.02113,0.03102,0.04045,0.05095,0.05462,0.0592,0.06196,0.0626,0.06099,0.05802,0.056,0.05061,0.04069,0.02846,0.01022,
0.01891,0.02838,0.03317,0.03782,0.0473,0.04973,0.05274,0.05442,0.05503,0.0538,0.05156,0.04943,0.04087,0.0368,0.03222,0.02257,
0.01718,0.02367,0.02739,0.03139,0.0423,0.04552,0.04952,0.05214,0.05319,0.05194,0.049,0.04599,0.03489,0.03095,0.02718,0.02049,
0.02185,0.03023,0.03377,0.03755,0.04467,0.04624,0.04817,0.04895,0.0492,0.04835,0.04703,0.04549,0.03951,0.03626,0.03297,0.02488,
0.02396,0.03003,0.03382,0.03912,0.05094,0.05285,0.05476,0.05591,0.05591,0.05501,0.05362,0.05173,0.04046,0.03484,0.03074,0.02489,
0.01847,0.02868,0.03405,0.04076,0.05852,0.06351,0.0687,0.07174,0.07303,0.07147,0.06781,0.06382,0.04697,0.03914,0.03321,0.02196,
0.01512,0.02905,0.03677,0.04308,0.0546,0.05807,0.06151,0.06366,0.06441,0.0632,0.06059,0.05795,0.04836,0.04227,0.03489,0.01855,
0.02059,0.03386,0.04044,0.04693,0.06314,0.06784,0.07298,0.07616,0.07761,0.07559,0.07169,0.06776,0.05289,0.04599,0.03922,0.0245,
0.01708,0.0294,0.03825,0.04543,0.06457,0.07399,0.08557,0.09235,0.09404,0.08941,0.08026,0.0727,0.05548,0.04701,0.03568,0.01918,
0.02194,0.03518,0.04235,0.05158,0.07264,0.07698,0.08125,0.08368,0.08474,0.08358,0.08047,0.07744,0.05779,0.04858,0.04127,0.02706,
0.01184,0.0274,0.03546,0.04109,0.05368,0.05844,0.06389,0.06726,0.06837,0.06645,0.06215,0.05823,0.04798,0.0428,0.03494,0.01627,
0.0198,0.02572,0.02914,0.03456,0.0493,0.05335,0.05771,0.06036,0.06153,0.06012,0.05681,0.05331,0.03859,0.03281,0.02915,0.02284,
0.01902,0.02821,0.03488,0.04285,0.0579,0.06097,0.06466,0.06693,0.0677,0.06619,0.0635,0.0609,0.04804,0.04021,0.0333,0.02294,
0.02031,0.02816,0.0324,0.0372,0.0459,0.04823,0.05064,0.05254,0.05294,0.0517,0.0496,0.04777,0.03963,0.03499,0.03105,0.02356,
0.02162,0.04047,0.04982,0.0582,0.08535,0.09102,0.09541,0.0973,0.09769,0.09665,0.0935,0.08941,0.06862,0.05975,0.04976,0.02717,
0.00875,0.02645,0.04381,0.06113,0.07348,0.07595,0.07983,0.0813,0.08183,0.08147,0.08033,0.08059,0.07667,0.05822,0.03787,0.01206,
0.00846,0.02425,0.03798,0.05238,0.06267,0.06256,0.06302,0.06481,0.06663,0.06715,0.06957,0.07232,0.06481,0.04913,0.0325,0.01077,
0.02479,0.0269,0.02825,0.03012,0.03366,0.03452,0.03586,0.03635,0.03651,0.03597,0.0349,0.0341,0.03136,0.0299,0.02874,0.02702,
0.02277,0.0274,0.02652,0.02804,0.05888,0.06799,0.07466,0.07685,0.07699,0.07561,0.0704,0.06293,0.0334,0.03025,0.03168,0.02763,
0.00424,0.02252,0.03878,0.05132,0.05775,0.06456,0.07396,0.07838,0.07913,0.07626,0.06989,0.06512,0.06348,0.05105,0.03298,0.00914,
0.02078,0.02425,0.02759,0.0324,0.04306,0.04585,0.04914,0.05111,0.05181,0.05051,0.04778,0.0453,0.03502,0.03012,0.02652,0.02308,
0.01502,0.01868,0.02268,0.02956,0.05381,0.06115,0.06923,0.07372,0.07484,0.07118,0.06374,0.05702,0.03358,0.02592,0.02153,0.01671,
0.02317,0.02224,0.02094,0.02027,0.02203,0.02362,0.02537,0.02688,0.02732,0.02637,0.02437,0.02337,0.02167,0.0226,0.0239,0.02495,
0.01857,0.02463,0.02716,0.03159,0.06035,0.07006,0.07928,0.08393,0.08476,0.08136,0.07356,0.06507,0.03706,0.03147,0.02852,0.02226,
0.02253,0.03188,0.03508,0.03862,0.04481,0.04635,0.04813,0.04925,0.04936,0.04855,0.04696,0.04539,0.03954,0.03633,0.03305,0.02529,
0.01793,0.02738,0.03288,0.04123,0.06518,0.07201,0.07969,0.08437,0.08682,0.08477,0.07947,0.07377,0.05043,0.04073,0.03339,0.023,
0.00331,0.01301,0.02746,0.04879,0.06543,0.06732,0.07048,0.07259,0.07362,0.07325,0.07305,0.07467,0.06521,0.03975,0.02032,0.00427,
0.01984,0.02076,0.02229,0.0286,0.05633,0.06281,0.06806,0.07012,0.07071,0.06949,0.06538,0.05997,0.03303,0.02516,0.02188,0.02087,
0.0114,0.02726,0.03968,0.0531,0.06535,0.06613,0.06814,0.07014,0.07251,0.07349,0.07556,0.0776,0.0683,0.05208,0.03614,0.01499,
0.01731,0.02721,0.03201,0.03797,0.05906,0.06497,0.0711,0.07444,0.07527,0.07294,0.06784,0.06268,0.04359,0.03786,0.03276,0.02103,
0.01936,0.02754,0.03312,0.04125,0.06058,0.06454,0.06796,0.06979,0.07008,0.06856,0.0656,0.06207,0.04359,0.03508,0.0295,0.02145,
0.02317,0.02765,0.02806,0.02764,0.02848,0.0293,0.03068,0.03138,0.03175,0.03115,0.02999,0.02914,0.02872,0.0292,0.02923,0.02557,
0.02452,0.02036,0.01921,0.01935,0.02051,0.0208,0.02131,0.02172,0.02184,0.0215,0.02134,0.02093,0.0203,0.02013,0.02125,0.02576,
0.02096,0.03197,0.03727,0.04272,0.05797,0.06291,0.06861,0.07258,0.07372,0.07107,0.06593,0.06147,0.04759,0.04329,0.03776,0.02582,
0.01157,0.02796,0.03687,0.04295,0.04671,0.04654,0.04708,0.04787,0.04845,0.04859,0.04923,0.05038,0.04927,0.04281,0.03421,0.01553,
0.01873,0.01172,0.01198,0.01816,0.04676,0.05449,0.06093,0.06336,0.06379,0.06234,0.05779,0.05159,0.0229,0.01437,0.01262,0.01811,
0.01181,0.03268,0.04433,0.05206,0.06558,0.07403,0.08508,0.09168,0.09301,0.08795,0.07885,0.07183,0.05955,0.0523,0.04097,0.01703,
0.00917,0.02091,0.02835,0.03562,0.04739,0.05058,0.05456,0.05708,0.05806,0.05674,0.05404,0.05217,0.04306,0.03542,0.02687,0.01301,
0.02094,0.03039,0.03627,0.04247,0.05392,0.05764,0.06154,0.06402,0.06476,0.06316,0.06,0.05724,0.04578,0.03962,0.03386,0.02316,
0.01996,0.03195,0.03857,0.04498,0.05672,0.05947,0.06272,0.06434,0.06488,0.06355,0.06103,0.05864,0.04823,0.04239,0.036,0.0234,
0.01358,0.0207,0.0263,0.03329,0.05159,0.05729,0.06372,0.06769,0.06892,0.06637,0.06073,0.05566,0.03685,0.0295,0.02382,0.01621,
0.02151,0.02693,0.02934,0.03235,0.0401,0.04223,0.04497,0.0466,0.04718,0.04611,0.04406,0.04195,0.03477,0.03173,0.02921,0.02354,
0.02148,0.02677,0.03069,0.03626,0.04795,0.05063,0.05364,0.05548,0.05635,0.05542,0.05347,0.05132,0.04078,0.03465,0.03006,0.02444,
0.02398,0.02963,0.02865,0.0307,0.06102,0.06991,0.07829,0.08237,0.08329,0.08089,0.07481,0.06768,0.03905,0.03485,0.03579,0.0303,
0.02178,0.03132,0.03347,0.03482,0.03749,0.03851,0.04,0.04102,0.04091,0.04059,0.03916,0.03864,0.0368,0.03629,0.0342,0.02525,
0.02579,0.03244,0.03493,0.037,0.0414,0.04277,0.04459,0.04516,0.04536,0.04476,0.04337,0.04207,0.0381,0.0362,0.03452,0.02851,
0.0141,0.03233,0.04034,0.04722,0.0572,0.06049,0.06471,0.0669,0.06804,0.06651,0.0638,0.06175,0.05463,0.04776,0.03874,0.01804,
0.0188,0.0263,0.02997,0.03367,0.04237,0.04477,0.04773,0.04939,0.05039,0.04969,0.04783,0.04613,0.03964,0.03589,0.03212,0.0241,
0.01004,0.02728,0.03862,0.04757,0.0595,0.06221,0.06557,0.06761,0.06871,0.06785,0.06582,0.06375,0.05438,0.04644,0.03476,0.01327,
0.003,0.00847,0.0147,0.02921,0.06243,0.06331,0.06242,0.06295,0.06645,0.06974,0.0749,0.07653,0.04106,0.02114,0.01083,0.00444,
0.01012,0.02453,0.03486,0.04473,0.05738,0.06009,0.06341,0.06553,0.06668,0.06619,0.06533,0.06468,0.05562,0.04422,0.03212,0.01367,
0.00193,0.00987,0.02168,0.04307,0.07868,0.08181,0.08376,0.08549,0.08979,0.09261,0.09514,0.09484,0.06027,0.03321,0.01578,0.0031,
0.02061,0.02703,0.03102,0.03612,0.05032,0.05443,0.05922,0.06215,0.06316,0.06132,0.05731,0.0535,0.03935,0.03393,0.02973,0.02327,
0.01546,0.0309,0.03696,0.04167,0.05037,0.05302,0.05664,0.05921,0.06029,0.05886,0.05639,0.05392,0.04637,0.04167,0.035,0.02004,
0.01702,0.02986,0.03448,0.03809,0.04379,0.04553,0.04739,0.04863,0.04899,0.04811,0.04666,0.04542,0.04165,0.03879,0.03469,0.02158,
0.01697,0.02476,0.02955,0.03511,0.04741,0.05003,0.05268,0.05404,0.05439,0.05354,0.05157,0.04956,0.03921,0.03405,0.0295,0.02102,
0.02292,0.02555,0.02559,0.02887,0.04377,0.04776,0.05093,0.05215,0.05246,0.05144,0.04881,0.04546,0.03113,0.02763,0.02782,0.02531,
0.02141,0.02783,0.03172,0.03643,0.05085,0.05511,0.06005,0.0629,0.06362,0.0617,0.05753,0.05361,0.03972,0.03501,0.03119,0.02453,
0.02274,0.03233,0.03708,0.04138,0.05115,0.05414,0.05813,0.06036,0.06126,0.05978,0.0568,0.05407,0.0451,0.04097,0.03677,0.02703,
0.01849,0.02447,0.02878,0.03544,0.05238,0.05666,0.06089,0.06342,0.06436,0.06285,0.05977,0.05613,0.03945,0.03253,0.02759,0.02085,
0.00298,0.01051,0.02089,0.03636,0.05974,0.0647,0.07176,0.07666,0.07851,0.07619,0.07217,0.07003,0.04955,0.03076,0.01662,0.00488,
0.02138,0.02674,0.02952,0.03386,0.04436,0.04695,0.05013,0.05198,0.05282,0.05155,0.04949,0.04709,0.03709,0.03255,0.02939,0.0243,
0.0067,0.01827,0.0277,0.0397,0.05585,0.05747,0.05938,0.06071,0.06273,0.06305,0.06347,0.06327,0.04882,0.03558,0.02386,0.00842,
0.01705,0.0268,0.03476,0.04549,0.06585,0.07007,0.0741,0.07586,0.07638,0.07506,0.07197,0.06856,0.05011,0.04035,0.03179,0.01989,
0.01997,0.02978,0.03504,0.0418,0.05794,0.0617,0.06547,0.06719,0.06803,0.0667,0.06388,0.06084,0.04607,0.03917,0.0336,0.02293,
0.0025,0.0117,0.02456,0.04371,0.06246,0.0651,0.06934,0.07211,0.0736,0.07282,0.07145,0.07142,0.05771,0.03579,0.01767,0.00463,
0.00235,0.00529,0.01189,0.02934,0.06577,0.06928,0.07209,0.07509,0.07854,0.07954,0.08074,0.08056,0.04238,0.0181,0.00736,0.00133,
0.01222,0.0263,0.03276,0.03716,0.04495,0.04787,0.05107,0.05279,0.05352,0.05262,0.0502,0.04815,0.04206,0.03857,0.03211,0.01559,
0.01806,0.02725,0.03145,0.03506,0.04131,0.04331,0.04584,0.0473,0.04795,0.04711,0.04507,0.04358,0.03853,0.03531,0.03122,0.02178,
0.02657,0.02623,0.02498,0.02384,0.02462,0.02555,0.02662,0.02736,0.02763,0.02732,0.02629,0.0255,0.02454,0.0254,0.02651,0.02705,
0.02501,0.02919,0.03128,0.03452,0.04133,0.04308,0.04504,0.04636,0.04676,0.04595,0.04442,0.04301,0.03732,0.03423,0.03167,0.02765,
0.00955,0.01851,0.02892,0.04407,0.05851,0.06002,0.06432,0.0676,0.06857,0.06779,0.06736,0.06832,0.05829,0.04064,0.02637,0.01397,
0.01718,0.02854,0.03487,0.04195,0.057,0.0609,0.06527,0.06897,0.07305,0.07276,0.07186,0.06963,0.05425,0.04531,0.03766,0.02336,
0.02059,0.02812,0.03124,0.03601,0.05152,0.05605,0.06064,0.06306,0.06376,0.06218,0.05864,0.05459,0.0393,0.03484,0.03193,0.02396,
0.00279,0.01226,0.02416,0.03889,0.05078,0.05086,0.05216,0.05334,0.054,0.05363,0.05425,0.05582,0.04735,0.03104,0.01622,0.00407,
0.01366,0.03251,0.04194,0.04815,0.05416,0.05557,0.05756,0.05868,0.05935,0.05878,0.05822,0.05812,0.05688,0.05138,0.04198,0.01971,
0.02279,0.03111,0.03544,0.04021,0.04936,0.05152,0.05393,0.05524,0.05547,0.05435,0.05217,0.05009,0.04182,0.03724,0.03324,0.02598,
0.013,0.0292,0.03787,0.04461,0.05034,0.05119,0.05278,0.05411,0.05531,0.05561,0.05626,0.05696,0.0546,0.04732,0.03764,0.01845,
0.00586,0.01964,0.03059,0.04117,0.05359,0.05525,0.05787,0.05978,0.06083,0.06001,0.0588,0.05801,0.04815,0.0374,0.02492,0.00897,
0.02065,0.02652,0.0284,0.02877,0.02939,0.02959,0.0299,0.03045,0.03045,0.0303,0.03028,0.03007,0.03011,0.03027,0.02869,0.02277,
0.0157,0.0342,0.04175,0.04736,0.06253,0.06768,0.07264,0.07524,0.0756,0.07369,0.06936,0.06525,0.05432,0.04923,0.04198,0.02124,
0.02317,0.0326,0.03422,0.03529,0.03862,0.03989,0.04105,0.04183,0.04189,0.04117,0.04005,0.03909,0.03668,0.03586,0.03503,0.0267,
0.02167,0.02832,0.03159,0.03606,0.04745,0.05002,0.05237,0.05338,0.0536,0.05269,0.05067,0.04826,0.03781,0.03345,0.03048,0.02381,
0.01695,0.02374,0.02649,0.03233,0.05176,0.05757,0.06335,0.06621,0.067,0.06474,0.06012,0.05522,0.03786,0.03158,0.028,0.02059,
0.01383,0.0209,0.02472,0.0295,0.04165,0.04462,0.04811,0.05019,0.05081,0.04932,0.04617,0.0434,0.03141,0.02679,0.02282,0.01511,
0.02369,0.02985,0.03168,0.03297,0.0358,0.03701,0.03824,0.03899,0.03937,0.0386,0.0373,0.03666,0.03399,0.03312,0.03147,0.02617,
0.01857,0.02774,0.03484,0.04533,0.06796,0.0719,0.07528,0.07687,0.07741,0.07635,0.07353,0.07028,0.05004,0.03951,0.03178,0.02102,
0.01699,0.02568,0.03164,0.03932,0.05829,0.06331,0.06864,0.07192,0.07324,0.07127,0.06699,0.06239,0.04425,0.03674,0.03043,0.01993,
0.02605,0.03608,0.04123,0.04579,0.05496,0.0577,0.06069,0.06279,0.06337,0.06238,0.06013,0.05821,0.05103,0.04686,0.04211,0.03135,
0.02219,0.03568,0.04212,0.04696,0.05578,0.0584,0.0619,0.06408,0.06538,0.06448,0.06231,0.06048,0.05353,0.04913,0.04269,0.02747,
0.01634,0.02526,0.0283,0.03539,0.0708,0.07942,0.08654,0.08981,0.09057,0.08834,0.08277,0.07566,0.043,0.03452,0.03059,0.02092,
0.01985,0.02348,0.02609,0.03258,0.05731,0.06376,0.07004,0.07328,0.0744,0.07268,0.06808,0.06283,0.03898,0.03139,0.0276,0.02356,
0.02459,0.02612,0.02607,0.02616,0.02757,0.02847,0.02948,0.03001,0.03024,0.0298,0.02959,0.02956,0.03104,0.03071,0.03013,0.02807,
0.00652,0.02459,0.03904,0.04908,0.05457,0.05846,0.06183,0.06285,0.06318,0.06261,0.06087,0.05887,0.06043,0.05157,0.0356,0.0103,
0.01813,0.02806,0.03385,0.03982,0.0497,0.05205,0.05481,0.05626,0.05671,0.05607,0.05402,0.05226,0.04468,0.03954,0.03346,0.02249,
0.0185,0.03188,0.03858,0.04508,0.05881,0.0622,0.06574,0.06775,0.06826,0.06679,0.06392,0.06089,0.04901,0.04275,0.03606,0.0224,
0.00605,0.02486,0.03964,0.0518,0.05893,0.0642,0.07146,0.07542,0.07615,0.0737,0.06914,0.0663,0.06608,0.05395,0.03622,0.01022,
0.00887,0.02477,0.03817,0.05218,0.07323,0.07904,0.08574,0.08967,0.0919,0.09064,0.08724,0.08395,0.06638,0.05037,0.03371,0.01235,
0.02139,0.0286,0.03301,0.03982,0.06242,0.06783,0.07344,0.07602,0.07671,0.07439,0.06988,0.06502,0.04366,0.03614,0.0315,0.02462,
0.01261,0.02663,0.03406,0.04043,0.05874,0.06445,0.07039,0.07379,0.07481,0.07256,0.06783,0.06347,0.04888,0.04282,0.03479,0.01712,
0.02218,0.02776,0.0306,0.03374,0.04006,0.04166,0.04365,0.04474,0.04517,0.04428,0.04248,0.04098,0.03521,0.03231,0.02934,0.0239,
0.01969,0.0263,0.03107,0.03915,0.06965,0.07794,0.08625,0.09033,0.09131,0.08819,0.08136,0.07413,0.04627,0.0379,0.03292,0.02364,
0.01255,0.02725,0.03435,0.04009,0.05275,0.05651,0.06059,0.06324,0.06386,0.06229,0.05891,0.05611,0.04625,0.04072,0.03374,0.01671,
0.02095,0.02796,0.03057,0.03267,0.0352,0.03602,0.03678,0.03738,0.03771,0.03765,0.03759,0.03755,0.03665,0.03475,0.03204,0.02481,
0.02586,0.03276,0.03621,0.04063,0.05287,0.05677,0.06071,0.06314,0.06415,0.06277,0.05961,0.05645,0.04449,0.03993,0.03609,0.02905,
0.00518,0.01699,0.02676,0.03642,0.04774,0.04969,0.0525,0.05455,0.05558,0.05462,0.05319,0.05228,0.04333,0.03315,0.02222,0.00763,
0.01599,0.03026,0.03766,0.04473,0.0598,0.06458,0.07001,0.07343,0.07589,0.07444,0.07086,0.06736,0.05362,0.04578,0.0379,0.02131,
0.02404,0.03305,0.03594,0.03784,0.04124,0.04194,0.04323,0.04418,0.04428,0.04343,0.04233,0.04165,0.03954,0.03787,0.03582,0.02738,
0.01158,0.02452,0.03078,0.03629,0.05184,0.05685,0.06181,0.06425,0.06506,0.06331,0.05967,0.05598,0.04375,0.03823,0.03108,0.01569,
0.01412,0.03104,0.03947,0.04607,0.0541,0.05615,0.05888,0.06012,0.06094,0.06032,0.05954,0.05903,0.0557,0.04929,0.04021,0.01979,
0.02168,0.02901,0.03201,0.03421,0.03843,0.0397,0.0414,0.04228,0.04252,0.0418,0.04044,0.03924,0.03597,0.03421,0.03168,0.02425,
0.01552,0.02748,0.03174,0.03556,0.05524,0.06219,0.06862,0.07176,0.0723,0.06986,0.06457,0.05858,0.03972,0.03635,0.03235,0.02011,
0.02491,0.02835,0.031,0.03397,0.03922,0.04054,0.04183,0.04305,0.04308,0.04229,0.04105,0.03978,0.03503,0.03197,0.02924,0.02614,
0.0178,0.02631,0.03325,0.04345,0.06644,0.07101,0.07546,0.07764,0.07812,0.07634,0.07258,0.06862,0.048,0.03781,0.03116,0.02144,
0.00944,0.03011,0.04527,0.05988,0.07699,0.08056,0.08604,0.08983,0.0916,0.09005,0.08758,0.08648,0.07495,0.05952,0.04182,0.01508,
0.02319,0.03377,0.03714,0.03957,0.04374,0.04526,0.04679,0.04785,0.04819,0.04754,0.04635,0.04545,0.04258,0.04084,0.03735,0.02713,
0.01725,0.01982,0.02341,0.03109,0.04881,0.05324,0.05723,0.05987,0.06045,0.05922,0.0557,0.05231,0.03494,0.02744,0.02221,0.0186,
0.00025,0.00845,0.01922,0.04338,0.07613,0.07536,0.0772,0.08065,0.08366,0.08412,0.08787,0.09253,0.06481,0.03072,0.01338,0.00361,
0.02698,0.02991,0.03076,0.03164,0.03354,0.03431,0.03535,0.03582,0.03602,0.03554,0.03451,0.03402,0.03235,0.03169,0.03122,0.02845,
0.02227,0.0325,0.03926,0.04837,0.06561,0.06879,0.07189,0.07345,0.07397,0.07279,0.07018,0.06731,0.05186,0.04291,0.03549,0.02454,
0.02272,0.03575,0.04077,0.04761,0.07032,0.07557,0.08001,0.08204,0.08252,0.08124,0.07804,0.07384,0.05437,0.04758,0.04199,0.02835,
0.02279,0.02981,0.03452,0.0397,0.05261,0.05627,0.06069,0.06319,0.06411,0.06223,0.0588,0.05541,0.04303,0.03767,0.03303,0.02584,
0.01364,0.02554,0.0309,0.03605,0.04492,0.04753,0.05034,0.05219,0.05296,0.05182,0.0496,0.04782,0.04106,0.03668,0.03106,0.01787,
0.01812,0.02229,0.02636,0.03397,0.06491,0.07416,0.08398,0.08989,0.09131,0.08686,0.07829,0.06998,0.03986,0.03109,0.02634,0.02133,
0.01837,0.02895,0.03219,0.03324,0.03474,0.03568,0.0369,0.0379,0.03816,0.03751,0.03654,0.03619,0.0359,0.03537,0.03277,0.02168,
0.01866,0.0291,0.03458,0.04262,0.06132,0.06532,0.06877,0.0706,0.07114,0.06995,0.06717,0.06403,0.04759,0.03991,0.03365,0.02245,
0.01918,0.02466,0.02912,0.035,0.05184,0.0569,0.06284,0.06647,0.0681,0.06591,0.06123,0.05651,0.03948,0.03341,0.0284,0.02123,
0.01097,0.02483,0.03701,0.04612,0.06172,0.06959,0.08002,0.08621,0.0879,0.08368,0.07576,0.06936,0.05801,0.04861,0.03522,0.01526,
0.0198,0.02653,0.02945,0.03222,0.04024,0.04335,0.04686,0.0495,0.05059,0.04932,0.04649,0.04419,0.03657,0.03396,0.03071,0.02363,
0.02266,0.02202,0.02086,0.02034,0.02088,0.02133,0.02214,0.02273,0.02292,0.02246,0.02186,0.02156,0.02136,0.0221,0.02322,0.02411,
0.01161,0.0248,0.03404,0.04279,0.0525,0.05459,0.05736,0.0588,0.05949,0.0589,0.05779,0.05695,0.05118,0.04187,0.03159,0.0153,
0.00546,0.01702,0.0282,0.04202,0.05954,0.06382,0.07022,0.07484,0.07682,0.07429,0.07011,0.06737,0.05215,0.03697,0.02313,0.00855,
0.02001,0.02655,0.03011,0.03687,0.06699,0.07705,0.08789,0.09369,0.09509,0.09106,0.08233,0.07379,0.04373,0.03592,0.03045,0.02266,
0.01807,0.02396,0.02726,0.03294,0.04797,0.05145,0.05455,0.05573,0.05611,0.05494,0.0523,0.04924,0.03442,0.02901,0.02528,0.01902,
0.02909,0.0297,0.02785,0.02637,0.02592,0.02613,0.02706,0.02782,0.02765,0.0277,0.0266,0.02605,0.02624,0.0283,0.03023,0.03072,
0.04175,0.05137,0.05209,0.05045,0.05011,0.05089,0.05285,0.0538,0.05402,0.05328,0.05178,0.05108,0.05222,0.05433,0.05426,0.04679,
0.03715,0.04551,0.0466,0.04645,0.04754,0.04854,0.05006,0.05098,0.05057,0.05021,0.04908,0.04755,0.04705,0.04621,0.04587,0.03899,
0.01517,0.02635,0.03476,0.04799,0.07391,0.07904,0.08458,0.08756,0.08907,0.08791,0.08421,0.08021,0.05666,0.04381,0.03343,0.01863,
0.0238,0.02504,0.02568,0.02621,0.02749,0.0278,0.02874,0.02928,0.02954,0.0292,0.02802,0.02782,0.02728,0.02708,0.02671,0.02623,
0.02028,0.03158,0.03858,0.04704,0.06531,0.06963,0.07402,0.077,0.07715,0.07491,0.07055,0.06625,0.0487,0.04018,0.03287,0.02145,
0.00608,0.02176,0.03687,0.05289,0.06642,0.06723,0.06921,0.07058,0.07199,0.07242,0.07413,0.07652,0.06852,0.04998,0.03125,0.0099,
0.01611,0.03049,0.03664,0.04476,0.06589,0.07148,0.07741,0.08044,0.08134,0.07896,0.07462,0.0697,0.05161,0.04406,0.03741,0.02135,
