0.00609773624501987,0.015211873535989623,0.0246734200290006,0.03476415881425602,0.042918772831092133,0.051067752809106866,0.06007729726641857,
0.010245946627117643,0.023770177545552735,0.03657070180000984,0.04909791385101681,0.06022667293100463,0.07032602368106662,0.07935212353942228,
0.00694330517734332,0.016166341949021886,0.024045850722807655,0.030491053306843756,0.03703780864950847,0.045687970326552065,0.05462580355006587,
0.0012998690010835165,0.0010276066130323793,0.00014316820646615537,-0.0015501206372405454,0.007039268945101137,-0.0015550652260301362,0.009340055896498216,
0.0058843573492447995,0.014379111628888516,0.022748621013382198,0.030775701183960887,0.0379861165164165,0.04721315587622282,0.054975823344709546,
0.00858298698023585,0.01974592923808589,0.030384890992671835,0.04080444245099458,0.049889085116754835,0.061913711133587006,0.07182525548186172,
0.008096757012222205,0.022333078444140952,0.03543163130808149,0.04806867508344848,0.06122767408252971,0.07663730773497358,0.09522634784523139,
0.007370528200620039,0.014725675205558598,0.020924813130603695,0.026476346945778217,0.03469958766847738,0.03914467899278949,0.048781583707869634,
0.007641102956348576,0.019182552039710362,0.03005656784560887,0.04124928281991169,0.04994582677745472,0.06004866198734141,0.06999776535738272,
0.004866290523139197,0.009437657162676747,0.011599811699995454,0.015100850629028294,0.018862970526514186,0.02155468536480082,0.02962652812105441,
0.006548498555477719,0.013591701072726304,0.020241555305131817,0.026416248560197572,0.030081023906131196,0.03597413265042349,0.04151353788390998,
0.008018062717967336,0.019133989035560187,0.029369810236570582,0.03818285705150968,0.04722232304249276,0.05906819072952338,0.07084274087077504,
0.004664985303545516,0.012997956379864494,0.01987638384992101,0.026738850954565865,0.033978657666649426,0.04106719005893569,0.047100513140827964,
0.004584034779906103,0.012851565567042561,0.02181205200606034,0.03114108800951761,0.04005189393088047,0.04800495827763642,0.05446449838601098,
0.006477230825313482,0.016541938996559296,0.024901895955818116,0.0323114158534167,0.039494923657547726,0.04540875907788384,0.05156669127900048,
0.006408730775949566,0.01449061575644645,0.022394278545247562,0.029371661891878415,0.03577650192542915,0.04199353306764033,0.04737792993435649,
0.00607960813421311,0.014287934835613953,0.022519572424654466,0.03155942374409492,0.039851892918143415,0.04613584184136293,0.050549815148125475,
0.003974837758329076,0.010881552210441377,0.019070374955349755,0.02590494893975985,0.03237485072597627,0.03963679184860569,0.04505840177614629,
0.006462068672440069,0.016564312845639043,0.024532196557183642,0.035916326439467745,0.051000502643352534,0.06337588357717731,0.0813899481381986,
0.00430838789051215,0.009697259028015354,0.01566013885527878,0.020838740986146312,0.03016989098351712,0.045619685171751724,0.057209576162915575,
0.006039846075778665,0.014872929319455814,0.022777716974422352,0.03118192657674083,0.040847668281517,0.04772875179777683,0.05557783993126713,
0.0088167802705443,0.02037529666296579,0.031782981839048596,0.04233753237975558,0.051975561435334335,0.06221655192603291,0.07109546139447405,
0.0006301292757229323,0.001377154494993659,0.0015186477105378444,0.0005394660442955621,0.0008918858410384474,-0.0026370499194518014,-0.0116101975834235,
0.004576065459934887,0.011028010813341678,0.01652506914391733,0.02167951376636658,0.025852885991224803,0.031477695881863145,0.03600631247899554,
0.0068183951484489915,0.016595039338178477,0.02518893791367853,0.032406383947304,0.03879723498063257,0.04597884234346918,0.052740303790067805,
0.007164305322316488,0.01838336489092907,0.02953688135724875,0.03950486909697127,0.049917227307384605,0.06268804803054479,0.07137492655758251,
0.005886879031950513,0.015304491711184419,0.027370981291896964,0.042149561702708095,0.05508796930988807,0.06464071759584217,0.07559421671175316,
0.005073583162398434,0.012890324776364072,0.021751118382607113,0.02971266511301662,0.03717941750040363,0.043526559455916554,0.051268929419923566,
0.007968145450115484,0.019982926432623675,0.03131487353143805,0.042486169508548666,0.05267342341726288,0.06312355620239322,0.0739929382633753,
0.008820486607167501,0.021322690399709746,0.033806520760263685,0.04652636091159393,0.056848949663971284,0.06651081720955541,0.07875771532307745,
0.006454988475498933,0.01637568222678644,0.02530518874144963,0.033434812931274004,0.04015586077002863,0.046348101770065646,0.05582814184689099,
0.005404782492135344,0.013865057051405373,0.021732820402209644,0.02850326157810289,0.033405536941761856,0.04098748731474877,0.0476488859460816,
0.007253289662118354,0.01946152169042375,0.030878611565138898,0.045454786558222944,0.06040676188519176,0.07501211248982996,0.0913141366330511,
0.001961228856225203,0.0044935718995208615,0.00611137011285645,0.005771628127516626,0.009420404829456141,0.013986073790180097,0.017516279610366996,
0.006199839312864599,0.015558960890025524,0.02366943004205835,0.03409387018912294,0.042709740633143256,0.05158659889937585,0.058039570901007385,
0.006536953081717825,0.017354563177753843,0.028947207410434658,0.039469897884037757,0.048064210518027124,0.05714216991111941,0.06935170535145557,
0.008547078273530066,0.02098890903314193,0.03279771777973859,0.04565339066811012,0.057930334088353894,0.06806457701226348,0.08064844513286239,
0.006763647387321301,0.017410760113304443,0.027175494695178312,0.036172540535490336,0.04232821701034882,0.04902407356473049,0.05772364538355485,
0.008936293868547891,0.02192745272574454,0.03384657102325051,0.04352513396165175,0.05067823169622709,0.05841702784868049,0.0673869675162708,
0.0046818046013212405,0.012396208521049527,0.02065726687140737,0.02758943748870617,0.03418692036856718,0.03978680240959276,0.04659201338072866,
0.00887834447071023,0.023043672019649172,0.036507575849713654,0.04954038460764209,0.06027470032705023,0.07192299128536733,0.08605990699159247,
0.005558417579054734,0.01164454899164127,0.015327919805373071,0.020294989381260113,0.024112576555129144,0.03152740083498932,0.03896169128429505,
0.008663656212707148,0.01809679951373494,0.02673732527610403,0.034705549267573826,0.04055766262292994,0.04661769013313292,0.051927032022460046,
0.007933657731317703,0.01924930268580494,0.0294691760593827,0.039865499344522416,0.0501549211499836,0.06472807290369081,0.07494741797486237,
0.007932256955221177,0.020028635502950597,0.030510856008049814,0.04018152615463145,0.05003705129180657,0.06046988250544416,0.07570230444305164,
0.008790969406475916,0.02372564087529795,0.03847423239703895,0.05240769100443642,0.06555008574684626,0.07735820055760724,0.09324133031592417,
0.005558275203799542,0.01245999102605742,0.018596223638239495,0.02539337265762067,0.029400687735505308,0.037283997900948024,0.04255505722009269,
0.009894724284870949,0.02558271153382056,0.03910600058764757,0.05026729712790203,0.05939294024040099,0.06982075204689611,0.0816122216653259,
0.005590490732015218,0.012663861535867547,0.016789216415319178,0.023666111308902064,0.029449615645836452,0.034771694172197484,0.040323148908565774,
0.007214218122018176,0.01743391477573713,0.027641743371559325,0.03718156365462289,0.04716196016511367,0.05603118305265215,0.06647925528671726,
0.007274391524959891,0.01690683599192509,0.025834410625989214,0.03686034450194742,0.04582676864851868,0.05408571024131434,0.0633905460943482,
0.005898235651301355,0.014597477539758527,0.02268150355792301,0.030829755275338183,0.037420062236523506,0.04342878963287727,0.053452642287897006,
0.008825297846786567,0.019979834549631828,0.030988001086272646,0.0411203917728922,0.04952823243548028,0.057741043636010465,0.06614764285215254,
0.00546234902863681,0.014639494968673393,0.02491322561828263,0.03375123511803532,0.04289784198280027,0.048497668633057316,0.06028856619394045,
0.00872580592446204,0.021443956640033526,0.03288177147791994,0.042979795849870335,0.05084585918319134,0.058599032596828346,0.06530339851569414,
0.005135084796948074,0.012506362308220286,0.01827878808074884,0.021087069833511447,0.024712297603564085,0.0369073471083565,0.04365333831017014,
0.0017508144792324413,0.0024876426467732317,0.0039885590113823265,0.005651822049671961,0.009107655777658017,0.014467173117467499,0.010352132145067819,
0.002515780862475449,0.0034294356639272424,0.0031665228460715346,0.0021168808316797665,0.008325614453468275,0.011686539350132067,0.016669679441617232,
0.007532691127416715,0.01774709445293898,0.02724315420442599,0.03751275539953547,0.044814151123322335,0.05575241826329868,0.06086568933937377,
0.007839799229407774,0.02082645819777613,0.0351893129812404,0.05153157631251295,0.06748465389732589,0.08379499031771576,0.0983912689226104,
0.006192908291231658,0.01555191648552135,0.025474282697572893,0.03493828473031166,0.04461142509058765,0.05717769465493235,0.06725488275144834,
0.00746054688659913,0.02018958980996648,0.03454037641378206,0.05111871965872527,0.0655475283210878,0.08334525650400343,0.10171852426704685,
0.008002132674894365,0.02025258396363894,0.03305020561198765,0.0453434038008927,0.05603020797151205,0.06711575011070067,0.07696307254984604,
0.008922590187965953,0.02326107695543246,0.03702169076604501,0.04852511168453957,0.05731470508291395,0.06483181321608285,0.07373589795787171,
0.006117134419226336,0.016789124117839675,0.02625054050225909,0.03460274302084786,0.04159091553077368,0.049710037883249035,0.05845964712292418,
0.007751629261499389,0.019459448278822344,0.02966505120714957,0.0384323219720013,0.047280107011626535,0.057391738632495824,0.06900011277839196,
0.005352865928013429,0.012022741585550943,0.01810255739269202,0.0239769377426248,0.029272432334012364,0.033571975524613745,0.037856305115996226,
0.007484387592942821,0.01882292729805181,0.02974885072821468,0.04098002530370152,0.05249887834841907,0.06328548152420965,0.07284373792066012,
0.007806576242051386,0.01834626265123035,0.02816590670312135,0.03806110411508936,0.04715120340485727,0.058614754917455436,0.06656774160888641,
0.01061991357631245,0.025023240928993516,0.03812349958284678,0.05207067984943203,0.06422461082652571,0.07487552840393001,0.08664400130354526,
0.012597561338820841,0.034254577926814335,0.05651108619378462,0.08047261720897557,0.09989590759067564,0.1200648964189322,0.13946371458641935,
0.008031716247324787,0.02298956759810706,0.038105524949239473,0.05376918958212361,0.07099121749794789,0.09170571605415624,0.11667609957710445,
0.005183473516630915,0.009452211973922993,0.012197007764873402,0.015265930858634263,0.019132790360246465,0.024815123437396863,0.02604816354440365,
0.00859366308747278,0.027051856378932784,0.04472491657443988,0.06250628878009044,0.07873544641670872,0.0961642456565011,0.1124922403086187,
0.008107574236501068,0.01988636296085583,0.031037727545704517,0.042415330041122495,0.05415764340775701,0.06483877574060568,0.07424176122208602,
0.005670957033648715,0.01382706615309132,0.020018163965214563,0.026974570057619253,0.031236325513654482,0.03912031432969776,0.04305331128115991,
0.009241364422836294,0.02329580263254379,0.03555053501927305,0.048400290540900746,0.05984329309841208,0.07031731141575229,0.08074646352687931,
0.007149337416005506,0.017261074364513643,0.026895639509433807,0.03568157806117711,0.042969959532845534,0.050098864062107056,0.05841002127659234,
0.00402845331922858,0.011514210626981417,0.019034047916220324,0.02750880555590918,0.032805335243201963,0.03930025268954517,0.04536693856636728,
0.007001332276828645,0.018013680316501638,0.02858093333841575,0.03996950833571268,0.0513826985247269,0.06119458090891632,0.07070634491145095,
0.0026172264167663166,0.005244362673274376,0.006734338526226958,0.009878945301014526,0.00903393045143672,0.010013641014116142,0.01251698545022459,
0.008514959738170623,0.025809946139049487,0.04412027298575933,0.06441750368059022,0.08139501898237002,0.09994459846850513,0.1162841890341078,
0.007053342626727492,0.016904975434665057,0.026268032492026843,0.035144263147064966,0.04260494040883155,0.05044071973928777,0.05870801290692287,
0.009243438027948447,0.022374795995914475,0.034454188940975065,0.04470158402576627,0.052234112829630995,0.062064291788955936,0.07096746223865066,
0.006656026922585862,0.01469216591118226,0.02163558720979575,0.028245582441529752,0.034380431474760324,0.04246963552793361,0.04975511263314712,
0.008144415497094692,0.019392994416630224,0.030479459574205385,0.04026260939307502,0.051091122616793064,0.06380456515353775,0.07369526607717608,
0.008017993579787821,0.02066744195772024,0.031779895232030196,0.0428115251958857,0.05304659503382622,0.06331413426759543,0.07555821315871576,
0.005603008914971116,0.015833395308594286,0.026481295809472897,0.03827924109207059,0.04946538366999286,0.05899309421420982,0.06911431247600403,
0.0059223582344778885,0.015240498743311084,0.02387839194290735,0.032244120499705715,0.03912446702931894,0.04539638357702242,0.05283921417980863,
0.0062228631843087145,0.014406311867105009,0.02189182900318161,0.02795189488622492,0.034091781002605376,0.04102072469399956,0.05123323865498986,
0.008655630521553048,0.02030213147562226,0.032451239942080885,0.04362831127795089,0.05460867101434636,0.06524779979012263,0.07467525962347811,
0.008582217008182099,0.020282130022063964,0.03145360070081352,0.04315270998351599,0.05220978644749743,0.06246971904424564,0.0707093307727116,
0.0075242923888457795,0.019768740028463568,0.031936046252914324,0.042670354471412424,0.0551318751422949,0.06993388446044241,0.08587550672671433,
0.007497598871386938,0.01596522010727865,0.024027046183942243,0.031886623472807386,0.04080496811843079,0.04875796165217218,0.06055789943953518,
0.006902575766020925,0.01778807964028201,0.027797979637034072,0.038454403126943267,0.04595988952057626,0.059657816883975125,0.06723093139809704,
0.007100565866018472,0.017437469608676263,0.02897069510382456,0.04029115607986478,0.05144148030749305,0.06747785761605486,0.08095873037541605,
0.007803803713068112,0.019921795286339097,0.032532000484140074,0.044987350918221876,0.05686834447021261,0.07035533307842544,0.08347730863669178,
0.008455969328306952,0.02058648187661284,0.030658684751126205,0.03944052124074904,0.046532284688630805,0.0544336184905013,0.06326349710798958,
0.007658867619438449,0.01905658517765157,0.028894983166158173,0.03957233634268198,0.049052611671174605,0.05788661720750551,0.06939190952505774,
0.006088781816985256,0.013426263146915394,0.019530065164575575,0.024711866486389945,0.02975314329744631,0.03724362908054998,0.04199878083559171,
0.0078073705794692375,0.018412109534001502,0.027773662083192055,0.03673748781155158,0.042508557940324015,0.048765737127162,0.05471169308843954,
0.007766612494079579,0.020539788579100108,0.033531435227041606,0.047241837231773304,0.058060433146187564,0.07108499000356819,0.07992702902670092,
0.004621821641682109,0.010758096904593166,0.016639557639634036,0.021185213985988712,0.03158131938912141,0.04091434996865961,0.05323537617869374,
0.008397841461354055,0.02208823189244584,0.03695255881433421,0.05010680413920802,0.06335393379000265,0.07571999665254907,0.08722317369308469,
0.003805909751261716,0.00824531344918423,0.011239852862278578,0.01525519690562699,0.01830739472104193,0.017675897602220592,0.02012841415985855,
0.005307043350020525,0.012118923269321272,0.016136172372885213,0.021732751414548727,0.024465645907539777,0.028739359996839586,0.033220528275943774,
0.010872366493507315,0.025979637589457243,0.041014331448134385,0.05663415683528353,0.06861169976586518,0.08108074682065403,0.09122025128256342,
0.005854169588364206,0.017003056718237236,0.027688397695475157,0.04066065182982154,0.05035165170799457,0.058041387883464524,0.068483095257038,
0.004156378333422544,0.008429203846818197,0.011312912423592917,0.015381424682997974,0.020841647596494758,0.028742762739310656,0.03611613265985399,
0.007982946852454011,0.019950183531278583,0.031280658680387756,0.042375578335720566,0.05125792306837194,0.05972632638886752,0.0687074929933178,
0.007986789047876449,0.020265702955899523,0.032099727371468906,0.04515282824088104,0.05741345894175342,0.06975278791451262,0.08518352885602372,
0.0009434019383084171,0.0015174722056330188,0.0010481974856525456,-0.0007692726037569567,0.00019318032721353528,-0.0030111198761969917,0.0013102998959268195,
0.009447278240477634,0.02212398425180309,0.03543248850049117,0.04761085313093097,0.06021685512315233,0.07236960462064791,0.0854374774914382,
0.007072733443380368,0.016838885325241706,0.02588277444693565,0.034850617979854,0.04191797500383076,0.05065862834419476,0.05900527084774324,
0.008956033102978352,0.02239156933418895,0.036192273941912614,0.04950766822435812,0.06123137248317525,0.07474421471511673,0.08811938262741313,
0.008900910584708075,0.02630011250227994,0.047070113603144705,0.06986764226778151,0.08904395231228796,0.11165723030353956,0.1364953058565094,
0.009235057228384582,0.02698803877342647,0.04538121210627605,0.06539154161180953,0.08294053338366679,0.10103790019454278,0.12007940291904216,
0.007909770387885104,0.018874364067837664,0.02967604394532675,0.04067477854253331,0.05061831978343564,0.0626693232785606,0.07131565616347336,
0.007294677927608484,0.018197785648888406,0.028905031585595434,0.04234027287250076,0.05578217430884449,0.07274820246724076,0.08979670322763035,
0.006074466938158937,0.016409139552135747,0.028760915843875676,0.042394421447086494,0.05539570174419,0.07464506436001977,0.09690096657688291,
0.0064433786204908345,0.013524493920104887,0.020889332675043618,0.028122303805181378,0.033035567038013386,0.03776879441821015,0.04496336953645257,
0.004425298753475252,0.009020576721008748,0.0117546674380087,0.01401115024888571,0.01754385964849386,0.021010768126845932,0.02679093105987343,
0.009063693079255397,0.02256835415930138,0.03454072234106908,0.04555964404640577,0.05599341117026962,0.0683338184751243,0.08071344159467214,
0.0063254392104629565,0.014123515995333742,0.021491196963229226,0.02908483965281345,0.03717114837918113,0.045559143880484904,0.05273246011965951,
0.008064625329904733,0.02086047375745004,0.034186348281869144,0.048206750779919566,0.06125768638886188,0.07549774466113847,0.09065801397010514,
0.011592480191704986,0.028060964404133994,0.04390437142308731,0.059779914747521014,0.07367685750088084,0.0908905019060864,0.10814764589510518,
0.005859098825844021,0.014190181454002413,0.022284997833786666,0.030633505127359285,0.038318226232419754,0.04562945923348047,0.05151572872733998,
0.00841216954437641,0.01971155414778746,0.029462212316775663,0.03840172780345608,0.046210385809206556,0.05340962195184646,0.06255196718901312,
0.007794666066395895,0.02018364853971671,0.031346908452849626,0.041615116478083365,0.05023547366160363,0.06006351563716888,0.0718311455258487,
0.006357588480073913,0.013756456108882686,0.020574990221047307,0.029550022042529694,0.04028759238992619,0.05031656933031667,0.06564813212774351,
0.006235826539799881,0.01901740418698283,0.031507749592959246,0.04594839352371772,0.05590409572802366,0.06888939089925207,0.08403142919487472,
0.007338137433135391,0.016795164410993213,0.02493834715725866,0.033567920388370566,0.04078712866008773,0.04534428866559586,0.05716135095919331,
0.007833028683144063,0.018351139132810675,0.027146634792615608,0.03531231902134545,0.0437984100029939,0.0553914622918698,0.06649726447190546,
0.007186668151888285,0.01802809539032439,0.027391903888520894,0.038166625956937754,0.04668444713886546,0.057343766349315116,0.06996156455102469,
0.005116410210002031,0.01080950562179281,0.014998638438907802,0.01842373994929571,0.02252862116329693,0.022763683147061207,0.02756745791276921,
0.0057320650892182,0.013732929931741931,0.019692361450476707,0.026216316516916457,0.032171785391159134,0.0400281569267481,0.04704356855658562,
0.009028015506649363,0.021387676742600007,0.0341653305106444,0.0464325395870026,0.05730401056556821,0.06725107170300683,0.07845472971469665,
0.007357526296638891,0.01848438791430868,0.029657181001821832,0.04099155835048452,0.04926187901670104,0.05646092660491134,0.06486307879175436,
0.009066624125089044,0.021635335097631662,0.033615432702051244,0.04459177051032724,0.054638105652282144,0.06371839475804396,0.07338674744889323,
0.006484402980132086,0.01613878989506691,0.02497365800806014,0.03510380284721085,0.04497999201603789,0.057847675251948276,0.07046887462962229,
0.007228182290785108,0.01640290753171996,0.02467782857065007,0.03221756504341359,0.03904753844863417,0.04567016032897627,0.04891588699178577,
0.003122888052999539,0.005145882028564252,0.005870445557845891,0.007053995922655467,0.008498552980804826,0.008395965701291759,0.010045230983049902,
0.005884878364723503,0.014588146599343542,0.023809675761674146,0.03322017004000478,0.04169591456218621,0.04952637490435317,0.05918794519215414,
0.005568326422283737,0.015444244852147172,0.025172222572006166,0.03716184832458247,0.04744581748155773,0.0601860771767422,0.07243457571172035,
0.004844565263938683,0.012544309858380865,0.0212056845004856,0.03057701862780557,0.03812099586734243,0.04575912219313682,0.05268957786324138,
0.007772088608512417,0.022934648145586954,0.04094366761766278,0.059005041356249725,0.07322440232281574,0.0902470904707021,0.10844569045725712,
0.005899783468414764,0.014248829549791564,0.02367569341191707,0.03439868470518889,0.04392939761812623,0.05534491348282352,0.07404582403526389,
0.008516081736800438,0.01953901347909649,0.029553607175727997,0.039784933133772966,0.04849456066915243,0.05710927620310174,0.06633181341887288,
0.007902425446030372,0.022433332119822933,0.03909977348478665,0.05719848612301528,0.07342616055930852,0.09087210597109062,0.10574833769789663,
0.006028168033702431,0.015995860331423643,0.024930039381604586,0.032782610579888995,0.03852777042664124,0.04550400935824919,0.052543511330403546,
0.0043989366377724095,0.012406072025075293,0.01922209265391373,0.029822734979494718,0.03954932158829249,0.05354069754025563,0.0678060105995659,
0.008989206268172463,0.02231337805721179,0.03483043739500978,0.04727932527514155,0.05724101982430406,0.06649109645575722,0.07402160501360905,
0.007143212201044088,0.015961662650851704,0.023689527392002547,0.03163475117003855,0.037193729560653144,0.0426237062672162,0.04889410534228638,
0.006683909688642852,0.01616280540635945,0.025154335213780413,0.03349240408722899,0.039710190698532426,0.04616023285950269,0.05364141074384152,
0.007179651719766303,0.016376677556559187,0.02388582149794441,0.030886968160799586,0.037364162913271055,0.0476519919174069,0.05616393376519403,
0.006073695808808574,0.011671864864861497,0.015801389731538485,0.020083233111786114,0.025545783523807923,0.03219153737307457,0.03654381875174452,
0.005393834873054495,0.011445615959260115,0.017554745302026768,0.021708235592297016,0.0263983488268617,0.03269502787907486,0.03741442397811315,
0.0074742220794729785,0.01808619959014095,0.02828560102833141,0.03870526654934236,0.04995562925134171,0.05941133128532343,0.06906459750522023,
0.009081631964546373,0.024417121997175602,0.03845758330414514,0.051520638163600446,0.0616974469411582,0.07421553205314164,0.08843347217187342,
0.008295326354750497,0.020577691727806234,0.0326011469650479,0.04347354040052052,0.052251325924018495,0.06284898856757958,0.0752322608562652,
0.008620103047574323,0.026084816884763662,0.046531404082082034,0.06850134561791574,0.08570421056465624,0.10089321354160301,0.11939674651083841,
0.007184359958928973,0.01833036782008411,0.029554748627877093,0.040390987975178504,0.04963166331170576,0.057167559055425955,0.06398585582987605,
0.009077545931936111,0.02232776378862052,0.03325862287508007,0.04372534594829957,0.053705360545572275,0.06483491674348413,0.0772107020287453,
0.005574975671303003,0.01328719065070535,0.02054011301960074,0.02832803943804851,0.03488297175278178,0.04191741461071047,0.051009429664961047,
0.0005201097353675983,0.0013138320516373478,0.0004719275821928026,0.0016611905175338835,5.808685153485809e-07,-0.0011325545570076948,-0.0032172978391108095,
0.009089394467419439,0.021251452504552862,0.03381746114830207,0.0469100555994207,0.05786925476557704,0.07016507506480713,0.08108315515590107,
0.0027967116351834734,0.005226636376425469,0.006248626033685479,0.007443602067384028,0.01086048118984596,0.018213743837736787,0.019286022156411273,
0.005537998677704218,0.014260355559435832,0.021651592936016137,0.027598465055041696,0.03220596549399224,0.03812929444150912,0.046067144782502824,
0.0069739720328757535,0.01667080584197882,0.02467775464587874,0.032519608784741055,0.038050414927968144,0.04510159337895505,0.0541609603342603,
0.009138946976579554,0.022954437879255187,0.036212265162514204,0.047331432091158476,0.056952493210701526,0.06733995645930671,0.08036666369246624,
0.009999588737692772,0.02302796873574068,0.03741694308555832,0.051083978403845334,0.06464808177771353,0.07791693169507058,0.09038605814295783,
0.008610827125193257,0.023204054790442668,0.03649709655656033,0.05006228907868148,0.060726100599850064,0.07488329150951417,0.08799894229338456,
0.007086708649127118,0.01762158642423022,0.026595485232214295,0.03334072306908377,0.03984935906273366,0.04732661053035513,0.05533356068410285,
0.0012639471563337008,0.0021265629637528,0.0023277682530800366,0.0005901405740389856,0.0027788616869811795,0.001577377834233592,0.002367987109992664,
0.00503503177317294,0.010551379469908709,0.015159579567417316,0.020567001870413427,0.02848427071015862,0.03701747852335159,0.042060116273000735,
0.009419434421058331,0.02389914140160859,0.039997976425498835,0.05626574753083998,0.07270437572052396,0.08880046671980933,0.10413044276295139,
0.005777833027241654,0.016709561907842944,0.02821673433518779,0.0396436046777241,0.05001043333804676,0.06126184787407519,0.07166476580362337,
0.005516959075838675,0.011173354392753021,0.016935319113045036,0.022137154120243977,0.026659996334613027,0.032623843544936096,0.03968464055544848,
0.007282932389536931,0.01738806487718335,0.027733167741621077,0.03746185893395004,0.04507902829039382,0.05357519499133158,0.06098236636562216,
0.0043646855611550895,0.00862860915072164,0.010619348773063697,0.012244324720298589,0.01563511104083348,0.018109298477886778,0.022834911509347425,
0.009297316648049916,0.026881256363441207,0.04592200207504063,0.06833600869579465,0.0881776823162444,0.11210361360517734,0.13745818515442074,
0.006115564037042686,0.014582924733437417,0.022755441652124873,0.031822156347717005,0.03912061916356003,0.04591122253223505,0.05344245776131849,
0.006682121711101051,0.016206398598016376,0.024785355004884227,0.03245082795446964,0.03877547837137085,0.04403921677760853,0.04985258283742706,
0.007426226383648212,0.0170024127044439,0.02741517487665369,0.036276300133918554,0.04486212100170218,0.052690269706282634,0.060888482943404425,
0.00784723186660796,0.019519776994859236,0.029166718472840476,0.03986675889744174,0.04904807943565712,0.0612804240553999,0.0724302250972693,
0.0025743368224218073,0.004725958303409047,0.007633856988056734,0.010118864066383095,0.012034872822525381,0.012968100292295824,0.01847462017339208,
0.0001775564257771272,0.000328166749054509,0.0006900556683649878,0.0017062312143128519,0.00293343548294146,0.005502479080420988,0.0019266501637861088,
0.007140460922605182,0.017361108271157076,0.029086373977209826,0.04135158231212866,0.052721896389099715,0.06389818476876795,0.07388567538009742,
0.00615727202837424,0.015387408696749783,0.023370700106728638,0.030640211648775628,0.03661828397693062,0.04258784288252924,0.050947280602169964,
0.007359705864906641,0.016345851724216008,0.023795131128485546,0.03210619198255999,0.039950879126614984,0.04985706796712109,0.06087613498197786,
0.00757541138386582,0.018096827384777,0.02672270321736468,0.036290994666203974,0.04665491620170508,0.0595764598499967,0.07309048356495577,
0.009547260760358599,0.022010704283162617,0.03545237222370741,0.04941574775780687,0.06198011754157718,0.07547295487755423,0.08712031271082349,
0.007835368219817838,0.01854002164554058,0.028924258743350494,0.039220146325610335,0.04841555453639063,0.05878014279409704,0.06875595001825067,
0.00983899316065483,0.025343970969449438,0.039175351521362374,0.05331306181250833,0.06578388153384608,0.079366956918809,0.09442270771996068,
0.006946620893446569,0.016200219922711902,0.0254251908394955,0.03370945444363388,0.03995602109912966,0.045603709300401404,0.05042735243428535,
0.005338484313603147,0.015374682523163458,0.02530527850668831,0.0348445997670641,0.04363743135835209,0.05522166864528042,0.06789869214300556,
0.0037085037694309566,0.004683302900800242,0.005200940254185838,0.006971753183340886,0.010269503041416373,0.01114295180019524,0.01612730234857332,
0.005491137858283443,0.01250199747389119,0.018181499632036864,0.02344156441768276,0.027896075578863245,0.033348937309891184,0.03909703492715067,
0.005653758701728539,0.014254867562975034,0.021995532609969077,0.029079686680890223,0.03675524558506081,0.04716837471838517,0.05753169341879648,
0.005424413631292963,0.015816310520411974,0.025741753656890076,0.03562302139799224,0.042904901016190364,0.04925512616739866,0.054499804449003424,
0.005918372565877424,0.01313976416710656,0.0182233374258697,0.0226215149455052,0.027717921083840313,0.034605377340317864,0.04066916111662183,
0.008509075870263332,0.021606027306164656,0.03276311341757404,0.04376677224222015,0.05347359882504095,0.06463887750037638,0.07599493697166618,
0.009460683220803788,0.024496931668410323,0.03999499284052719,0.05789370586716029,0.07416272271235018,0.09168182990009296,0.1090368562648826,
0.010472362026801855,0.02632290943633367,0.040680783222171626,0.05506913159522497,0.06811470825897815,0.08346444637563967,0.09786806001136021,
0.005614666937762583,0.014242701791025929,0.02328410484772547,0.03319056331848877,0.042323821720768505,0.05088099210856179,0.058786326727432704,
0.006622621652069969,0.015363977870831685,0.023779412094265887,0.0313772433424076,0.037757109370563355,0.045711128401659966,0.052883636370727474,
0.006795322542310824,0.015724225726051703,0.023790029179110137,0.0314272041901944,0.03859683260236756,0.04721494669163046,0.05595095596033421,
0.002195349283556703,0.0036593257628851996,0.005722711489229627,0.006395449565087683,0.0057926771670262275,0.007384344973452601,0.0018490767017980735,
0.007673440962012651,0.018002761937863532,0.026475145358536976,0.034915777923275576,0.04399829787746221,0.054945396782769045,0.0666656742428201,
0.01188821735308006,0.027024377851863592,0.04167227728755402,0.05723000952655447,0.0709678266318773,0.08566959548628593,0.09840776671704038,
0.008315045488967842,0.020530689439706935,0.03149874966535199,0.043554026429564685,0.055344929730717175,0.06925213318990235,0.0841441709045655,
0.0025889540466992747,0.004709804954484806,0.005908057271836859,0.009811065755776166,0.010830673178414255,0.015823543716194575,0.02469727343679658,
0.008678340140585451,0.023752919866780065,0.03990840201072367,0.05674157870927071,0.07293855555126472,0.09173891124953894,0.10782022641372531,
0.0058007418421109755,0.012349283369550396,0.017611184987566225,0.022134476593226867,0.02727786906801821,0.03367031008518823,0.04017504194915866,
0.0069774156052915095,0.016763737179925606,0.026113140675157357,0.035300146477210304,0.04473992330661604,0.05738453520389132,0.0698168423335513,
0.009222038704470149,0.022805751175052427,0.03570931410751132,0.048845198937527236,0.06046576210599841,0.07426260638213879,0.08724602534472,
0.007255632480926756,0.017608969282243772,0.027652912781961865,0.03735180385388404,0.046100715397064576,0.055270163718471786,0.0638804558649061,
0.00884023772348702,0.022170291761531898,0.03343110605057381,0.042855743897792405,0.04715849018907823,0.04632271981592066,0.039952226671075244,
0.007283628338722473,0.017935256470900208,0.02777830728211253,0.03702981634076875,0.043629753751941835,0.049548028816534494,0.056908591188774844,
0.007376561198051263,0.017212448605486663,0.02579283074657031,0.035044734845503585,0.042903487991326414,0.050471226364066944,0.05668434052855115,
0.007602679112624227,0.018505407388763852,0.026989346701010747,0.03485439085743545,0.04178804322905433,0.05115866736208407,0.06090981057575519,
0.009823245033044672,0.024995873692407845,0.03751036485288494,0.04834375861692058,0.05792672930947533,0.06975909403396952,0.08332174629678817,
0.006284160276371887,0.014631565600447899,0.022775862721387298,0.030912165947710527,0.03813703214100994,0.04492814473726522,0.05216015033135221,
0.009074525577862815,0.023829522839891138,0.03902498498408225,0.05592875143301156,0.07256914837076021,0.09218734833748214,0.11229438239377619,
0.0072351386590863,0.017806107397749578,0.027505385207397225,0.03739115646027157,0.04538198425116963,0.054394651212658546,0.06384203256926209,
0.008093271312736855,0.019790884201208225,0.030616948050425048,0.042633946364403444,0.056546619657955544,0.07289722879588115,0.08929469983760334,
0.00812775747808582,0.01996424441414391,0.030723058974825912,0.04130431229639148,0.0524438453745658,0.06500265613499856,0.07856369809961947,
0.0052070988780145225,0.013198779410445121,0.02201187652371532,0.03145386068744921,0.04058753070633082,0.04903285198329198,0.057172004310757675,
0.0053561076341044275,0.013620968800040633,0.02214985184265296,0.0304260905841997,0.03838773100949199,0.04634048929584651,0.05587070582348568,
0.0033230398790354836,0.00650173430134744,0.00934202719997469,0.012471373697455906,0.01622529200786906,0.016292155223419976,0.018142411917605107,
0.004317318911581381,0.007452881477591373,0.008079794829069894,0.00810053905730529,0.009929623960018228,0.008178099933887864,0.00939562864286358,
0.0087656780709055,0.02127186093120463,0.03280421347337102,0.04409604315161709,0.05418535685392282,0.06580421957109893,0.07581098094690795,
0.007444900206862374,0.017667151364393015,0.027554605472078365,0.03573402924793451,0.04265685951405024,0.04883342407000239,0.054143219556037056,
0.009686923912187064,0.026764677065524812,0.04420056502618863,0.0609819369541055,0.07537643870273449,0.09198614396811898,0.10921876311230606,
0.006627606293049849,0.015969519731449992,0.02384453271436726,0.03179856435216254,0.03951811711527948,0.04869855712022368,0.0599597965097498,
0.0073862285623207445,0.01872825723142988,0.029539347996220936,0.039312659356204115,0.046417870284370714,0.05291808300353292,0.06036163676211019,
0.006833793401699155,0.014828321154058558,0.023633342252672655,0.0316458074704948,0.04023964777117247,0.05174100272705878,0.06081759347570414,
0.004675690884445328,0.011307329452202626,0.01632269303968226,0.020116514510313255,0.024729500968984276,0.030341502492340803,0.035676941865575594,
0.008360644020352461,0.02115383666453796,0.03209055433988438,0.04229826424985121,0.05224683425805434,0.06502100697324718,0.07877302352428438,
0.008520977576063005,0.02330764840630294,0.03769482937440125,0.051291625450613006,0.06304796410200854,0.07781086211091857,0.09348839770255621,
0.006232142099899174,0.016998425968278028,0.027824448329155576,0.0376734529865787,0.046250791904397875,0.05522106254305648,0.0655531177525535,
0.004687857500022881,0.01113657052250276,0.018877119302807003,0.025562417631880118,0.031230703083846137,0.03627173254708629,0.04166325451267999,
0.005924969460874434,0.014659980646837814,0.022679597136529676,0.031103200455916705,0.036547636336051764,0.04246146363385883,0.04785772382972389,
0.010128138124902935,0.024611420672436872,0.03763178363058989,0.05024588483886684,0.06240723591204032,0.07626138260888374,0.09046384268729175,
0.009508651247266235,0.022245774543732433,0.0338259540464916,0.04488672269453807,0.05362940383289848,0.06064604831548689,0.06823418686500038,
0.007665790804102178,0.01829408199667893,0.027138931783654546,0.03683824791383559,0.044899509836412846,0.05496723885636761,0.06433836673673499,
0.009699296003557397,0.02411794145792418,0.037237066523707806,0.050797063465413565,0.0633210381959759,0.07830018350994158,0.09105608689633582,
0.008356736487458891,0.02095605071634663,0.033600686756218835,0.045937104740475035,0.05676366723205994,0.06842243869270041,0.07984685168197059,
0.0034361043301445963,0.006545689851414839,0.008642701835905936,0.009629896902234817,0.012422369535479493,0.009919638172445802,0.012684479830716047,
0.010984005472942931,0.026315954067736316,0.0408067886648464,0.05408606881483052,0.06556979041552188,0.07848894761293393,0.09143449502545539,
0.005607878795400144,0.0144731412403729,0.023732181904076482,0.03201914608055035,0.03870336420823234,0.04633652387197366,0.052920451284242144,
0.007693309052454746,0.019150230703969456,0.029400592301314456,0.03829504799974597,0.04623813330434072,0.055878125028879726,0.06599025209497167,
0.007145718098334766,0.01724527868374007,0.025871684693922446,0.0337780055296253,0.042257995190422615,0.05287241782575692,0.06398985958308459,
0.006916183134392245,0.017526537764020675,0.028271715866137442,0.040018930722212055,0.05083089430928321,0.06142508998223172,0.07158526928662935,
0.004645464839908019,0.008508691036672072,0.012032972721174807,0.015975637363108926,0.020551290146532782,0.023583125878286273,0.027014396814845038,
0.00673214087654712,0.016694630345297053,0.026788673783803653,0.0384414829278592,0.04989321443478705,0.0640454459239326,0.07631532702006395,
0.010046302635476958,0.02618237809803121,0.04154599007073938,0.057883263118616884,0.07270113101860606,0.08877161315825909,0.10648112906929545,
0.009136442452963913,0.02271789439836969,0.03527084742884121,0.04712787172582647,0.05685611865376398,0.0691871427754709,0.08202749553537327,
0.007008663420660456,0.018425615604072652,0.02961743330867843,0.03985783797690589,0.047755621112373366,0.05573444095000171,0.06319992821556931,
0.0025798143683859335,0.004499190935170364,0.006682994497210678,0.008397284095032324,0.00919634647890305,0.01163737383394329,0.011366169452772466,
0.009698370687289116,0.024083700579670266,0.03730364726037187,0.05113832975493437,0.06358620464403042,0.0781665635407639,0.0914862749052162,
0.009355186159196106,0.0246821160755575,0.03964686746472276,0.054947663261076106,0.06842012502706969,0.0832856627983243,0.09749830370205495,
0.007378635889826012,0.018261652377431402,0.028851337127127223,0.042004104107367796,0.05692741909092559,0.0803315095001532,0.11004750707617432,
0.009047359158873159,0.024202417475741814,0.038679845128555726,0.055777704028944476,0.06926877215803412,0.08266147003513745,0.09850372102020795,
0.007497947563131153,0.020057303390104253,0.03182191425626518,0.04384433564971088,0.056961853650559426,0.07407278210433967,0.09234065274060443,
0.0049747759779168715,0.0089164424554602,0.011837201680944254,0.014728272353034784,0.019079881426139235,0.02283182469925701,0.027639070586896967,
0.0012232562053085525,0.0015438951293566486,0.002718405269393758,0.0012204553850399323,0.004032878085631354,0.0018304990716220642,0.007186166194222019,
0.004227625344056707,0.007425363468990183,0.009012743991819285,0.011470854133753003,0.014494416446491049,0.016708410081501018,0.020809413504379377,
0.004414761238785622,0.008614475624215847,0.011937748499001567,0.015853741825036738,0.019959472941470057,0.02405400851733923,0.03172834892620818,
0.007976408496993987,0.018988792742249398,0.029125040122342342,0.03854227489451657,0.04634798069883601,0.055001070004433376,0.06331593777376898,
0.010682996379394029,0.023731873138512324,0.0356152286685995,0.04710977547566134,0.05599652323304421,0.06479090703770407,0.07297965940616193,
0.002243211822321623,0.0036605132194672896,0.0046641783857524766,0.0047492847389137,0.007755828942751065,0.00879033613319889,0.011247444653623408,
0.006281787293206166,0.014202425157415505,0.02136102161800049,0.0284064282284359,0.034303665282995395,0.04059990233716543,0.04668683283555083,
0.004967572453150514,0.014160214903455988,0.02260340450722905,0.027201451157286196,0.02304984604400498,0.01791543093392899,0.012770570090646414,
0.00844770544650348,0.020778304747392954,0.032036892979066416,0.042287002239674076,0.05220952769508906,0.06401808906259618,0.07576532871784283,
0.0071927363477828216,0.018394548469085618,0.02834816666315915,0.037287482891685826,0.04407611524333961,0.05115414011789793,0.06012064979943912,
0.00725833650045941,0.018843832741482026,0.031047356801534823,0.04366704562820189,0.056042270522252,0.06738705152404863,0.07965915590344436,
0.005686115544305237,0.013628491790586105,0.022066768730556737,0.02978384333690863,0.03611247707946317,0.043129912513151875,0.04946976012916175,
0.006882557015388155,0.015425364318517156,0.022344465295276523,0.028411043119649128,0.034417532031856275,0.04192808216985112,0.04777857186018877,
0.00622591924860325,0.0153520789792029,0.023277692640665947,0.030733165102544643,0.03796980403809446,0.04747363346206352,0.057222148088874436,
0.006849540541003401,0.0173727496993049,0.02667651701404142,0.03675961935388834,0.047765003740821085,0.06342738802551842,0.07750024336016494,
0.006579969231786575,0.01523743321607554,0.022155107278297632,0.029114285102815277,0.034661616702638356,0.043781282223375274,0.052046981808057786,
0.009360555499322631,0.02387133177692211,0.03759130045761517,0.05105759269494743,0.06344839721068987,0.07711151908479465,0.09234494466518435,
0.00734885430155037,0.017992221967099795,0.027906590787278484,0.03685965071210949,0.04567317792316611,0.05442078144963476,0.06263323473786282,
0.008254554078255693,0.020820005119566633,0.033074267716575866,0.04513883462657669,0.05781183600941194,0.07051300070489207,0.08378422321613102,
0.009989262298156339,0.02463782362865734,0.03887941089292223,0.052406586847528296,0.06368335098404479,0.0748882241398405,0.08462875170802293,
0.00913183856980299,0.022567564765521998,0.036124376018295844,0.04885978717429804,0.0615186462673164,0.07561136175652183,0.08844042835548689,
0.006769674350254334,0.01729344226880958,0.026866740528989935,0.03591011039405265,0.04437222015561376,0.055497477750433184,0.06662175445462942,
0.00878899103453644,0.02234801199104731,0.033937735524299184,0.044944559915341784,0.057459755980678165,0.07196792274063714,0.08733836985512519,
0.008446319529430188,0.022592093242976972,0.03666175331055216,0.0505899749159367,0.062365442999712604,0.07621952397173146,0.09025924326701368,
0.0050714635006253415,0.011672361843036317,0.018376908536048557,0.025114547801602626,0.031465933021845194,0.03791667603999204,0.04497330944239307,
0.010145642232848359,0.02337666623886599,0.035649749765687196,0.04817356513735637,0.059615090107252335,0.07138169276375263,0.08208081892192927,
0.008905332250842555,0.021419108242892716,0.03443714255124781,0.046750844338247464,0.05880954663767924,0.06936734816758744,0.08246438070799815,
0.006802532359494688,0.02013220106827293,0.03455585342412684,0.04944536087448805,0.06215050658325985,0.07642504867237536,0.08812198823798983,
0.004777708547365594,0.009001013252881331,0.012420277119850099,0.015517595716773282,0.02020341772095658,0.02291363211534974,0.028188994876660264,
0.007371817712025958,0.01775528723804255,0.028203149504338876,0.03844176045274384,0.04656935806621636,0.0543145364197231,0.06239969951736587,
0.008339471932561062,0.01863123350805464,0.028903288017266892,0.038921146112313385,0.04713374348770753,0.05499707911139735,0.0628902086943127,
0.00672189081181443,0.014898865688907184,0.021236791944528734,0.027950849541444812,0.03336132902146722,0.041012594220158,0.049503885249425526,
0.00847261490920665,0.021705577411067368,0.03449345938933852,0.04564529196829775,0.0541479614461391,0.06341823911859547,0.07366892380110776,
0.003672232564543549,0.00813089925672133,0.014068879137734578,0.024329806921502502,0.03804307058358253,0.0646253586518135,0.09746907509381232,
0.0098798632057297,0.025212850112570632,0.03923807729857938,0.05206939929880087,0.0620517752980425,0.07188652505873565,0.08304720808136434,
0.005171012771945961,0.010208329257301413,0.013745820228429139,0.01828169845536373,0.02255267268895082,0.026487225287643943,0.03361091193007221,
0.009765010515331563,0.02509287226812083,0.03995505967405038,0.05544583380022366,0.06962932796484672,0.0859917464963202,0.10276635322621497,
0.006650560568951283,0.01601241259760431,0.025281972742502146,0.03497662891555992,0.04320076274373088,0.050886753968616846,0.05914482977831481,
0.006799644838867254,0.018702943038360058,0.02998397991145231,0.03984007815413354,0.04771609223393015,0.057668962984831644,0.06851621904340276,
0.009697594388748555,0.02291438204100309,0.03477588778455415,0.046340887100024986,0.05748535936975378,0.06899714800855475,0.08163746611199907,
0.00785890419588735,0.01902887405209966,0.028440751128780077,0.0371766331786923,0.0441921301918597,0.05254558447451477,0.060613645168524743,
0.005941568590164408,0.014397544123743165,0.021265288103513635,0.027938094804742537,0.03365303310285014,0.039778400076631686,0.04667482394357073,
0.00420593310718406,0.006519883948138202,0.00907616900187174,0.010742972117280774,0.013695623353426565,0.013531224570585634,0.02174692212544373,
0.0016124770215468597,0.0028040014803851856,0.005409809807928835,0.008164173620425432,0.011881949130142769,0.015601308349705939,0.021735899300891665,
0.007885727938439169,0.021893657536657906,0.036847937218633275,0.053831120849818545,0.0689797783132864,0.0851469852777957,0.10211271422275778,
0.00533163499434066,0.01170978408474594,0.016550537546009544,0.020793429691028816,0.02485744764070273,0.029708999054282186,0.03447499380111616,
0.006721650205131049,0.01746883653253039,0.027534872127763062,0.03720626635171436,0.04486850706685177,0.0531055962273299,0.062394822282774744,
0.008677054179026037,0.02073196994362894,0.03278512790052452,0.044787234136266174,0.05589596851990016,0.06658481305110608,0.07701120619068302,
0.005955527059678812,0.014144843327886278,0.021962734371218238,0.029125257500301368,0.03482402988421019,0.04167619402710183,0.04840181160908393,
0.0086952917422438,0.024877931855814443,0.04242360546241918,0.0628595963313514,0.07982722162964927,0.09614213177310066,0.11434405289781772,
0.007492603322299506,0.018960823795686314,0.029715808191903337,0.040409687895206256,0.05164191700934546,0.06517924072951521,0.07849137079383968,
0.007085269940100431,0.020459458624446248,0.034742063478050804,0.04811266261558454,0.060242259788605895,0.07230823872830595,0.08596584922321387,
0.006445435072289494,0.014381174290330813,0.020040110171413186,0.026552023412858818,0.03182429273512464,0.03896804324178588,0.045886296974098226,
0.007953391030997736,0.01924544379148682,0.028920831827130105,0.0388717034862756,0.048433204901655265,0.05894925110447127,0.07064265432545196,
0.007522357721130688,0.017515214657663248,0.02747630014087512,0.03791761120603155,0.046361799763846634,0.05563029349264367,0.06273777790118733,
0.005532881195637569,0.01097067129280259,0.015448417754705178,0.019032266118044643,0.022282473479225302,0.0287529059566687,0.03233483090260502,
0.006631848767119733,0.016280689581835386,0.025316000706123273,0.03448263524069902,0.04588220138677971,0.058016991362965946,0.07173901180023291,
0.006750365512851274,0.016672258534649168,0.027062453076467242,0.038028168443468735,0.047927155163122265,0.058311478333104454,0.0672802323587773,
0.007677437490510196,0.01867048254355232,0.0288527541453887,0.03902746917165062,0.04825705739697223,0.059377375422417916,0.0651827504292123,
0.007869514602941479,0.018744512759936934,0.029119174614518684,0.039271131601839246,0.047945879323730484,0.05727966212440403,0.0650736487533338,
0.006971611663354694,0.016188788229054875,0.024022853393430205,0.0314583754080307,0.03731499550368799,0.042648688732918764,0.04955392562158353,
0.008437370661396664,0.019579820506094504,0.029719679977428855,0.03884767286896286,0.04680707617190964,0.05512182203027132,0.06409955869303734,
0.011723461457333908,0.025439842123200943,0.03739874471293897,0.04860519836495491,0.05734616755337655,0.06595733754540194,0.07464983708221107,
0.008403571955221805,0.022509139892596817,0.03464198612688544,0.0465879566093708,0.05843740936173835,0.07285511834853332,0.08903984119198673,
0.006056205170829942,0.01602838090493255,0.026613621239146585,0.03749577192784861,0.048038282046241686,0.05834850838638773,0.06747682993759926,
0.006719865605153253,0.016086280656695835,0.023600775843607504,0.03228380417957943,0.041799510679877916,0.05384025623012486,0.0670868424549363,
0.007803480231102718,0.019296213097443445,0.028664110944521787,0.037681820712628655,0.04455449889754344,0.05254350270095704,0.059409932188799676,
0.003567496127062568,0.008742655954078861,0.014369546204087914,0.01950605907995264,0.02497293864044891,0.02931122688433851,0.03493439823602953,
0.010233276525487986,0.0258744862136876,0.0387241526421036,0.05173492722338881,0.06371510278106204,0.079561056577761,0.09554727899798154,
0.008184348343993227,0.020559581076339574,0.03173966278006074,0.04359922674400706,0.05465799099876217,0.06717329781275208,0.07839810947865679,
0.008423557815055533,0.023770570378894115,0.038826038702297574,0.054068560406187974,0.06932253870693253,0.08783360066706916,0.10987954054564497,
0.007694567432479689,0.019921350041220504,0.031479703012660835,0.04167382510504951,0.05009562882263744,0.05736456839989211,0.06490397898197167,
0.007456695670472094,0.01688703893625333,0.025076602698290686,0.03196935457967181,0.04010270942692081,0.04931106320215175,0.05797508649276399,
0.0069343288769632165,0.01745087177434087,0.027095777819506697,0.03571761563943742,0.043219354397113816,0.05227248917239517,0.06127789971865032,
0.0071582622132002,0.017455247246989988,0.027796347943518877,0.038548510196499026,0.047047772278262026,0.055819942223808545,0.06293691789648283,
0.008578690062207867,0.02155346746333429,0.03362893725977666,0.04547300328151738,0.056688012280784995,0.0696787180379377,0.08191342599818836,
0.007089910953684463,0.01701624003311676,0.026159012539959364,0.03541539132724215,0.04255590865758384,0.05094270452451078,0.058256024601525666,
0.006954215204554527,0.016039833273031573,0.02493481695023991,0.032279138955760824,0.03927408117423242,0.044687169885759666,0.050983978640467435,
0.005759199698184854,0.014001288334930383,0.021664423910048775,0.02892111527904568,0.03541356855312804,0.043453637346919594,0.05049933164280718,
0.005325840452408358,0.013451991008260951,0.021749872459667544,0.03087680330981902,0.03798802828143539,0.046177338628850186,0.0572524227080908,
0.0038582271571593325,0.007792046245104143,0.011085284546523232,0.015724873569501283,0.019754018663370263,0.024872417965630677,0.02984138831192068,
0.006675129184700484,0.01578970554425486,0.02461009436193155,0.03451903033129414,0.04478940934971222,0.05503875605390489,0.06952205943467328,
0.007808675030491759,0.020142487006890256,0.032562618083761256,0.04461555501198151,0.05524598767692204,0.06550800877537986,0.07455876083955272,
0.00940763406920735,0.022661364171159173,0.035831384691481234,0.04984937619120462,0.06280680716729013,0.07911366566052928,0.09916664934960877,
0.006822983431420024,0.01716749504370961,0.028222238856007366,0.03809015187579431,0.048287737371149934,0.058670159144009755,0.06965498600086652,
0.0049663014433396465,0.011753393533269384,0.017274772574543143,0.022610722745970268,0.02660736886720258,0.030969701555702892,0.03577146781105855,
0.006381008227616179,0.01482729632601198,0.02198913042682883,0.02925936755880147,0.03605608146393456,0.0437160474152212,0.05214107024672837,
0.007073277486540959,0.016846822113088727,0.025063333648156428,0.033784452491704996,0.0428572287495533,0.05314764049527035,0.06441909479673318,
0.00680039098647903,0.01580542136208032,0.023182513991162473,0.030936578398256694,0.03718486752143217,0.04394364789104383,0.052438716021091195,
0.0053627939470369725,0.013335690608500386,0.021104739489493395,0.027663054641641937,0.03398378600621462,0.03987880489176269,0.04631913288514968,
0.004192213646846527,0.008850460881494755,0.013366103576923914,0.019754391312532423,0.02719717608894116,0.03512492910618548,0.04372007043486721,
0.008341002951792962,0.020429062220921754,0.03311307798956232,0.04598673855679518,0.05781078267335416,0.07061435800925021,0.0838574121570604,
0.004233970259772241,0.007550219989947552,0.010358987015854715,0.013054602721374643,0.017096250824156525,0.021653449333521205,0.02574919611685252,
0.007217084944896762,0.015978869535147926,0.02349392155659045,0.031273759159835934,0.03968647533802821,0.050231479996156694,0.06143544756582728,
0.005282739915108849,0.014306677061153331,0.024797907892344814,0.035597460293083937,0.04478876856457431,0.054694366715021765,0.06318096162198994,
0.004299284002784455,0.012017586955339202,0.020151411750751413,0.027704300305078786,0.03460428024705824,0.04274959079476479,0.053135475481131234,
0.005519983204175036,0.012689464175554397,0.018462663019588956,0.025831317358412056,0.0355274800985681,0.04446601056358017,0.06237060004818361,
0.008245191666879098,0.02053162633247132,0.03142690693264222,0.04178845275769837,0.051241404477128195,0.06144424117496427,0.07113818900375211,
0.007599624215284427,0.018665616590073597,0.02883192448930407,0.038282262687657165,0.04724686199154532,0.05558716687524346,0.06453812059021745,
0.009008137924084043,0.023548665937555065,0.03957433683718729,0.05668704217450045,0.07452042976712425,0.0938769633831906,0.11232774723464325,
0.009333342208222902,0.02458370412603365,0.03925607290456318,0.05676962123287071,0.07246247489569022,0.09104078325631842,0.10977431450926999,
0.007914841525095601,0.018869749950869093,0.028724698219862545,0.03811736733189953,0.04587359264408043,0.05357852561457984,0.061628969998901446,
0.009119846433626344,0.022738822708333925,0.03488436419925308,0.04628692462235658,0.056873011493102886,0.0700363777586031,0.08312484482495859,
0.004416810903372456,0.008873638319865998,0.012301569781152379,0.017050032270022886,0.021921663700560142,0.02688994118387696,0.03010928415446983,
0.006033905898005897,0.013709860068520253,0.022576850061370536,0.03152453909937968,0.039028424251849034,0.04706036332513891,0.05443761504287718,
0.007269428321868179,0.018968734571504605,0.030257787863918823,0.04166413219650883,0.052449863021386954,0.06244898483819469,0.07279760985343625,
0.00836296197288422,0.020754932824444506,0.031001869759484102,0.04015281790521285,0.04889388543220025,0.05968017324062691,0.07086601399336918,
0.0073661828424332375,0.01864288665192471,0.030191333311466506,0.04259909397446726,0.05387934041648408,0.06525944180956408,0.07711791337547559,
0.009699839148981582,0.0235198383137046,0.03573114194055352,0.04760333259211544,0.056987483537851574,0.06662654661571567,0.07666193246135976,
0.008108006213864776,0.020203891717557095,0.032252664443915356,0.04519654700552853,0.056720650753742656,0.06929643704378255,0.08210446990851172,
0.00795675907554866,0.01842721349850851,0.028105792411741607,0.03671352635042413,0.043394166556366,0.05060727583732449,0.05650566831542924,
0.006303180188036798,0.01549590013547208,0.024628178400825186,0.03430020645390643,0.04552825731412041,0.05903553903122872,0.07363424711069654,
0.009976843849472266,0.023935208701990007,0.036786112820624224,0.049364846981776046,0.05924440172373303,0.06878158991902693,0.07876718231072069,
0.006322129704307007,0.015430370849322604,0.024176124505840148,0.0330413034920048,0.0405994772791525,0.04903084890070616,0.057094146696660665,
0.005442490610868625,0.010508451207144234,0.014164343499763334,0.018585363152243215,0.02246595954910458,0.027510678846173663,0.03335656532946472,
0.009074891001906503,0.02500270326409525,0.04164567475497432,0.05945902927241775,0.07776911291289823,0.09803349842760055,0.11621593362597811,
0.005450610605124176,0.014260655139190935,0.021733721090262982,0.028521835371860964,0.034982049897626065,0.04237754093817633,0.052085550389277334,
0.008996209419895209,0.021524351809172365,0.033561235908698736,0.04510036303119131,0.055041031164120666,0.06557096191612506,0.07504726427223973,
0.006594582573920809,0.014361088723120776,0.021606907784234124,0.02872212723827339,0.03701021473729777,0.04897367345579618,0.05705894877520677,
0.007616397863946285,0.02022975461782617,0.03167978788006741,0.04209198388040648,0.05096002777655187,0.0616941089888935,0.07397271525093493,
0.007331671773599895,0.01693347798520896,0.02552374222447717,0.03459267436645176,0.042539367199701375,0.05331331130088176,0.0644395022097063,
0.00559033781860278,0.011948221439164176,0.01686757879119773,0.02229584636904754,0.026649027450117397,0.03378892666646569,0.03775948826777515,
0.007116435290760167,0.018547823460158062,0.028904400832826898,0.03839562311021783,0.04680594307242743,0.05668456358633617,0.06814843062426244,
0.004148864594546554,0.006768201564134095,0.009806614820633733,0.014202726867457978,0.02006207742136656,0.028086976288521255,0.035489775929596186,
0.009716302990088202,0.024429292268452314,0.03793034607218875,0.049989888765478364,0.0608546635716807,0.07377979222964051,0.08726171653938093,
0.00961471997824842,0.023277908025170796,0.037150230341548116,0.05118487708910512,0.06309233885696497,0.07585992381875116,0.08900698013169109,
0.006080588629045681,0.014139274912512028,0.0207847290610853,0.027770197999320425,0.03430982612481717,0.04300442009482788,0.05324261775636781,
0.005026611871269297,0.011829045351213142,0.018575612125265702,0.026100743476849347,0.031947502883248755,0.03787285614900137,0.04353444416038712,
0.008753878422718514,0.019611606601624317,0.02959474606751241,0.039145497494976526,0.04765833336018886,0.05484712029187659,0.06209200011295966,
0.004872502516192984,0.009277117943675752,0.011232722712185344,0.012386794380500287,0.01228310574726593,0.017699498698745736,0.02123419481004698,
0.009148624203981829,0.023146146766410226,0.03654065420659583,0.050665148443005674,0.06387039330065705,0.0792364695022184,0.09550513649695375,
0.007045984719013616,0.017321032041964557,0.027409356536027003,0.03847651179655269,0.04816373748595578,0.05776946734461659,0.06739315374894474,
0.009038068398240345,0.023785317810462645,0.03767519387842166,0.0530546480090071,0.06897818254761795,0.08766355268384825,0.10567402855723525,
0.005853262236889424,0.013032151717213834,0.018554238238837978,0.023443505640646102,0.028863624774649228,0.03539612241585636,0.04094585317476368,
0.009905729424948771,0.02568653815817407,0.03992841401508222,0.052892747508348485,0.06323861051910618,0.0736508995488844,0.08482543785232519,
0.004997770077156492,0.00866982184344784,0.010494697023284375,0.01276130784793631,0.0148592553620085,0.01797913778387094,0.022256325912378177,
0.008148621951508322,0.01973089576062135,0.030246147448788212,0.041078075729722566,0.0506686090301111,0.06038264377068236,0.07167410622982341,
0.007631267325300714,0.02053268914244646,0.032588884195887895,0.0433120659438969,0.05331979228175676,0.06501899844646843,0.0783533522122433,
0.008782259523992158,0.021032997813033524,0.032484748075069694,0.04342115437361648,0.05288839680409359,0.061115308871761656,0.0697785888600095,
0.006637908970530425,0.01827129445801799,0.030624965944067387,0.04408059398658788,0.05540682057597997,0.06870114131363361,0.08254682716969862,
0.003255954263098699,0.005497704400418224,0.007589548994003826,0.008206586114042841,0.012670659420903046,0.011762067482250962,0.013511886026270434,
0.006239616141548485,0.0160774682302054,0.024824651294745783,0.03299914755292941,0.03966163329433426,0.04929232755292005,0.060395537708446856,
0.007933881308126497,0.01936283471352815,0.029575754568004806,0.03910993043760879,0.04655930331884579,0.0542592774338419,0.06256008820452982,
0.010585752436415734,0.026541203927290653,0.04194076300900938,0.057446693494378434,0.07010208383892329,0.08263182129837265,0.09567257526323686,
0.006229947391137158,0.017197761724429786,0.027182941336844676,0.03730211889470939,0.04763837296827394,0.0601215068260855,0.0744562965855091,
0.0024987248497325303,0.004443095306979952,0.004329597572580101,0.0061371653800130445,0.004315216359924339,0.003921439917771429,0.009493025768724217,
0.006168577003284658,0.015356380943049044,0.022553725720131767,0.0347775878256965,0.03940793598961325,0.05361947869240721,0.04969584142939735,
0.0066686871972960835,0.01477141334488485,0.02265764246537496,0.028193609001421073,0.03335191415451056,0.04037275386008687,0.04241375518264105,
0.009526580228893097,0.023463784464384095,0.035992770896999544,0.04825670282707174,0.05959918694098515,0.07222831821772274,0.08397758035747806,
0.0036838347344542773,0.00893707477239614,0.013363728509446006,0.018762211614973504,0.023890865725141996,0.02382818844762923,0.026680111683554927,
0.0073259409894470325,0.018577452025565083,0.02962249253846896,0.041274776229859284,0.051857762138219236,0.062296937483428606,0.07472569441098532,
0.007294483090713093,0.01847674936288163,0.02873384939702892,0.038556484690880105,0.04619952758001852,0.05526189545751768,0.0629715152498613,
0.008600043974119618,0.020667177692395344,0.03248955745449685,0.0434619345960246,0.05312155535987206,0.0635126789212871,0.07349832892635838,
