0.004314328235400416,0.011042896976502632,0.018565457000569267,0.025579852307378175,0.0327278298685103,0.040309697977071395,0.04540347307531334,
0.007555291897375805,0.0177147861365446,0.027247312274062494,0.03653891821468533,0.044130112486525076,0.05210365917327627,0.05875660286281457,
0.005337359869730093,0.012385248230393196,0.01851310279584097,0.02546927806465397,0.030751752574510672,0.036792266833648564,0.044469858925048164,
0.0011286549930004258,0.0014038489995656647,0.0015986689422237104,0.0027362594745601026,0.00045384047084530654,-0.0011721046497878249,0.005639380452320435,
0.005357826334834999,0.012104908029787255,0.019787875217937956,0.027258559509061978,0.03360514455960429,0.043334625373028283,0.04843845278664186,
0.005792494219407377,0.014759671436594955,0.023728524657635013,0.031726153224958975,0.038976122695226226,0.04691200751750516,0.05533214802514738,
0.007063857612602785,0.01992382795004444,0.031420503197466594,0.042787237880579275,0.05181837963380929,0.06566527241873414,0.07850161263802473,
0.005961167433866666,0.012981915221374022,0.018277219090531305,0.023962882923429803,0.03057770958192767,0.03638044961980156,0.043089039562863814,
0.005962312626424057,0.015790100253031784,0.02496028557204684,0.034438765055191396,0.04259136378265837,0.052057040815507875,0.05873328340447246,
0.004703222480741217,0.009166746024192438,0.011562706817210087,0.014062368199718206,0.017653985243458226,0.019308017807886584,0.024782887689996702,
0.005019162429524437,0.0116837451220774,0.017943790799123324,0.024600357911966256,0.02775304397932166,0.03382976046484613,0.040174157587990145,
0.00609889393103347,0.015846559595728223,0.0235893933345635,0.03196016171994684,0.03768165215594567,0.0477632298082744,0.05682463500788606,
0.003749610029914978,0.010686273444401123,0.017338914157082264,0.02401932301112448,0.030874524606320047,0.037026014137979714,0.04391156943210028,
0.0035611002909603303,0.008092803929534374,0.016704534343111574,0.026226454844157032,0.03285904908683789,0.03946882765191576,0.04648141034685999,
0.005352383352900609,0.012784360252258592,0.019586753124207816,0.025826018683411615,0.029700384808197932,0.03411680804948868,0.03965965354505565,
0.00552093312093405,0.012819791129346163,0.019145130286513944,0.02553901611876533,0.03126528550177307,0.03496536732745959,0.04273215996326299,
0.004563083946482587,0.010637279457457625,0.019369973404626192,0.025595558156208224,0.03017115519338805,0.035810451638016876,0.042456606950461474,
0.0034469807651744625,0.01003900333230223,0.01629383140662923,0.02320117197039615,0.028287587627307594,0.03411437576154061,0.03930178467459467,
0.0054405097261215766,0.013703679786482235,0.021230698216260946,0.028462707405961737,0.03907985787258283,0.04544838051834394,0.05929216253876384,
0.004373539582879842,0.00891995850109862,0.01367641247058111,0.01905573875563071,0.02726499443177327,0.03347028983217715,0.04362814112862524,
0.005599308131969578,0.013664892503838748,0.021060499911158714,0.030082849868866265,0.03691327918871986,0.04336803134292832,0.05086437814658843,
0.00699050488275199,0.01691497577250628,0.026432863807879684,0.034659697266854056,0.041404666242177535,0.04912008493643508,0.057010334902133517,
0.00046660903159381756,0.001103487692299264,0.0020224862830655614,0.0007433091299174863,0.0018588270484342078,-0.0002176350971440446,0.007630471155905095,
0.0035767143102885496,0.008273820200996871,0.012315893410472716,0.017652946475365656,0.020311086727721653,0.025448231219361756,0.03100211485201247,
0.00578824336801402,0.014415512636718985,0.022032234361403,0.028401727192804718,0.03594726385850545,0.04134232229244719,0.04804486057186049,
0.005062927506129745,0.013228108869538372,0.021879311538607168,0.03059836577790283,0.036566942887144425,0.043656717491199266,0.05195643315483727,
0.004659850171748029,0.012887098113555888,0.020889673429453068,0.030520074732857897,0.041516324378427005,0.05587013396720974,0.0630882513665129,
0.003342320480107221,0.010923422276226533,0.016816971207171905,0.02522817582013426,0.030271965205369334,0.036110088905760805,0.042361021558731,
0.006963510199822403,0.017503578454382048,0.028165158660944097,0.03689171107436639,0.04612997955126786,0.05481633508682296,0.06460033905355694,
0.00849420838383383,0.019848029084064144,0.030866624397710447,0.04166109819340045,0.051542715156929646,0.060621853140011346,0.0717121882256073,
0.0054029534482668,0.013776700028703235,0.0220622628508837,0.029042668191726285,0.03552663505046461,0.040787067007289395,0.04765944210066899,
0.004584811941806596,0.010912497570214069,0.017084156698069352,0.022460290806798292,0.026352608690558586,0.0311216151273097,0.037261589452328624,
0.006198320850865237,0.017108059923382598,0.028042995513038214,0.03860510857881625,0.049800374728122244,0.06272296903735348,0.08027512353380663,
0.002613613727296151,0.004491050359780761,0.006001550524725251,0.00786511655847496,0.008816905573292377,0.010261956959589645,0.01606478698621399,
0.004687192467788094,0.011394987756236187,0.01890930162098113,0.027322558010601728,0.03396424694742915,0.04071813922747226,0.047243536752217166,
0.0055361047962220284,0.014838656167936554,0.02401999377791285,0.033282007549024765,0.039410618236038863,0.04794314380992324,0.05748563301561578,
0.007470753187623922,0.01754472818128566,0.027603745089103675,0.036732490452184845,0.04568047061368539,0.05407105456074364,0.06352420170398705,
0.006125229988487747,0.015026786294728712,0.0235945009800016,0.031196919108609087,0.03721642749631924,0.0413630284223477,0.048433534085155557,
0.006498766205950277,0.01614761619858757,0.025244224076312403,0.03311477648686343,0.0385834633302036,0.04389097355373127,0.05013039511637951,
0.0034190136945862477,0.009896769987503993,0.0163145478275522,0.022112601058728764,0.026466512309707636,0.03060465268409818,0.03538658737091718,
0.00734703336841568,0.019372820633786644,0.030833787083250356,0.04172426675293838,0.05012642941834775,0.061030141279649834,0.07086596812653154,
0.00471946743746664,0.010202858911797062,0.013693004396233105,0.018358581809755373,0.022130992482469452,0.02934323458143465,0.032351374214489,
0.007065999979191367,0.015085334073224415,0.02208782103709799,0.028470903037682113,0.03430011255691388,0.038706407613038785,0.042562464561799594,
0.006605871785605907,0.015513607559578604,0.02346140337987028,0.03160915418774048,0.039999865102202305,0.04911779697070253,0.060314457922771465,
0.006458427284543891,0.016495362315357195,0.025201541983795074,0.03252420399618262,0.039404958902679726,0.049528552461607256,0.05995298221427287,
0.0073499182623610534,0.019829970045281083,0.032186808487189335,0.04469640321006509,0.054500526661551994,0.06408402127828539,0.07431945442101928,
0.005201324796580571,0.01242071062575818,0.01797284718769259,0.023616594180344598,0.031024235748941302,0.03568455425885721,0.039109756882209724,
0.008366974492281855,0.02137351146062288,0.03273909407280837,0.04270568890505991,0.04987303611544827,0.05768486268929785,0.06642528434991246,
0.004773813487538413,0.011407130738144257,0.015822722050268523,0.021490890382367858,0.026841391677513364,0.02956962304100707,0.0358716785887565,
0.006747502143723582,0.016836885460364832,0.027333837014943147,0.03716861192610221,0.046226961019506886,0.055304167902061684,0.06503247688706626,
0.006270969206474781,0.015434345821901799,0.021409818941988967,0.030170111615182026,0.03822855934476174,0.04308165980412938,0.051060832014962025,
0.0046151428602382895,0.01129005495042292,0.01790297591937935,0.02376961186495268,0.02872276862953797,0.03553875290207888,0.041569573684180135,
0.008147935645368165,0.018506137590131203,0.028640719356792247,0.038768641316598206,0.045896763788594676,0.054007411162882456,0.06107886218318008,
0.0038175838139635596,0.010945902443703057,0.020243342041187374,0.02952824535796961,0.0363106059064199,0.042301500344995774,0.04767362018841578,
0.0074613771770689705,0.01911308782461969,0.02978881283412557,0.039695951633637296,0.04711612057610644,0.053765668700095574,0.06182254653407064,
0.005412234915008084,0.010984436594639187,0.01633153014622729,0.020469707376692785,0.023771549431973685,0.02521813643428188,0.03239388462571658,
0.001777146324267389,0.0026409899354638573,0.003818939620273747,0.0064555074666730015,0.008220300233486267,0.008767623586557775,0.017466323027668866,
0.0018945949555188772,0.003225100494081372,0.004711304800364873,0.00689985369862479,0.009583177668082393,0.014287028747306531,0.01417817572406179,
0.006607691349756142,0.015173795629794441,0.023160378644992367,0.03172205112708872,0.03900104442196995,0.0491395023398856,0.058400529037224716,
0.007452118877123271,0.019820389487488422,0.03274983922824592,0.04779392472206526,0.06016223111859569,0.07334294984618488,0.08872908727203273,
0.005251275135737826,0.014490419056286211,0.02337796003886842,0.03239880122165669,0.039984307128919115,0.05092405893413455,0.05747700141086292,
0.004706939584527337,0.014534038286320902,0.025949839462690853,0.03748299742551009,0.05117635851636077,0.06496440365911658,0.07714413940472853,
0.007072581961633923,0.01687377960548237,0.027099024999790854,0.03725704536487439,0.046986768584878304,0.05832972098021295,0.06634353509746901,
0.006675759171126244,0.017465404760460084,0.02790782358041162,0.036594435889826506,0.04268402819692307,0.04889017062806674,0.05589670028891339,
0.005638481002809071,0.0147826158961773,0.02418985927206526,0.03217529158126819,0.038458461614131696,0.043086852145196024,0.05165467327540982,
0.006435410347807809,0.015870430972369395,0.023948396790416392,0.03116081116939118,0.03837273458454471,0.04679864007889369,0.057200175698918145,
0.0037795488240391193,0.010375449231872612,0.016515027265460103,0.02229613133895143,0.02695921284529316,0.030989399412698543,0.03464113723742589,
0.0062167584655132505,0.015819074027544566,0.024573950799594037,0.033598111744292156,0.04191888744992047,0.04924049935701136,0.06102537949294206,
0.007137107555036573,0.017441934913541953,0.026980385788863095,0.036159701110304095,0.045073623370812506,0.054415479779787355,0.06272213984280421,
0.009114912164730229,0.019945301399433246,0.03224709471544208,0.04279497289734638,0.05320464833061775,0.06239479305339415,0.0696705391113441,
0.010159304381765008,0.02612934385757342,0.04334875262055514,0.06191270645777663,0.0782903364377363,0.09587776314247254,0.11024429957859104,
0.006934757109237191,0.01964405115659384,0.03317634400364123,0.04577020845086592,0.05903990305733787,0.075783533685831,0.09372877427243333,
0.004496869183535424,0.008480771031231373,0.011466625944542098,0.014561646698717803,0.015476614292250942,0.021287345615604244,0.02619843472693577,
0.00666195747764327,0.01992886679936573,0.03292047078870665,0.045478730027060175,0.056612774111361765,0.06962334425126063,0.07895004767253884,
0.006081435470239772,0.015079690688835355,0.025604427496966245,0.034772498072035,0.04432542822663521,0.05357830521278117,0.061731293307249316,
0.004952684866446996,0.012635443903436848,0.019536397529557766,0.025497472140431025,0.03160128899233039,0.03591253500124224,0.04436093999006189,
0.00922754639347468,0.022419246998487446,0.034341562823798064,0.04685420136053689,0.05929646655864492,0.07114501148194094,0.08087447203114978,
0.005779693211162452,0.015802229112094435,0.024243921733345882,0.032275089454058783,0.039372720520295064,0.046373374369857195,0.054120373380433344,
0.003642641278417903,0.00857374319911511,0.016032109773346463,0.021305349038042414,0.0271057106464383,0.03157026731240276,0.03623077073977497,
0.005652266380482809,0.012138231751834152,0.02348342603277746,0.030356149725398584,0.038994577755901115,0.0459964791680439,0.053347207072860975,
0.0025907588876779774,0.004215648061267187,0.006495990715516422,0.006391005803724981,0.009131362882899537,0.004096992822769139,0.0030509728594026466,
0.007312367735787926,0.020340748983785916,0.03627595441348231,0.05250074266399685,0.06756616548833178,0.0812830792314336,0.09217585942742249,
0.006805296198628355,0.016168981726030655,0.02484681691735111,0.03374603089904528,0.040229397912791585,0.04601076012306244,0.053561181801913854,
0.007047565268640669,0.017325619450624993,0.02707074175710568,0.03526835457782698,0.04185805046888379,0.048005335724506104,0.05724394859946683,
0.006294116494034116,0.014205406417930281,0.021106688463869826,0.026660366716628435,0.034003233555187425,0.04126418511984998,0.04767967469021172,
0.006339197218600696,0.01615232422195374,0.02467866023264653,0.03314147609498454,0.041278620204058446,0.05082421596331636,0.06344036263731388,
0.006409635734308072,0.017517632880595504,0.027311201935259415,0.035943307062536914,0.044839379244244144,0.05328662809722307,0.06451908499692681,
0.004341543497524082,0.011827057051114179,0.020133523849742655,0.029594322436102907,0.037304241614088955,0.042963900895142695,0.054827104514275214,
0.004625687202634191,0.01258564062486753,0.019814195010137595,0.027304955068958595,0.03365255838029811,0.0395208870358483,0.04544159513791265,
0.005435261837110298,0.012609318203880514,0.01883505484801938,0.024876199082717897,0.029345461009878414,0.03572132875934694,0.04278393204151323,
0.007313981317549013,0.017807759341787133,0.028469271134729954,0.04034845543813692,0.04915166843396315,0.06021056120515192,0.06699467404787665,
0.006915670642391282,0.016272281173010952,0.025426473629394156,0.03417598821235411,0.042347919181123475,0.04855418036354741,0.0551547535116275,
0.006037765325989365,0.016332326252167736,0.02583479656876976,0.03538214466044732,0.04471193921863601,0.05654413837925917,0.06996012789600846,
0.006403189586636094,0.014220716834616237,0.020621241578456975,0.027414022616975234,0.03477133588598894,0.04409834300205518,0.05075353406764165,
0.006091006456302343,0.015494598851176246,0.025024244163682277,0.03378045048506986,0.042656492418584185,0.05264033596511374,0.06047992081270136,
0.006804299544330158,0.018310099049164478,0.029385675337587184,0.040682163290920774,0.052241553977615866,0.06291612365682536,0.08128936303428101,
0.005877714241264831,0.015046535003868438,0.02531289791648192,0.03454427894931877,0.04605098038376129,0.05639173165421893,0.06554938042180175,
0.0066527316450564235,0.01707172676183165,0.025757583925123433,0.032805708695102014,0.038975708134854986,0.04636705743951019,0.05293387043476985,
0.006200431513933134,0.015065068806636944,0.023192080372755188,0.03022119019762781,0.03790260534360434,0.04538742421286212,0.054386822297163184,
0.00562862360840732,0.012658852083871495,0.018235433299263578,0.02407473245832571,0.028830089276643555,0.03491049139851332,0.042145745400850136,
0.005375092964675868,0.012799787704523079,0.020003453499172655,0.026377990169988333,0.030682559523145095,0.03649811226732326,0.039471383835040445,
0.006850562982181596,0.017146529058996055,0.028481748343638848,0.03904270775125597,0.051201984167920246,0.06008128677591505,0.06968210686595017,
0.003870283913258447,0.00984433727866987,0.012884140046696581,0.017598063052699217,0.023350927478845252,0.03319507113666586,0.018649509385564034,
0.006596257672601195,0.01770935048310762,0.028742508598193602,0.041607095596721246,0.050345922263244164,0.05994997836800043,0.07037618624611756,
0.003725093000493895,0.006769434954625228,0.010716906880769985,0.013690596645741439,0.011941412383247828,0.009554737360073394,0.019867977587816107,
0.003991189859175612,0.008379568726453408,0.013089858132699257,0.01606693180955617,0.020358757601190533,0.020751070897084434,0.02394913241294287,
0.008524900681409984,0.021727105038497042,0.03501602055191844,0.0482822845040293,0.06003318160741658,0.07125807119271707,0.08020216463805574,
0.004791680670121893,0.013990927695810116,0.024750361449991858,0.031398783254933234,0.03960072406260952,0.04672680412118875,0.05306459010523489,
0.003942675204907602,0.008713971500892148,0.010736477594761285,0.0154147238420767,0.01765936952875792,0.02696463423587079,0.027263736267746367,
0.006696454499641635,0.016735112662626044,0.026150242978163117,0.034490125514533336,0.04204493939309816,0.048920904468670506,0.05446211108352914,
0.006645079848379362,0.01848124449602005,0.02846133890095566,0.0393200755697545,0.051039302111980184,0.06349824988479495,0.070302627914512,
0.0009914522227761995,0.0010486084140166887,0.003818822296627384,0.0005570908804029569,6.620072364177901e-05,-0.00806446871300263,0.0006930928663549989,
0.007377615368622056,0.018490696054146386,0.028488804803594572,0.03894672358561201,0.04865826517498214,0.05863342613911377,0.06861422127932507,
0.006439823424533938,0.015992854584381707,0.024202877111573876,0.03268622060760784,0.04019465764408803,0.047512612953784734,0.05714289165670593,
0.007636885919653168,0.019913956828486012,0.031629795125278935,0.04320519433002833,0.05397241294064398,0.06728540877483509,0.078093475317437,
0.00910231118766224,0.026252332449063033,0.045849778006407,0.06668888109746256,0.08494709488342694,0.10581289192074178,0.1260751563359412,
0.007879684358918134,0.021790417301960508,0.036996006768348695,0.05332981687614877,0.0675581074858529,0.08344028128382613,0.09802154161201033,
0.005772740202292904,0.01434784741085293,0.023737435563250045,0.03334811168125599,0.04019567891818401,0.04995001759867276,0.056957181256494856,
0.007189721322685804,0.018210814042014363,0.02831019434841183,0.03924635375206608,0.053552561006451706,0.06674653888450698,0.08342653927544147,
0.005126668142304878,0.01496811439730091,0.023858518509191743,0.03557700038851052,0.04736519190384255,0.06195574269554377,0.07714047908899224,
0.004509787730431091,0.011595866772631887,0.016784117839977023,0.024479680507206683,0.030105928062448495,0.03622314069606726,0.0400996655701995,
0.004576883596960417,0.009035132557459026,0.013031293619453582,0.015080917592883455,0.019542490618837952,0.024251202027665283,0.03133489694305422,
0.007744799417437518,0.019820930502504122,0.030510737070929664,0.04131219377076966,0.04965596272198228,0.06176469241096604,0.07277994690339902,
0.004627737511855356,0.01016122752837681,0.01559113174925025,0.021126247242263137,0.02708857248421072,0.03211535128372652,0.04314134510578207,
0.006275137751932514,0.015632739103864368,0.02634585123007524,0.037508749519482035,0.04819146604905938,0.05960433344250495,0.06989922832739913,
0.008132299522390281,0.020390664704977805,0.03148181950662454,0.0429854696164843,0.05427660504116369,0.06406960963235793,0.07704109675052992,
0.005143294013273337,0.012368767847659187,0.021380087454383204,0.02878672505164249,0.036450099981648484,0.04365979961349265,0.050101666335379796,
0.007762964583697489,0.017256624656050174,0.026487912865172568,0.03364603705345501,0.04170589975043218,0.04779494301354013,0.05552398301727016,
0.006983784675694279,0.018372939274645176,0.028731917645431572,0.03800018313905916,0.0457757301244924,0.05531760082431261,0.06306004814330103,
0.005892958185899531,0.01328205537902989,0.019655304510906867,0.02645349196198885,0.0333990765211566,0.0428482168559139,0.053983304835860564,
0.005336823967676387,0.014292541263395414,0.02440700432448577,0.03635400124709817,0.04325775867448022,0.05200216470764687,0.06359819761758101,
0.006388194665643002,0.014853139412226678,0.02263246822865556,0.0309857633735184,0.038860667864612154,0.04771694175427221,0.05415484406103748,
0.005953523874224102,0.014658642204637745,0.02159448277260251,0.027974631738932502,0.03440595603338315,0.043052775531716166,0.051244606561155225,
0.007573567346906627,0.01898199737663188,0.02900001561342026,0.03913687934909272,0.04956407070703287,0.061402807651674524,0.07251909585629417,
0.0043301007259086526,0.009335845269719676,0.014268293159666127,0.018115935995783268,0.021259874121196728,0.02666106748170035,0.028034181208351775,
0.00514311957757935,0.012515556149596966,0.018864326463521538,0.025328790373185535,0.030819087928555245,0.03596205444830557,0.04293959907338782,
0.007702894602587913,0.017129639266169346,0.02749588241779088,0.03787585969716565,0.045975785387161544,0.05556439656085469,0.06476037990033025,
0.006455239692415792,0.01664505115143267,0.026975903911837587,0.03753890044432274,0.045181061371042525,0.05114658511122921,0.05848516249606737,
0.007366793460954626,0.018174546449349446,0.02841239821748331,0.037990934751088695,0.04580174689606589,0.05339603629093341,0.06152441792084582,
0.005169557658014574,0.012276059797870142,0.018546384791670714,0.024546935049832456,0.03166856963760414,0.03982878867762451,0.045879915819596384,
0.005751923569273387,0.013528979254483108,0.021006795320317257,0.028101722956733997,0.03390863958544898,0.03801791332076798,0.0417800870283655,
0.0025759050475872573,0.004149053683600285,0.005546028287091458,0.00697013168912752,0.008056271024380585,0.00392406436597102,0.010070903651141931,
0.004311705484838003,0.012616546879381883,0.02055112058265784,0.02930481797491472,0.03674598928468417,0.04326828131178307,0.04979588249589579,
0.005284823062977839,0.013837595676279506,0.022508130557350306,0.03132691295760771,0.039556464526667084,0.05119264467280261,0.06258028476079706,
0.004157814930178356,0.009877011122548992,0.017108234326387292,0.024869868097928006,0.03194968729708003,0.038330619239396395,0.04335278548676768,
0.00665632474560955,0.019270012471279466,0.033187727822463965,0.04860619267362146,0.060870351860958564,0.07499333210666319,0.08962083046040921,
0.005042775602829244,0.012945379902177258,0.020887069844393754,0.029759291850394057,0.040436876681326756,0.05096001111186412,0.06424807346608034,
0.006968846239869489,0.016817195666290648,0.026293444473696127,0.034924379408694445,0.04332206961573139,0.05208162430433729,0.0594867336741543,
0.007157505143184139,0.019393622468761817,0.03400389690250491,0.050209827349011256,0.06447377125752583,0.07988082953452857,0.09368068671141941,
0.004695078954205731,0.013026932332266398,0.020774311174761594,0.027939315292714394,0.03254555256057968,0.03692752194721604,0.043539097918878895,
0.005299485526526634,0.015435645135982431,0.03028954165118267,0.04835400492065183,0.06484541880703615,0.08499579580137352,0.10793845334307878,
0.007344978987238174,0.017748212445258163,0.02833261239789978,0.03797280997261287,0.046999086524304595,0.054259834348617884,0.06128112767129084,
0.006052052634721849,0.01379391813105884,0.021313120416745792,0.028155466298588974,0.03339768194849534,0.03865635484629226,0.043158152071367584,
0.005050606251626347,0.012010702547651318,0.019629906109074738,0.026047228110568824,0.03125244152360626,0.036333560982036356,0.04205099950522575,
0.0061709866117417665,0.014202290262630422,0.020770061281759008,0.027499252809178646,0.03427549222579265,0.042799429060008436,0.04876527010232162,
0.005261541600739093,0.010023730261909638,0.013625040798572978,0.016854904034151033,0.021630152391382475,0.026094894324478125,0.029206867285076477,
0.004422487745614435,0.011376282276731813,0.018557951698618083,0.024301865032446163,0.030390529526001374,0.0346770742198439,0.040845460006119515,
0.007208299261843112,0.01725373698129863,0.0273993269660742,0.038732921953511856,0.04851315542725009,0.05856447254246968,0.06704106865810198,
0.006968238419460602,0.018249749814795265,0.028774586999091262,0.038218657531082646,0.04621826067722345,0.055069627872319955,0.06497765900032641,
0.007107178381816061,0.017287652496043457,0.027059725405295037,0.0360122641135515,0.04303219595644056,0.05091983683577856,0.06046108476272322,
0.006386545253234569,0.01955619917308854,0.03514958627297659,0.05182043011290904,0.06548617305752355,0.07703061193476925,0.0889542437709885,
0.006131291457116261,0.015469376420862066,0.024990753894819754,0.03508576639864322,0.041843612622058594,0.04855488788921273,0.053790774121783784,
0.008234963329882525,0.020733555066396014,0.031002609749978146,0.04038772655424075,0.04989515934224063,0.059143919520884866,0.07112727138850515,
0.0054055319936593535,0.013931770163669201,0.02230783462316913,0.02990840476553248,0.0369169011957804,0.04417818982465417,0.053172785979864606,
0.0005764680265054263,0.0004412515881442818,0.0008986443080647758,0.00033838763354879535,0.0001643408807133068,0.006110032492457349,0.010982625416547171,
0.007003674235299047,0.01664764124616623,0.026671511576588657,0.037062779932780315,0.045695111438645845,0.05439122305728442,0.06289708291459357,
0.0028445709659464242,0.005005180654086062,0.00611375481570754,0.00953715917784926,0.011188797638294357,0.011566961916425887,0.013085929429075733,
0.004814113799380682,0.012376721423996245,0.018883764574652195,0.024347399273480137,0.029336557820261466,0.034534473579844044,0.03906598620768697,
0.005581064333200453,0.013630047075937035,0.02085464015012571,0.02699671551915655,0.033674852032394405,0.03949047249880488,0.0459960847668638,
0.006239216238150927,0.01585025016781418,0.02572417205292243,0.03431825389874363,0.04227553769894768,0.04992934344582843,0.05873593872714095,
0.010474265916074935,0.023179490938215256,0.03644907201580863,0.049662722313010034,0.0634587078075724,0.07520781972750323,0.088440318482948,
0.006693828149886765,0.018760742485148984,0.029556710601133077,0.04005010302083809,0.05054513437578568,0.060064763660913796,0.07010093626509756,
0.005271028928828754,0.013495955759371297,0.020815300909343467,0.026877496379840146,0.032256426041526336,0.0368470015464584,0.04409919526189329,
0.0015203049644664482,0.0016992367907525672,0.001228737523364995,0.0012049764772870816,0.003617741619024117,0.0028798398319369966,0.008261658092137107,
0.004478007543867123,0.009873403335365906,0.014050223446798722,0.017742692440383463,0.024116883242841062,0.029911279312758825,0.03642400442324866,
0.007792857589118186,0.01958222904397183,0.03260713687603631,0.04587717445385605,0.05741379539791243,0.07144916466754281,0.08242077900031929,
0.005554679113642825,0.014620710637674726,0.024574390056623808,0.03510510527204049,0.04505959482318464,0.05430239231680822,0.06228727273404824,
0.004634224575880531,0.010545643444691109,0.01593490938176296,0.020521646162249534,0.025035424045904534,0.029587990748082188,0.036489990590811684,
0.0059908648788044696,0.014080519528623563,0.0219146911547801,0.030021744696921097,0.036163647241251456,0.04214673593918593,0.04824525937291569,
0.00411835601588345,0.009294349106447443,0.013015587730231953,0.016894060697941523,0.020936201122620183,0.026696982376981825,0.030444014341154176,
0.00792974188170534,0.02137173932928357,0.03570262890072184,0.052624296098966454,0.06771638745606154,0.08509711952284761,0.10242121361399789,
0.005539674397385786,0.012723106560720067,0.020997775718108805,0.028625148861407542,0.03413455585787638,0.039838063973310224,0.04533065927280343,
0.005196383744920223,0.01234214442186941,0.01870136315935801,0.02470103153317634,0.028968092372647202,0.032958622981053544,0.03676136745598557,
0.0071782629880476085,0.016495015051538605,0.025864295401934634,0.035729090561155474,0.04399987997763873,0.05180637766771701,0.05784694428224927,
0.0070532681257551005,0.018098219735476442,0.027867378699051756,0.037378711960182186,0.04700833170038146,0.05931668123390834,0.07140341991170812,
0.002515012213471717,0.00446132597010512,0.0068451712705052846,0.008945987367604767,0.011210228317455903,0.01565688955146684,0.0105341650046685,
0.0001014612885660119,0.0007767301978989224,0.0011796915192972047,0.0028982565333927055,0.004470792463547395,0.005054569083907197,0.001110640397786466,
0.005934264650552713,0.014528869230810306,0.023311212694884436,0.03370044332481537,0.042360970271437134,0.051973866151131524,0.06007898376328015,
0.004838619823206298,0.012417393571032909,0.019023467490844517,0.024689843396517478,0.02966273678773106,0.03451408989858428,0.041277804142607566,
0.0066080825381725486,0.015600353822305289,0.02326745951370333,0.031159031928349682,0.039367306878439534,0.048299247307421446,0.060243414246553176,
0.006438093888202267,0.015489467298036831,0.022539585830226114,0.030168100000586225,0.038577553889485514,0.04870403703997183,0.05927590219551118,
0.006765374762632694,0.016057008563364224,0.02636489840468459,0.03797204636871427,0.046275971974775884,0.05571595723355274,0.06595923509498826,
0.005913879760886507,0.01471580597731493,0.023190908812749197,0.030891251584983296,0.03896616611759886,0.04649132894204497,0.054038367818650415,
0.007965092028314679,0.020286048068456696,0.03169211052645003,0.04287530288045991,0.052720009992756,0.06299122907453325,0.07446273921264927,
0.005846549304388968,0.01385366354813211,0.021334982133487737,0.028732878326647383,0.03399834250689768,0.03796317535797499,0.04222963161763293,
0.005263795689882751,0.015121007746481832,0.025283228540487833,0.03459035677724918,0.04298908148662757,0.05257454813195696,0.06314709609901692,
0.0033117118303164134,0.005284240246044579,0.006685535900732049,0.009098439578593855,0.011669497653830253,0.014908339891770836,0.01695693897466745,
0.004756581923430452,0.01176004948059021,0.017137268304995075,0.022261015466079472,0.027234599224104112,0.03235803327449899,0.037544809580050624,
0.0046089319300440575,0.011866704834309552,0.01864180654336591,0.02472390971134751,0.030562250787730765,0.038766459269386155,0.048618802722488745,
0.004877520049553685,0.014298483144028339,0.023730876043879325,0.03271778561861872,0.03874285459416899,0.044386776165806746,0.049942747704945854,
0.005015895038602111,0.011423729830041173,0.015676378890003406,0.02013796699374904,0.024501865937657193,0.02826984879155068,0.034618030731298426,
0.0069407511140005766,0.01723757115328318,0.02627611092119661,0.03503245904674676,0.042687488346015864,0.052195527091878795,0.06065798034592263,
0.008351392181719777,0.020928397337084653,0.03475191213749376,0.0497949720463342,0.06281409870818956,0.07776896223158405,0.09373892389846682,
0.008418768815536208,0.02090408593644041,0.032285638058232126,0.04340866190167231,0.05443611641921528,0.06540973715904917,0.07894163901047159,
0.003914749756329662,0.011411907367429879,0.018337160055075217,0.026490048236407642,0.03412567713265277,0.042385058968019196,0.04773432927923411,
0.0055941733674577995,0.013606537764509563,0.021192339504226995,0.027980453603009634,0.033891714641366255,0.040499399283995936,0.045715584351730794,
0.005856660745279465,0.014460513259382241,0.021946841093438627,0.029645248316297067,0.035825022012169166,0.044283051401239885,0.05167995135890936,
0.001833674342431076,0.0035969164732785252,0.005497347411302353,0.005786165236742582,0.006071837013979708,0.006146339969624663,0.003856195855161475,
0.006704605520126747,0.015619866535660049,0.023064600789254538,0.030411263474828604,0.038102519336596065,0.04685425001108414,0.05636735008970048,
0.008781896868472245,0.021543596829039863,0.03336367732453985,0.04598693386912518,0.05640771720632237,0.06818397188257515,0.07794783401648572,
0.0072924240503155465,0.018207010477733116,0.027809479773139852,0.03801287326025556,0.04856059322861425,0.06122633074723539,0.07480292994154461,
0.002567735796102643,0.004842690660916804,0.006344628745653444,0.008832385664077054,0.012371803938742001,0.01882404344551294,0.024681905780211108,
0.007287735196543692,0.019421100937349948,0.03192657908560742,0.045201511306361894,0.056614311373721665,0.07051224221926804,0.08428721726835582,
0.0055340093626394015,0.0115665055386418,0.01666686732763234,0.02126313720260993,0.025904726520250495,0.031845522787930576,0.038189746725970634,
0.005830399512052536,0.013998783217488596,0.02222002761660632,0.02944856176061289,0.03732180605258952,0.045945333881418,0.0576816817124032,
0.0081964261844833,0.020203164351743214,0.03205495868072189,0.04383318174593315,0.054625764607012565,0.06562896337609367,0.07791378246206901,
0.006442329642323296,0.015168138205265977,0.024240840627569735,0.03290074607062009,0.04040696939325383,0.04706079559761826,0.05560311860642578,
0.0064642377462158455,0.016614128037351076,0.02610254600700187,0.03626641886931848,0.045158871568476124,0.05339651485000716,0.059421368186439505,
0.0058237241096251394,0.014029152383026168,0.02175054835738924,0.029137281383895913,0.03419051784530948,0.039264410188038446,0.044065170741547595,
0.00585898051576694,0.014316104670306312,0.02190520302453396,0.02986755931072425,0.03635078097197917,0.043589236866764546,0.04979494345889534,
0.006433920668318314,0.016013174507922938,0.02391421779972351,0.030482922675494132,0.036452404787685966,0.04436480660284047,0.0526974626986512,
0.008899028220999132,0.022105294239906346,0.032891196198104274,0.042102344470195105,0.04980022812179587,0.05952957842683836,0.07136163132378583,
0.005897570260918376,0.014628098402466374,0.02272035264689531,0.030986184478639864,0.037390817352012065,0.044736464838025986,0.05115152851861283,
0.007204538976519554,0.01907451123108403,0.030743630344766775,0.043936075252908345,0.05680556233907742,0.07164244433834266,0.08652382491483125,
0.005995821673937732,0.01516641267317931,0.023552000327964426,0.031613295472041836,0.038964964710332776,0.04679757130012335,0.05475797938457382,
0.0060663322894170205,0.014774710701979691,0.022690476747084878,0.03089012053408764,0.04087959980505908,0.05375527933594175,0.06552473790989845,
0.006500954125279782,0.016013888708035107,0.025047953027273823,0.03410279146141448,0.04267120494807502,0.05287558918671565,0.06357851645715776,
0.004106437403690314,0.010647005741521555,0.020328824378200407,0.028002787731950328,0.03731143054240159,0.04242312014031961,0.0492680874073248,
0.003918187922729134,0.010993883506090284,0.019104892992083403,0.02664255678152021,0.03458645682635814,0.04323611431904597,0.04695520167305804,
0.00291465793000412,0.005628315518602693,0.008321020571683284,0.010399697871168857,0.01401666131115619,0.01414300516059309,0.012562202742392925,
0.003922795446107638,0.006654035603784299,0.00842992911127621,0.010129703150959561,0.011463796565782667,0.01185765798693668,0.014172724409291399,
0.007218722935973255,0.01815752818731931,0.02696237982239769,0.03665685969943051,0.044718604648892504,0.05362465954228248,0.06248802613477103,
0.005985491276752515,0.014369981542532556,0.02246844181176047,0.029536577346289825,0.034803527271850376,0.03946018335119312,0.044018542883782846,
0.007932593081131315,0.02158220474625998,0.03460237434251036,0.047571864540523014,0.05881849483069837,0.070968614917705,0.08398782857222291,
0.0061326180822841355,0.014447353929041727,0.02150978712720078,0.030117832051296985,0.03755537864663362,0.046346414497322776,0.051751870176325605,
0.006490084738345931,0.015991693411017135,0.02550527126199797,0.03426103056243759,0.04036464777603138,0.046969792604352016,0.05195843322408391,
0.006152942958350604,0.013430849824632973,0.02020394571113916,0.02737700628478499,0.03428229738336525,0.04376015353368762,0.051402663299932955,
0.004074286495404748,0.009850871414686711,0.01463700969213019,0.018817088140906973,0.023012844857364614,0.028238827742334154,0.03305703522864972,
0.0065956282557504235,0.0171633920645483,0.026469022750217275,0.0348224125284118,0.04134884741417895,0.05153211809804132,0.06169132698796831,
0.007192017103466572,0.019138234061312334,0.030155258925054523,0.040849034036223295,0.05072006645046018,0.06256208571422545,0.07553239792188127,
0.005530897605904452,0.015121071707868578,0.024752438204192307,0.03375369289768487,0.040680976195644605,0.048157285249273055,0.056283535707552894,
0.004069556769466154,0.010259998339025444,0.017437400732656507,0.02339682335201017,0.029426314319644934,0.03427965459815566,0.04019641802896406,
0.0047779009598479735,0.012173241094171549,0.01963473403304582,0.02646232254000233,0.03135724780875202,0.036598700612071336,0.041019241990642975,
0.007609903340959804,0.018832455313920107,0.0290393485302766,0.0392177409887316,0.047814336441369856,0.059092987871181925,0.06949113741369521,
0.008433766634050443,0.01986944583903441,0.03066677209920066,0.04090050694209047,0.048596923172346734,0.05465967004714949,0.06183511924468735,
0.00747964541594255,0.017886795023930206,0.026248016402083633,0.03463705281682358,0.04264341675672431,0.05120606975935602,0.05934986910718664,
0.008087786395841736,0.02092267616081314,0.03265668077134379,0.044376866444517854,0.055338673196629905,0.06761497756291657,0.08048352506066962,
0.007577240532666823,0.019098593331167396,0.030961936790226293,0.042560252774086094,0.0524616325476679,0.06311116874447951,0.07442242599860335,
0.0036692375802606465,0.006735017614788009,0.008902678668474112,0.010794100870524136,0.012348939234474846,0.011547792701342829,0.01644920474060418,
0.008974363161121436,0.02139095595762134,0.03302075846379385,0.0436535167305578,0.052616866969369486,0.06235385532719043,0.07298656708780048,
0.00494517822093552,0.012916334657767713,0.020415864574516714,0.028301224828797288,0.03442975241652401,0.040187842169249255,0.04617096978469468,
0.006217800670441886,0.016652077305706427,0.0256690658462774,0.03335359903886407,0.040033392167390554,0.048420354169263526,0.05731142777562386,
0.005997306629585554,0.015211867074588579,0.023232855795571154,0.030495911135281766,0.036463581669377215,0.045279789363799755,0.05533042438165126,
0.00598838714490379,0.015235020757170642,0.02392251138874239,0.03409892994296813,0.0430920415817157,0.05233658124256801,0.061958978252106944,
0.0038030804607364155,0.0076147789655864745,0.01036489638282002,0.013672284067459342,0.01647707508281061,0.019925015181812784,0.020776164695971207,
0.0056937980706693,0.014005075134741016,0.022142321788558714,0.03116997910941975,0.039603435185114284,0.048544550415746276,0.05723992523972992,
0.007838387700307273,0.020159121954844386,0.03231922704540513,0.04386758521541154,0.0552230459812416,0.06697607860470761,0.07942220920148345,
0.008064219058083971,0.020388603722608853,0.031815327145829485,0.0425830455454008,0.051154190196927025,0.060429281196832656,0.07255608566740827,
0.005648936401142651,0.015255574795991935,0.024669783938392413,0.033938114185446004,0.040433320424372456,0.04578513300400524,0.052706014403133536,
0.0023923408385320708,0.0041953129089569476,0.005767551177704001,0.007266469854117612,0.008167948833514748,0.009218421706223834,0.009872098006803613,
0.008806351473064305,0.021186890887678424,0.032758324353578075,0.04379487391965931,0.054829079049691636,0.06726161769849298,0.07930878170219345,
0.008337517439144683,0.021199071872576934,0.03376233627377603,0.04720046387698669,0.05725443421176144,0.07033213861574122,0.08163822368354631,
0.006924432070580503,0.017221098266944502,0.026594035930337424,0.037207005154210125,0.04986809359825632,0.06661959016661041,0.08325789155594834,
0.007503233250349516,0.019057965498121464,0.031056100550517936,0.04424084630321165,0.05473079456681692,0.06566304255545864,0.07632742717820797,
0.006383927379699944,0.01737893061696903,0.02722449894162495,0.03750527494060752,0.04817696871843558,0.06256425057438918,0.0771690320631264,
0.004226290009914948,0.008388589417462518,0.010787611066575376,0.013998646423618293,0.017300483782570982,0.0224985514967466,0.024539870518291165,
0.001170799796252697,0.002109182854981279,0.0027432227116556025,0.003349144075974087,0.004018262509685724,0.002079823964576859,0.0018732525039273328,
0.0036675882097965034,0.007045626466357569,0.009424254338802385,0.012099478399582695,0.014458499776629757,0.01698434409959328,0.021509694499668445,
0.0036722638089348248,0.007242375434978245,0.010204464170789284,0.013753168115910907,0.015288962866595321,0.022200190036696387,0.019830218197363164,
0.006008232360596133,0.01474400767350129,0.022551151265455188,0.029973459259276584,0.03588362297197568,0.042086760442322804,0.049003743341512515,
0.008505584007411244,0.019043743427081147,0.02881016482752222,0.037877754770710814,0.044662161967701924,0.05172771496676648,0.05823958894671101,
0.0024351819522885334,0.003969277965607009,0.005470649361646002,0.006126926191966086,0.007335963792444834,0.010685826619594888,0.012138544936941597,
0.005825059155145195,0.013803378008972475,0.021111461255407523,0.02805721195249712,0.035467141201801965,0.04159572602917195,0.0478160689505421,
0.004732197445951992,0.013330694640559615,0.02425807375198456,0.03506013625858275,0.04930877820863593,0.06657038244251734,0.08406380238754001,
0.006060643186257563,0.01521174336659378,0.02397949454171543,0.03256284744144191,0.03993234088473391,0.04801937491670804,0.05829401261804236,
0.006437096606009136,0.016505751774406746,0.026106178356445256,0.03437455137554692,0.04007108148651992,0.04681475510652256,0.054846968477442255,
0.0061002330338863365,0.01605514331579182,0.02746053246202671,0.03936191379100767,0.04924510563887506,0.05922502050019806,0.07111913475168526,
0.004653199814886455,0.011768245542946011,0.01939358335261898,0.027059767914299725,0.032406751893860955,0.03807000452419289,0.044311257835192866,
0.006181943823629706,0.014226108525677173,0.020892021600914332,0.027436184218856848,0.03323685025131935,0.04084309911593925,0.04691093079601508,
0.005533310775614236,0.014127602319459275,0.02093690671888591,0.027325924139161083,0.03333588125209808,0.04105565413884428,0.050005787059449774,
0.005650380690291349,0.014669717446412218,0.022452245428057276,0.030411544033803518,0.039297343810553664,0.050412761660707524,0.06063287910746183,
0.005588298339643363,0.01261684756160797,0.018564382527516257,0.02494156589977605,0.030777091473353765,0.03911286302594875,0.04376566447059813,
0.007738203998474749,0.019936654410616764,0.03111711154458675,0.04237144106409494,0.05246819910843801,0.0638327254781549,0.0757878463224487,
0.0060138517914780825,0.014846531967070191,0.023270444073704172,0.03139105749985045,0.038629771152068004,0.046535340402093915,0.0532571058618187,
0.006859625160619202,0.017121948355555708,0.02684589892565927,0.037130891916188125,0.04602021727777853,0.05675080362706499,0.06927382872533588,
0.007855828962520114,0.019293735151157173,0.030682632158910587,0.041271766002949975,0.05033514539050253,0.05864316984734493,0.06648468826279925,
0.008079900598218155,0.02005534128639753,0.03168175244618247,0.043364777860136844,0.05392599958317655,0.06519957003790594,0.07782603566758087,
0.0061970246473612,0.01522276157647629,0.023831266368192498,0.031932122447736896,0.038970749037414446,0.04787481243325973,0.05675391059421788,
0.006930618598568471,0.01772714871233484,0.026981021468085488,0.03604911388872089,0.04631337030202351,0.0573934258624362,0.07064367768103662,
0.007243591600715356,0.01879991491317898,0.030057381606777567,0.04220727050835821,0.051819644002267226,0.06347973979081976,0.07456532681729612,
0.004534306832575747,0.010301871946054099,0.016301653417751836,0.02260535087132177,0.028042735619270513,0.03305126873822851,0.04001548873024435,
0.007262390731547068,0.018275623510149445,0.028130312833229837,0.03904693561885452,0.04940482452228242,0.059289820237743956,0.06814834759577157,
0.007029700848713312,0.017010737087486544,0.027908320249830833,0.03885960492281248,0.04824671061859562,0.05827993638778452,0.06868131881325695,
0.005357295866449835,0.01518686749033992,0.025776017586328692,0.03685566601724942,0.04659570058625933,0.055823644923275254,0.06413851100293536,
0.004141964198212776,0.008058464274986573,0.011206300491925458,0.013857243380055126,0.01628472642034751,0.021416087013241714,0.025386208592096598,
0.005794745400475554,0.014326175471682587,0.02318842054963563,0.032194598562563306,0.03882445987228861,0.04496949069956438,0.051271909398192116,
0.005877483973858229,0.013520781808289428,0.022332108978903788,0.029910721784765375,0.03649082955461136,0.04232691945482014,0.048648619250861495,
0.005753002984819308,0.012564192413992682,0.01819852549116886,0.024069871582147098,0.02925554132545052,0.03505584970416794,0.041777415790299484,
0.00666037774227676,0.017200923786693214,0.027473179938900163,0.0360638457467666,0.04311024752846743,0.04944595265521215,0.05806391711044038,
0.0041935310268416915,0.00979302003880339,0.015488181824245493,0.02324233125290124,0.03603600520430029,0.05215406474344827,0.07741258188708156,
0.008383429597348396,0.02084841222523528,0.03247782801265409,0.04305419476476774,0.050867166684142914,0.058265489294047505,0.06659924766025162,
0.004616349933175287,0.009163767678685554,0.013465248133939636,0.017047105461327035,0.02129151006896668,0.02682023730751686,0.03200908043912693,
0.00831402793848952,0.020976061855013658,0.03329822655449699,0.04461791474902796,0.0563456593146316,0.06898526379856319,0.08173543197684364,
0.00578050924202909,0.013969833067391444,0.022364595995051213,0.03137230181496788,0.0390219136121608,0.04558547743952951,0.052274005038307605,
0.006028361188364764,0.01690029970098848,0.027262518377241605,0.03637957467854291,0.04301905725646194,0.05032270325506615,0.060444127871710635,
0.008051606583028777,0.019077593055345513,0.029049537382105816,0.03944804947297697,0.048062052162891285,0.05902910176018908,0.06825404092991011,
0.006987446203260639,0.017347862199824995,0.026885507923134693,0.035017336378416586,0.04172757875917042,0.04961911516613251,0.05726978344251256,
0.0052572123932128675,0.01289635808526591,0.019983956298348336,0.026224032217019876,0.031513301681211296,0.03800124321703715,0.044487734316984114,
0.0037611366610433576,0.006608847471996103,0.009088092070591372,0.011582181155759087,0.014488771112403284,0.016613067474929733,0.01979335109737155,
0.001901015796408275,0.0024248923971249975,0.003789795877892743,0.006085278293414121,0.008315509705410904,0.01690820301166826,0.020896080637704092,
0.006035187105179676,0.01597047628344361,0.027143643602647333,0.039575720992711186,0.05055235963310059,0.06345420424329619,0.07641515429585378,
0.0046874177858396695,0.010183845305871617,0.01432980122713934,0.018124847704009434,0.02194293394935055,0.02858328547652089,0.03201036777370385,
0.005684330583256647,0.01439421070543733,0.02317678333273143,0.030977988934497276,0.037748211328513415,0.04396670232849493,0.051503363354291114,
0.006351924459123848,0.017172514969482144,0.02697755691023065,0.03774703709925914,0.04698490661339857,0.05660968508740365,0.06499238823980504,
0.004936463087583778,0.01262376910611102,0.019516759983229652,0.026728232163310862,0.031874111839963186,0.03834864071747296,0.04473141731529511,
0.007534317560528972,0.02070154903345947,0.035429175961121,0.05171777250542679,0.06647363569831033,0.08084126552746485,0.09821104145801457,
0.006591547512406743,0.016868328740255983,0.026341344356996577,0.035332653967279797,0.045159366271901015,0.05571584250420733,0.06692929791348579,
0.0051456549931218135,0.015108430718598352,0.025233983979617573,0.035615965584216785,0.04336170142683154,0.05166727006098332,0.06166645845067054,
0.005530417820960217,0.011683426489491246,0.016514057147015825,0.020955607691006673,0.02617319737507007,0.031110735205481372,0.037849331290177105,
0.006773311955720794,0.01563083357860628,0.023753712921469276,0.031218913212256963,0.03862298365045637,0.047708891967617933,0.056004466985869666,
0.005969517142922286,0.014540995431511985,0.023146971274843865,0.03203608131479013,0.03915759777402282,0.0466306439205279,0.05392798677744409,
0.004844261622978465,0.010278259089177951,0.014265373225958595,0.018120410022220222,0.02155099484967684,0.0264368090492907,0.031165844928259207,
0.005600533537212585,0.014127208348778484,0.02165494617938415,0.029847651136833447,0.038464069312352356,0.048768934857260686,0.055598952988480825,
0.005216860525395743,0.012352761726231619,0.020630646470613315,0.02900959064046393,0.03730043363800717,0.04552497025001104,0.05232038241986929,
0.006340173383877048,0.015773755661426477,0.023794467215669288,0.032377914556024144,0.03958646103407411,0.04955618625059209,0.05546380466340699,
0.006039806994111886,0.014300113408790813,0.022561065526634397,0.0305869643163541,0.036739373857092035,0.04385135976106385,0.05069422052605199,
0.005633346069654043,0.013106798678854217,0.019646384712337345,0.02518610572205064,0.03003096752266045,0.03450930308334942,0.040102443248213264,
0.006797428639181888,0.016131746490777,0.024108318357131436,0.03173065900793471,0.03826413979707798,0.04526807029446185,0.05278878779227179,
0.009237460424819717,0.021002497590978414,0.03166318811422203,0.041325739328697625,0.04894446208863389,0.05648941900683548,0.06356409932415241,
0.007033613977356362,0.018330102746561685,0.027881925722674335,0.03686609892788683,0.0454784096257797,0.056986232584830994,0.06877363667140686,
0.004874534726413832,0.012335318496500788,0.020937957079805048,0.02934698364169108,0.03772759321292435,0.04620881436958866,0.05301792986898058,
0.005510717992427287,0.013394880899615835,0.0197978860512129,0.026858089867467322,0.03492835844705969,0.04334468083104843,0.053147810379979336,
0.006023670420106784,0.01483727845130379,0.02199007337290343,0.028579869401732443,0.03427131108185139,0.04060555305260301,0.046055126709873606,
0.003051028566489322,0.008007151534085172,0.01343612262496482,0.018396757046741378,0.02284640984894921,0.02729804532720789,0.031516259525400825,
0.008002228382641153,0.02024523681583814,0.030521346785890843,0.04020017892157064,0.04938897129019661,0.0611014033371533,0.07416685319795706,
0.0061907918663379555,0.015272533685457555,0.024499822557082777,0.033905669043209186,0.04208407137135061,0.050665348101884965,0.06126670941033962,
0.007348067928361588,0.020549287975225494,0.033133517526111406,0.045201863794386996,0.05580530023059702,0.06571678644648685,0.07240487034309372,
0.0060924931700247174,0.01547522678985625,0.02440558935896133,0.032609852715480406,0.03897171589362532,0.044216301591315746,0.04955802891518956,
0.006179087662042443,0.0147681628197485,0.022381646590553438,0.029334015217730307,0.03668114448329795,0.04526355093996136,0.05423952730948755,
0.006481164678055595,0.01625350321379586,0.025386237680026034,0.03310275871594049,0.040299344169715874,0.048081042030553925,0.057691267306800985,
0.005793342651455586,0.01452488196527065,0.023590394204096567,0.03179677127511837,0.04058805802728021,0.0476875609941489,0.05417672248977642,
0.007553639085305713,0.01942001855361298,0.0299991431829439,0.03983569324561658,0.04919695669733475,0.06198315118975781,0.07161732222941397,
0.005454362198890081,0.013421367858319641,0.021534023543601347,0.029701256611286135,0.035812274808880516,0.042392257320165834,0.04975634399827204,
0.004900757851777931,0.011442839855198016,0.018210250755132527,0.024812266213950253,0.029557903427005688,0.0345379630407141,0.03903944550837664,
0.0048264377344770844,0.011910840304015305,0.018435235713715827,0.02467525350500831,0.03003625263715981,0.03604861847714266,0.043293891292071514,
0.004399402093672042,0.011706785488255532,0.019170544579903758,0.026396022955898255,0.03327167689546691,0.04097625771660779,0.049206673366189384,
0.0034119134705380494,0.006586160582428664,0.009862097497626026,0.013617601875981943,0.017736042463816538,0.022099794546836762,0.026691546655057605,
0.005564927414835059,0.013858127323357441,0.021511802964060883,0.03027388756996537,0.03832598217895895,0.049254435952938984,0.05801232437752709,
0.006273308334296271,0.016817528824924374,0.027583339395984115,0.03884467668870168,0.047335395324854035,0.05626932310914529,0.06534745097295001,
0.007361592832120961,0.01776129306438588,0.02780193812626843,0.03685295229549728,0.045100221042099896,0.051781753834078424,0.05699767617121635,
0.0058822129784182,0.015580258644848986,0.02556204169089709,0.03524839801394305,0.04383520919802503,0.053935080139238256,0.06359518017765407,
0.004039505814031016,0.01001864567676768,0.01530753339007074,0.020322167693809578,0.023957033929733033,0.02755998908311127,0.032531298477961997,
0.005980139793494074,0.013214201443135162,0.019773358416455472,0.026375399195806,0.03242593629932072,0.03873040771296825,0.045870667840493144,
0.006229304140454864,0.01402550979711936,0.020998191875553324,0.027530505300579024,0.03479401322046272,0.04425060236389299,0.0523189634035746,
0.005407471850905868,0.01291832747940092,0.019590429008210702,0.026240508727123444,0.03176068489377925,0.038413611316218114,0.0450998585048986,
0.0041904448363693485,0.010889661036086908,0.01731202732642779,0.023601634184053998,0.02823675272985942,0.03451217095496893,0.04055661626168037,
0.0038153842517469963,0.008270230607097808,0.01225080525071948,0.017913561754415174,0.024019446678804523,0.02967224036188039,0.03726945345890017,
0.006733764681128881,0.016978666883536747,0.027674595109875664,0.03867259828605612,0.04808945214131896,0.057097423235402324,0.06956450302573104,
0.004091074200069266,0.007793104122612848,0.01056894328166209,0.012949537307169174,0.016393752669321887,0.021621579414854812,0.024132594601122822,
0.005809140595269952,0.013535475886478266,0.020105005255558667,0.02622449463499432,0.032486219075299715,0.04163614658042533,0.048056578224122376,
0.0035737409547413894,0.010872798483133573,0.019911684889548555,0.02838467096255096,0.03623607394861163,0.04264363568777896,0.047576473939115044,
0.003542689460811792,0.010210537914197248,0.01712252985991324,0.02348502609489696,0.029030563773319248,0.03509481377033266,0.04536368427469212,
0.004942348826540327,0.010948305074378113,0.01674403213716625,0.022793475881807284,0.02989362170466057,0.040773245081195994,0.04911106489064506,
0.006671970755464172,0.01690425705436027,0.026069594426195074,0.035099635024460986,0.04265570376571598,0.05178243773726074,0.05980054069255883,
0.006653465315824982,0.016260578483550333,0.02500630107967411,0.03335925445526743,0.03994097065118035,0.047784138463015186,0.05622657097519466,
0.007530697546286711,0.0207292696981973,0.03395375301707571,0.04871072257929769,0.06227250311210807,0.07793250462768778,0.09165337623215603,
0.008766258300896486,0.02220639578086768,0.035290550226673,0.05030732484967681,0.06384188202914118,0.08001441168614537,0.09556376747953985,
0.006835097565611756,0.016127702564548655,0.025499475331214584,0.03353166235950938,0.04060499406173633,0.04712691691404927,0.05324204248404628,
0.008001756253161744,0.02048734379569242,0.03195570355681359,0.04237870565625992,0.051212372167618946,0.06298233706217,0.0747911080796597,
0.003503618271023644,0.007195760391094393,0.010140778224743806,0.01448592682461835,0.018199641819057526,0.026067378105030233,0.033806805647252254,
0.004181333210780617,0.011018446036373293,0.018648222903225015,0.024628333540261414,0.031769260163859676,0.038223197302203415,0.0443374652421921,
0.006404559332943154,0.01714651420745238,0.02685460038008213,0.03713048741309688,0.04679317070109156,0.057618821512185434,0.06601237136263376,
0.006703000820996126,0.01702517997288003,0.02564860282605551,0.03321965745838519,0.04032834968753709,0.0490116660823373,0.05877891703624804,
0.005630931280716549,0.015453013522318898,0.024997659626726506,0.03570505481055886,0.044341834696890264,0.05291536175067254,0.06175642337846735,
0.008635407142775438,0.02058406350399264,0.031927544290767614,0.042680391349160025,0.05109426629122976,0.05935092096649674,0.06892262309270704,
0.006985569996150669,0.017699485101791118,0.028318929365257026,0.039786095472060856,0.050219037748207795,0.060614887572480104,0.07251123633342044,
0.005741321534014082,0.013265389117941196,0.020438303177251708,0.02696230331406969,0.03202176564470554,0.036649972639003534,0.04113763160117576,
0.0052140663454589556,0.013367582287571025,0.020523699430205055,0.027587732369374573,0.03601809911906793,0.046181737843760125,0.057341301934367775,
0.008171937413648123,0.019629088047570718,0.030123650775491184,0.04073943100367574,0.04871622082919144,0.056638152865264385,0.06439953748898515,
0.005500983530145511,0.01364334040287606,0.021676328238308406,0.029821422046513682,0.03689357799895714,0.0433216779733778,0.04901161717089767,
0.004931242487858811,0.009997674378857848,0.013745837173289923,0.018025549673170705,0.021222889308477273,0.027932707412046773,0.031969985312485016,
0.007285566253578608,0.019463321022024943,0.03225753460056711,0.046615827969159224,0.060301235985239836,0.07630869149376796,0.09348942930279595,
0.004216850409268227,0.011012478177554953,0.017616732840194632,0.023127067581923653,0.027935071754491506,0.03461568339555394,0.041600822710160246,
0.006662522646651614,0.016206315371281612,0.025415680239558383,0.03423556965254646,0.041929574074434824,0.05039181531795422,0.05772976632031031,
0.005699547337957948,0.01256126849837046,0.01860899008045716,0.02525205608349023,0.03205523396446239,0.04225158030924366,0.05082369177132764,
0.006249350993600131,0.01594378395715079,0.025023569825456105,0.032722238254390815,0.0390838477256203,0.04697465072761915,0.0555273299182866,
0.006637303646031232,0.015004519133712703,0.022546178099101886,0.030473989276417812,0.03767372199070778,0.04564750299931041,0.053950366171479816,
0.004700059307686904,0.009794450485984372,0.014898648077098295,0.01908992461926218,0.023256406891993018,0.029093537580187935,0.0342320749578864,
0.006316781926094322,0.016210255157189525,0.02557070469866656,0.033804896090209154,0.04127035496302709,0.04953384553928806,0.058999983786821364,
0.003383863699469979,0.006491057914978901,0.008574634067752841,0.011966688895896301,0.016566621449508483,0.02232330400113515,0.02937778885872854,
0.008267127002864234,0.02055605857532241,0.0317429079434961,0.04132941578261295,0.050235180645560776,0.06086777947333154,0.07231184974520181,
0.008164508015016182,0.019476628861794233,0.031456318925336554,0.043404229508121575,0.053422786877622676,0.06407548637633184,0.07465826085008222,
0.005646052916605828,0.012904659586475463,0.018848291577430724,0.025599186622425336,0.03165253990346147,0.03983043522846236,0.04648392670504192,
0.004150003180495434,0.010281400400926389,0.016539095892539574,0.023469414443202226,0.02881575498405665,0.03401992062051301,0.03968629027668836,
0.006320961386548625,0.014284829948028075,0.02189791323500226,0.028941559655240926,0.03566701182674326,0.04073758635636507,0.04527808741828999,
0.0039780167960674654,0.008030069682982857,0.009966286448867196,0.011077029381255871,0.012077568522696152,0.014055221478062367,0.015346348345813618,
0.007400550043699401,0.01841648885449209,0.028385365134685255,0.03869223578440834,0.04851375811520656,0.06007652499239727,0.07110066097550802,
0.006234964629805356,0.01499537405497678,0.024585468900446262,0.03470387095228673,0.043369831348786345,0.053511288659946164,0.060742647961170355,
0.006942377456043155,0.017807625253954837,0.02870734206087189,0.04000199583006463,0.05141857307020523,0.06474615138684914,0.07869940772978234,
0.005118946454023453,0.011498371695777313,0.01692856812638156,0.021960309397390868,0.02726904053696203,0.032684869763135026,0.03821718279458719,
0.008940341338280313,0.02262939571124592,0.0351497113086632,0.04627738971722493,0.05475543820981393,0.0635625660700847,0.07365490920919766,
0.0047241817025956995,0.008797157286947901,0.010797843947062574,0.012080645727194474,0.014548678454665934,0.01879043183329843,0.021769726697791324,
0.007358149453448051,0.017683561308021387,0.0272579633430156,0.03689824391048882,0.04540160873331695,0.055694716983077645,0.06443536912744995,
0.006177484199357957,0.01676818218817811,0.026792189435179897,0.03541870840011713,0.043304881234836314,0.05251738714663518,0.06334807264428602,
0.007525312064179558,0.018743062194557233,0.029595780444050975,0.03940130231775375,0.04772677752746011,0.05460130906766559,0.06214212915664461,
0.0053909518664669795,0.014798843570599768,0.02454659441808884,0.03448293818429018,0.04397641438832363,0.054339222740141455,0.06445571327994055,
0.003027481500248796,0.005121740201323498,0.00659406731151258,0.008011397054745791,0.00891729771534373,0.011828996886553702,0.011454359126186787,
0.005514388851229604,0.014644104667663499,0.022542212732324197,0.02883518867657629,0.03433292503118863,0.04204598452461463,0.051892619332932266,
0.006665892876447077,0.016499894098109372,0.025188613860622155,0.033717618539826744,0.0397929671755586,0.046287220532406824,0.053437801365377104,
0.008527863625779668,0.021602693331404715,0.03483847517628266,0.047752456045601,0.05789435463651319,0.06829617131098104,0.07856339025954463,
0.005750871052350095,0.01589698847518881,0.02467370904535748,0.03417227107729381,0.04224081029786378,0.0535144247446039,0.06513126226836576,
0.0017025402130145036,0.0031798399441751017,0.004433010045280393,0.0044771462116915215,0.003260201927737183,0.0008812596502480006,0.004106264346881782,
0.006009236315195532,0.014897728875145788,0.021839470227966132,0.02883611942928463,0.03567855503472209,0.04748038692083779,0.047383050935452246,
0.005922434854318283,0.012044737511644504,0.01917864251858342,0.025649534921207237,0.027647183873736957,0.030911367873358127,0.03821619425694401,
0.007708331372568192,0.017980659611962456,0.02868748338072536,0.03803309423408649,0.04675706541463962,0.05683822594934785,0.06478451668801473,
0.002739056405462458,0.006387094743877065,0.009464956686233938,0.01448882273411977,0.017592586686627918,0.011423337995962925,0.008635030642592556,
0.00633059625851121,0.016256954906666402,0.026761983217065126,0.03632203599345287,0.046188320977403934,0.055381080423368284,0.06714019169209878,
0.006168069111552762,0.015410400440118387,0.02465194188711225,0.03330710494943646,0.04026517647170366,0.04699947785180572,0.05285028464650751,
0.0068876700186221084,0.017270569764089097,0.027588219441504216,0.03717027483245606,0.045366768400836484,0.053662034676965405,0.06226937392453818,
