0.0007169532765090307,0.0030071506901758753,0.008669566507193055,0.013749747706210664,0.017359751194882367,0.024033350574113543,0.029581631122533206,
0.001469721972278015,0.007450972588165001,0.014617436989405892,0.021231042695359647,0.028999547124293236,0.03442335435247882,0.04200099933716797,
0.0007338146601992508,0.003529012035881458,0.00600373422223145,0.008830433277728818,0.011470410625468488,0.016266818716145378,0.021504455345769943,
-9.673528651927327e-06,-0.00034708756278520585,0.00018888995815679224,0.0019308542400460673,0.00024638884277969716,0.00046133975139689925,-0.017679592355947165,
0.0007910311578538434,0.004115084884884713,0.006567454500675939,0.009892659090768448,0.013462032019353767,0.01998835539516991,0.01989884979158084,
0.0009915640696453963,0.005252641528603899,0.009810014739221584,0.015093899560521708,0.01966129256559435,0.024851882341076343,0.03028249507819861,
0.0016128619428237314,0.007026483427153293,0.014364397352711967,0.022619013362968066,0.03145547393233138,0.04304690165979705,0.055400686196777564,
0.0006734640455228337,0.0024388852617862953,0.004569687127436221,0.0054320760721014326,0.009227407540340347,0.012425316205743739,0.014517982881579567,
0.0018523789936407155,0.007378887314820312,0.014674357895076238,0.022368100306647168,0.03082155068202171,0.042199110737037075,0.05453283459571763,
0.0001384578204361048,0.0007214752805962486,0.0011260307669342068,0.0009810674709151148,0.0002924224361585404,0.0003289474436084544,0.0035689904645145863,
0.001201689050451361,0.003442486167687548,0.005711872762513551,0.008950165457116245,0.010354400328165508,0.012842231663977665,0.015147446283170813,
0.0013623822879632872,0.0052102531284557016,0.010144310762658343,0.015454585898277745,0.020214326311378594,0.02593127328716442,0.03258837275087065,
0.0008604774196881894,0.0035435030033860006,0.0067176522176056325,0.0102005739888569,0.014084630535969195,0.02005533783330566,0.026417094045550368,
0.0004317168624594498,0.0020314927742511573,0.004933274754899475,0.011314872533182392,0.013430909708970788,0.018876994744770465,0.021492008665344942,
0.0016018356437509367,0.00444656478945532,0.008155169679489602,0.012456415463975265,0.017446327129851964,0.02322655021801426,0.030201157342623144,
0.0005983706836792327,0.0041346779577841565,0.00938088303804774,0.011943765030130386,0.019045028430741726,0.022189418944986314,0.025620940501234157,
0.00047540184123880623,0.003536110178068691,0.007315619594978181,0.012152690679281283,0.014529639361212895,0.01927835123244748,0.02716098351318323,
0.0005472173889016154,0.0010222469024423048,0.003288101326212027,0.005625681280673324,0.007554690176929809,0.0076098229647790045,0.01228105454836594,
0.00045133668306507834,0.0028899497799312833,0.006603305919274594,0.01150409302401776,0.015293914725180553,0.021497390142124536,0.02322640074544545,
0.0002517911674869968,0.000570548823057305,0.002942466171720221,0.004252094486183471,0.008086299973021452,0.014837689923996792,0.024401003748472913,
0.00017737821608278628,0.0029062271517223976,0.006886595191936087,0.010265425221174101,0.014659419590903186,0.01785325143522416,0.022215770922719494,
0.0016298079448605347,0.007090264574238445,0.013876997712416616,0.020105485376511908,0.02659276145312806,0.032254439270310215,0.03928883701118347,
-0.0003130868636183136,-0.00011599856259941929,0.00042098817314262677,0.0009031433704411767,-0.0024461717811772644,-0.0033195218486034915,0.001460653778525972,
0.00024230805508648873,0.0009621799751231803,0.0017736270524493327,0.0013275751331466611,0.004214833221000789,0.005434370585431782,0.007648109761554093,
0.0007453375821576449,0.0033386144895775423,0.007548743919893121,0.010946715149005028,0.014886681571893469,0.018275494491193874,0.02278308850592509,
0.0007880915481163483,0.003909672149704279,0.008178376103491295,0.012876334171187031,0.01705305770986731,0.02186895388810163,0.0269505015377498,
0.00037312601822569997,0.0038096453494467376,0.008188109761483318,0.015693500967417298,0.0266152213995952,0.033215779552275976,0.0887181936066917,
0.00034224591206496573,0.002737129435167151,0.007688677629500872,0.012778638280443858,0.016815467802762104,0.017766112979399114,0.02351254394756279,
0.0014158696467157681,0.006178359522792255,0.01138572501117211,0.016986101924795678,0.023423170120190143,0.029334244141198746,0.03658879481816472,
0.001592135808578662,0.007487508500605425,0.012457491842568372,0.01892069095042272,0.026829426206369352,0.03474153610253205,0.04309189853219231,
0.001260625397379089,0.003411619859368163,0.006827346891408362,0.010457782277269005,0.013743539256343201,0.01825617713856126,0.02132502120702216,
0.0009467911355659372,0.0035683036393618374,0.0065869295792031594,0.008775013009476893,0.011643180494507162,0.01495110001562107,0.019125758265180485,
0.000990258768053152,0.004793739043702502,0.010563915514612112,0.018915455615213125,0.02708631567143081,0.03841228605812396,0.04534752159680591,
-9.932777244545625e-05,0.0008578343018614034,0.0008591862450618347,0.0014118868074787627,0.0007975808897088041,0.0004971648613341022,-1.3774431161097035e-05,
0.0009672338504041058,0.0038121741962718193,0.00843996476447997,0.01438713652074419,0.01920667716416018,0.02675261973827843,0.030742019410532454,
0.001273456224834577,0.006205692813500063,0.01254993430500942,0.019371802435693933,0.025700280880254226,0.034099313665623104,0.04090274402641733,
0.0012271011526702208,0.006016364494287707,0.012014560394661535,0.01796701419425807,0.024177915040722916,0.032074375011283525,0.0411297199546001,
0.0011576661873626722,0.005096612178423459,0.009795748365891232,0.014203652477123392,0.01839689092726006,0.022624290048832436,0.026808845713292805,
0.0016356204564542875,0.00690347072267609,0.012761352216057658,0.019137682218806018,0.023541752629212532,0.028108457645491865,0.032642299443508264,
0.0001571723285693091,0.0021437073106063426,0.00500258902495594,0.007668767306861277,0.010920708999737943,0.012743729582004292,0.015489285137451722,
0.001480762067899646,0.008714763139802548,0.018387627959349114,0.028918136594190475,0.03703379274642226,0.04707492677886548,0.05860549852222354,
0.0006247114657508961,0.0023847960485974193,0.003668837669106014,0.00570703353108267,0.006666772322874864,0.008624748287162674,0.010770556584877264,
0.0021205792288384335,0.0067920439154446725,0.012652739441988779,0.017945774496840764,0.021883985144929913,0.0262004287351596,0.029887295787438508,
0.00111983281584023,0.005830822973078687,0.011601324382302323,0.017127998233956707,0.023100913476363037,0.030102670124831487,0.04000974224238895,
0.0014179157172507066,0.006450090571685363,0.011728537444890687,0.016847247739015532,0.021947029761761452,0.030051686095863058,0.038253063167627215,
0.001999381449414507,0.010051359190388824,0.020990180063171757,0.03325378569378489,0.043950009488089525,0.0553791548447969,0.07061821151204864,
0.00023427048640429704,0.0018824999946675334,0.0037824430865026583,0.005113392297257337,0.006187385537497644,0.0071764886788615884,0.010801647659503873,
0.002343225055144637,0.009244801471303996,0.017891827067425266,0.02626522272080535,0.03481697255025441,0.045636435631311575,0.057056031597922725,
0.0007575457486040854,0.0019215275913462859,0.0033858738007853813,0.004281685119905342,0.006791136712460599,0.00563212715546797,0.012146679248650516,
0.0012599822602336716,0.005335218043655666,0.010746371298208553,0.016479569098581233,0.022199016192803192,0.028202236195417726,0.03320256968863234,
0.0006929183310279084,0.0025116683282418104,0.006109389476745263,0.010419112787355718,0.013542877989767638,0.01804281164766586,0.021440803171294473,
0.0005624589541181077,0.003664236334288932,0.00743411134172775,0.0117921105098028,0.014209211655191527,0.020240783895505886,0.025942186682097423,
0.0017937894777918797,0.00730649099723187,0.013718502724896338,0.020439618901650455,0.027804129476049596,0.03294492356521373,0.04012980125678747,
0.00039925685249497805,0.0037553199980107223,0.00873767381014776,0.014123724266189778,0.02031945859547885,0.02128617332401663,0.03410328660546637,
0.0023237290405664834,0.00878667661191667,0.016442017394251662,0.024589342140506516,0.033453580837178525,0.04283520659128728,0.05226822438253071,
0.0002855804614292496,0.0012239087647147207,0.003927809817135812,0.005404369044243967,0.0038616593597437694,0.0064896245671763495,-0.0029450766893548957,
0.00019947450035514056,-5.9611381886095076e-05,0.0015637495856317494,0.0009648733255094172,0.000195008934664332,0.0025339189915573115,-0.0007400869135198164,
0.00027290746286151574,0.000224734910196672,0.0019143778357327,0.0045467814001030095,0.006754330959782392,0.005691586028632584,0.0017770206187989193,
0.000823698835880089,0.004053680329915822,0.008001300883664162,0.01269779916935658,0.017806065764751636,0.020199551930279325,0.02514819628439247,
0.0019199612801430734,0.008899948694315206,0.01742621908079339,0.028748382674702807,0.041423325580087295,0.05299538328918984,0.06738392311320077,
0.0008225008215317774,0.0055154332561651,0.009924937436324386,0.016066362889039416,0.021128495045684686,0.028819793263914633,0.03772431983916513,
0.0010905582976012856,0.005179114420709829,0.012107302036642452,0.02224618498007707,0.031702802512945584,0.040820936974981265,0.050604716147129095,
0.0015557675250903072,0.005719219126403611,0.01133016267537248,0.01699267927079113,0.02362641946973923,0.030056850788605018,0.035868390481342695,
0.00221434360992847,0.00922216595502776,0.01844491085026417,0.0296440396111152,0.03940527047900579,0.05173015423999471,0.06699066660216955,
0.0007727955160643324,0.005686689725876643,0.012375177841112086,0.0188473094240314,0.023444101816000797,0.028347000941999167,0.03473734610973934,
0.0016979500677089818,0.006968738559318452,0.012353682216748553,0.018408846912902902,0.02423322790184051,0.03132716783855246,0.04172464164063733,
0.0016490515005242177,0.0048008378586144465,0.009565634061821647,0.013749815914652594,0.018049220902369708,0.024215193132708986,0.030309368730955938,
0.0013911643005778138,0.005989472786206718,0.011592089169592416,0.019194646644921588,0.030269606274194494,0.045223911157671985,0.07240419302774458,
0.0016017604136632807,0.0061048685824039,0.010810241100468224,0.016648669088360043,0.024542866039431555,0.028327597591038544,0.03661864560607764,
0.001124838094477221,0.008105885600744092,0.017169497320746355,0.02539570010433874,0.03316933962927981,0.04039092735986094,0.04935139912706984,
0.002435007748110699,0.011178274680996978,0.02453514058729994,0.04063859718908215,0.055472475227788164,0.07098353040013661,0.08787998070000014,
0.001153771484249149,0.0068879493462932284,0.015670909795718103,0.02621024889251461,0.036807398435162224,0.050611433699619554,0.06830917493228773,
0.000131624233427215,0.0004367172830718336,0.0005244002926873428,0.0005269597269993901,0.0020111832104751583,0.002202715267077519,0.003491981576582718,
0.0014783800167465476,0.008880088423713874,0.019884529195341356,0.03298389816522982,0.04650969152174076,0.06167249426165624,0.0810168448756236,
0.0010431393735801377,0.006374446231317332,0.012680132928044813,0.020721329831376218,0.029279718583093188,0.03752692439847605,0.043919343594420804,
0.0003704838587958837,0.0029119931527034396,0.005428828615516682,0.00806136213905454,0.01120629839830421,0.014412441560504254,0.01795755649786517,
0.0020871605495611507,0.009259675476643857,0.018084731851966736,0.02845495720515526,0.03659644924829275,0.04782743907804577,0.057965789743305386,
0.0016720249062907684,0.0074701295095472514,0.01334847580475767,0.02034450294949326,0.02809819094237431,0.037174271515377666,0.04863715952263795,
0.00044137808746195595,0.0014830927501433746,0.004539448961262725,0.007094574773301329,0.011349146740232243,0.017495371891528957,0.020153102066976684,
0.0015296573829319923,0.006607796123820343,0.011485176541329873,0.01977331593914017,0.02615771116399641,0.031163754222504753,0.03822534107161746,
-0.00012472452572720783,-0.0004746451708364444,0.0007381492604255311,0.0007932990859018816,0.00025118503531222614,-0.00144365962895786,-0.0020773109315726434,
0.0015899977550742604,0.009200638842931232,0.01930303325267801,0.03372877012444166,0.048026420141532265,0.06342228369857557,0.0778286163250634,
0.0016549455667689106,0.006191128687728684,0.012443118233304238,0.018568634683063755,0.024006026762039497,0.029297781385196536,0.03562284567352106,
0.0015442960599315908,0.008149554128087712,0.01530904376922691,0.023296335000149875,0.029526583468003523,0.03613413945956359,0.044842193701341244,
0.0013188525220020036,0.0033565062873154258,0.00596685075827168,0.00899797662809334,0.012677412057608107,0.014277727996166393,0.019760660033684378,
0.0014447478825950306,0.00628185586129877,0.012057266128060701,0.01809300046656381,0.025541448872776006,0.03228176801528615,0.03969571564179649,
0.0014065182663413635,0.00563727932096647,0.011614965850625473,0.018707358835372723,0.0251304450094425,0.03385370097074339,0.04185928785979784,
0.0006145932974440585,0.004913133085387878,0.008734564078529574,0.014915060138548668,0.02002248592120791,0.024659584551240964,0.03156861481826659,
0.0003301788661336375,0.0034545757077366983,0.007176976872324101,0.01230016890740917,0.01658829680477235,0.01948307681130322,0.02422473334733556,
0.0009061232331707654,0.004098142656757227,0.0076169566829258,0.009661002882384667,0.012655293278522592,0.018367988313169055,0.021828645469488962,
0.0015432591202928134,0.00626498219561067,0.014955980912576107,0.023637614526387164,0.03261525965943288,0.04296083924905804,0.051059732489938156,
0.001887897476746337,0.007262335572154751,0.014986815746766526,0.021648470527710465,0.0293357822300058,0.03507739073149318,0.04195689372905952,
0.0013047956837131261,0.005949214842195682,0.012523440741536421,0.019429658194504814,0.026970126107794326,0.035798721938212666,0.047391436641289524,
0.0009709401589661906,0.003536906563724941,0.0071663039484661075,0.010654051580470274,0.014143086226761099,0.0193055770203649,0.021834477553142537,
0.0014899405919523339,0.0050271995259745786,0.009610040068514264,0.014262684361972883,0.020775334896939265,0.026786756159088657,0.03173100464192155,
0.0013006146832428842,0.005560422469273642,0.010578578550014898,0.017639868088993312,0.02262345633451401,0.03352678771427175,0.04112579307523622,
0.001763695628478759,0.0056801311974708345,0.011929727680573871,0.018426954932481747,0.025026343998276253,0.032380094937313725,0.038478187478774274,
0.0013211394655588263,0.006170282994619598,0.011052428851004548,0.0162744782435586,0.020304149845614915,0.024126346830775264,0.03143553631148196,
0.0012546964497442135,0.005380549111171141,0.009938141844633907,0.01574851240910657,0.02219107247417916,0.027710743431523965,0.03782525536784697,
0.0007515639894061497,0.0023660815038218036,0.003969907086612615,0.00479720102540537,0.007796554459050992,0.00808238659721646,0.012743959160213628,
0.001619368013934947,0.005373961960028929,0.010022945428268197,0.015074364688088876,0.018590657846074613,0.02229549184195018,0.025874160992279942,
0.002424128882559446,0.008868694164796522,0.016810836337290084,0.026804665525945775,0.0364804201510989,0.04675703494684724,0.055599890864402715,
-0.0002397304931501475,0.0012055024750956258,0.0003099106708129818,0.002969254596247388,0.0070713408405136515,0.007139311718853183,0.011421519873334167,
0.0015839576238925286,0.005989547490853934,0.013122942965708264,0.02100676603702301,0.02858307523748389,0.03920089619285736,0.04326128067089161,
-0.00011710712101931317,0.0005009417132140851,0.0003579218900505279,0.0006431361337210021,0.002535493215822831,-0.002157498462681548,0.0007712491811083369,
0.0008128567756039579,0.0017748138870199261,0.003237830400028286,0.004362980602933314,0.00709909680068366,0.009741175752612491,0.016982198673271224,
0.002295068644860981,0.009442418046271765,0.019102470330622786,0.030187048356754783,0.04036823344563614,0.05225544737147567,0.06178887786311258,
0.0004868823477565272,0.004451547313309326,0.012556301186768754,0.018506467500121533,0.02598178011455945,0.032457137495360236,0.04086460311215913,
0.0002408728643009154,0.0009502150257872608,0.001560841622764735,0.0027089675975432775,0.003790874943605417,0.007337236165048858,0.007366990463552946,
0.0012888288427427323,0.006173881692923274,0.011973244802956022,0.019340361193565855,0.025811046790383107,0.0330868753127818,0.04037967759814431,
0.0010798527601937893,0.0059980769662747345,0.012045637898721038,0.019403709663283735,0.028931030256023917,0.03436229935843704,0.043624133226583976,
0.0003823116245028785,0.0008408832984773819,-0.00017067535301081322,-0.001178391967001771,-0.00042456767599173057,-0.004383333155742294,0.010081049996766291,
0.0013270887102445625,0.006298442395370475,0.012712865667333427,0.018540240522836763,0.026132875875961716,0.03212128308423819,0.04058963250662675,
0.001238298403813623,0.004961808139420973,0.010163916303358085,0.014654032269112877,0.019842748990049012,0.02626076437342056,0.03302252998957733,
0.0018201033515906706,0.007883326505439733,0.016473701250706588,0.026674560776677275,0.03645171264475066,0.04947108749811715,0.0584337623957157,
0.0017893274683452132,0.010796689336449729,0.023621228999940493,0.04174117574292922,0.059883376971766177,0.07989195827506367,0.10152012148060245,
0.0013762557194528233,0.00901088813931569,0.01940996527073603,0.03262836428335659,0.04660187363736321,0.062236022767568656,0.07967336260280723,
0.0009276405855423897,0.005191119445524085,0.009980563104118123,0.01573255191244864,0.01971254281957369,0.02320950089050604,0.03093128423791257,
0.0011568024436915364,0.0055224374448153875,0.011024858342797629,0.018260644070163198,0.028697347798397103,0.038710531433530634,0.05124101346878253,
0.0006771951835085611,0.0032033300918404236,0.008330570393525838,0.014911653977003177,0.02308752045652859,0.032457416166888776,0.039779193528122196,
0.0012920631455236894,0.0021319336474629196,0.004512477142198533,0.005886707595332722,0.010318630633998876,0.010381551103573444,0.014862647502416887,
0.00038522709479902017,0.00016355304280239703,0.0006763756827127955,0.001826377515184292,0.002891713429646947,0.006042685915817793,0.006206075977546782,
0.001997763262709015,0.008214033481152265,0.01570058262356448,0.023269556193990685,0.03058866583101431,0.03995873679266367,0.05046893366852343,
-0.00018645415256714676,0.0022598149871283424,0.005263837752468028,0.006954921171392141,0.009377385418606696,0.012145368179953481,0.02199109735600974,
0.001302611814482729,0.007217165981222875,0.013726604608644381,0.021646356672905945,0.029255441414765174,0.038634076980488354,0.0476215648070931,
0.0017911564938058757,0.00768613122487493,0.01574255021741933,0.02466233523132895,0.03220530027233878,0.04135598869249521,0.05181517025584774,
0.0005019428015900657,0.0034705316459212546,0.007302361865449738,0.01220139917067457,0.016830560221350103,0.02192760665463385,0.02557092961310952,
0.0017687903337876467,0.007384144853201382,0.013713324987901275,0.02041783911030182,0.02605609967409173,0.032664447212043424,0.03804353779067027,
0.001361679983783354,0.006699306883026045,0.012606448295016339,0.019037747181434965,0.02692865116035867,0.034507776935447605,0.046479013365186034,
0.0011761987573136181,0.0033203337638120574,0.007299462692746321,0.010945218912246556,0.01712339171419381,0.021333402660097294,0.03231929810466441,
0.0009631173210673942,0.00661322086172168,0.01452950565453078,0.02225355275294659,0.030899531440228802,0.038694527569333566,0.05222738355458834,
0.0007066950378837047,0.004858733045503102,0.007868347205707643,0.012185866140493886,0.015342498209841333,0.018034588910451173,0.025517401085265085,
0.0010685722829601454,0.00466887873116388,0.0076887974435778566,0.011066858715565429,0.015615771467425816,0.020670239147830883,0.02754496434274266,
0.0013992476503155164,0.005920253902188978,0.01216528262422831,0.019053099161889627,0.02680040125718584,0.034808423351716446,0.04274176669815456,
0.00053088220399096,0.0008502306697642249,0.0006919706458913401,0.0025354987642907455,0.003635129793321793,0.004247854673705989,0.004920296991620262,
0.0007099230557028479,0.0026540870011862107,0.005204677669693779,0.007828923877057923,0.01200421347298638,0.015096229261116532,0.02138433360658859,
0.0020954364631894655,0.008219412389826845,0.016335035449288653,0.025323486709822294,0.034033438099671756,0.043196638887987554,0.05319208597880255,
0.0013280327570944878,0.007210112913175634,0.014439726359572656,0.022137952125061353,0.02877187369743743,0.03464257457440491,0.04122126060815922,
0.0017333433941666998,0.0072819365132211,0.013734309138224857,0.02089567784408565,0.027003041099706568,0.03269902263357163,0.04051340256338862,
0.0011832962781303774,0.005041894535736544,0.009619715701677524,0.0170955266155523,0.027074148634250193,0.04515428829231942,0.0752726910977819,
0.0014030759304555099,0.005781891563715383,0.013101973031198082,0.024429472634237993,0.0406076172196962,0.06829729102102616,0.10847960328638125,
8.922149528506125e-07,0.00021980528302504787,0.0003245103066312344,0.0008987563592229619,0.0021099996134243387,0.0014224485851435352,0.004684391048059564,
0.0008648983037444501,0.0033956942055170915,0.007112574812752817,0.011277121530350343,0.015036236784035149,0.01930397150171265,0.024229861818898354,
0.0009484842647253233,0.004489005931966617,0.008198933487976843,0.013571624224573208,0.020001355732939437,0.028683646276251962,0.0372043776026478,
0.000792422997160287,0.002678915584778266,0.00566094800727868,0.009743760898146077,0.013735592459275851,0.017590584617726886,0.02228691146710052,
0.0010613193882955682,0.007103962462787297,0.01568231495936395,0.027526914142465702,0.037551341343106226,0.05064728747222019,0.06364809387946567,
0.0005295241886682788,0.003968000140244996,0.008811528700848113,0.015400537432721892,0.022642969150910016,0.03226876094489705,0.04424501756362405,
0.001730800870152159,0.005915932737179018,0.011372426108061686,0.016611901512400728,0.021525791636158902,0.027956895189436438,0.03390256326369065,
0.0019555023339498097,0.009727884910371598,0.022361647479685758,0.03651696572502005,0.052119080089397016,0.0698077934795671,0.08517008757747846,
0.001087522360374336,0.005200577494439653,0.009951830931826942,0.015032326048174019,0.0186524698294135,0.02206843804174903,0.027410829318958593,
0.0001434203851395241,0.003459847447876084,0.008764960881145447,0.015502681723180464,0.027218913099432435,0.03239271611293185,0.045878101696077415,
0.001970223265806787,0.00713557402915769,0.015183350822378481,0.02317409619660389,0.03153322738458242,0.03962640853548926,0.04665152561493179,
0.0017524591478958922,0.0060317537658259755,0.010298250531222027,0.015265238313326726,0.01935329266210845,0.022612011862397554,0.026321881413032,
0.0008407339765110086,0.004093558097496949,0.008583597968080359,0.013057546983772896,0.01605804684881786,0.01942577387786182,0.02403279410117599,
0.0011085946937365344,0.004321445316568405,0.006905378351729299,0.010211785877401909,0.013995757535114837,0.01740561667782386,0.023565632107229763,
0.000672481652661048,0.0021177147287710103,0.0029633948632171174,0.0037275033269603135,0.004545538484821743,0.005861446881452701,0.008899216109031573,
0.00048167551861642204,0.0014892391043972528,0.0035369462226811327,0.004285716584433049,0.005502855920918935,0.008106202060700786,0.010771225462120029,
0.0014987792269323653,0.0059094073653221954,0.011915292741661277,0.018263942529176683,0.026374823999512746,0.03478885191147195,0.04216886534575139,
0.0014739007558697283,0.008008256664049447,0.015694354474047767,0.02367657816305862,0.030245831652478284,0.0380608042797781,0.048110508217660795,
0.0017484413868030814,0.007171701412293165,0.013787066440251074,0.020419901742120654,0.02584479535089055,0.03263135479656266,0.0414336930564533,
0.0016630139701686007,0.008575658409626898,0.01903418103285849,0.0326102963527859,0.045192051223357205,0.05882166386148498,0.07259979592550797,
0.0013831365150424493,0.006272763986001582,0.012604943606939159,0.019306771895657673,0.026977520082811107,0.03234775117968494,0.03899802292700106,
0.002212471440472957,0.008777614911121938,0.016258656081638904,0.024068486759722552,0.03163782217074159,0.040924051405056214,0.050972106440102485,
0.0007337567585132627,0.004076389440439103,0.008083370439414341,0.012022389594145219,0.015440547988159806,0.01952620659098779,0.025512677530616038,
0.00019784291540856863,0.0007198866836933074,-8.175468928863594e-08,-0.00013636381903846205,0.0007938768697732482,0.0028124929738845097,-0.01029106273987168,
0.0017585101256908924,0.006665781142700517,0.013073535796909253,0.020200064401626708,0.026605031208096507,0.03484562893355611,0.042379119422626836,
9.843871124746008e-05,0.0004064093054553984,0.0011371037998869774,0.0024225330015054387,0.003201748810575905,0.004237060350541931,0.012654715756024395,
0.0009645440172858404,0.0049245754399419575,0.009386783486429101,0.01399168864936045,0.016764544683955548,0.02032702261591619,0.024929562585487418,
0.0010497018544467498,0.00440607999097797,0.008677500629659433,0.012707856017394839,0.016116662571969958,0.02109714725896626,0.028034837530294354,
0.0015616565721907785,0.007374605038860969,0.013629718347026845,0.021243978882771804,0.028532287144426714,0.03466701970834674,0.04250069687416066,
0.0020996938014479476,0.00752373498928671,0.016743919031219967,0.025642430316310243,0.03778315917519857,0.0441124918716446,0.05833578429011096,
0.001504558913073217,0.007368481702823125,0.015090707869728642,0.02348337391899528,0.033080669721196304,0.043719579025602785,0.05652398890977211,
0.0009920638811034834,0.005240562461812744,0.009971148630206199,0.014207649057961886,0.018134925323263665,0.022696506795315922,0.028312031257308894,
-9.327329107441247e-05,-0.0008828889352689449,-0.00022023501632103396,0.0005350188321402437,-0.0013302484873318656,-0.0035217668552906386,0.0009674235330039008,
0.000437779714303336,0.00205533272257575,0.0027109900230793725,0.004117237663289862,0.009417577752830725,0.011219386211062774,0.01412214067769752,
0.0021270766669767567,0.008493188627309857,0.016632793529153936,0.026456303642941204,0.036941741187115885,0.046046171343317795,0.0589860527183579,
0.0007940491203151791,0.0046765530259293454,0.010736517060374588,0.017674050844613157,0.024527463987095818,0.03291240601021664,0.042472116959556765,
0.0009762871582399032,0.0011584674329979392,0.0032435678042402887,0.004654747476907808,0.007992505623390165,0.011760391336922858,0.014786627569780091,
0.0008029265003245145,0.004772416149519066,0.009861368853086304,0.01521702319146205,0.019876724644698297,0.024860013387696656,0.03143668260458824,
0.0006956583316163333,0.0007827532343460124,0.0018172995021719168,0.001279470948296449,0.0022230060575927917,0.0021861926597463183,0.003125278454698788,
0.0018233734129537973,0.008721386590625387,0.019694481239360892,0.034318188885710796,0.04984343792729993,0.06901567189056414,0.0885105498347796,
0.000687612131530888,0.002857595543352189,0.006481043502367745,0.01081299869583906,0.014470881574234484,0.0181164224023922,0.022069383678690026,
0.001250644787238312,0.005617290029817322,0.010379801716282246,0.015323566963677543,0.019532058097742718,0.022544432466664106,0.02693128013549372,
0.0014707907608351358,0.006182925757111401,0.011459511153294886,0.01817824773619847,0.025003297812398583,0.031386250888215,0.03757437227038896,
0.0012674797396814708,0.005261560434150433,0.010061712297762098,0.015588261338293994,0.02209336378892986,0.02982169085692788,0.03763175216071666,
0.00011591467470463598,0.00015493244585440677,0.0002897169934644875,0.0012275411767954,0.001011366509217418,-0.00013729230895475296,-0.0015746642325865177,
1.1148266575050258e-05,-6.524623645553899e-05,0.0004926230778915754,1.0598490996795672e-05,-0.0007756022160730897,0.004867077135374819,0.007651045617621465,
0.0009492944385309879,0.004347566529758065,0.010068562187362238,0.018028095999014202,0.02513006993805968,0.032942732701125785,0.040114470398097526,
0.0008172289781288285,0.003500953414675491,0.00703050068482878,0.009721622896677436,0.012586989099448605,0.01597172227934043,0.020698608183765007,
0.0011514964298381134,0.004495192723012026,0.007583815344172364,0.01145268748520515,0.015525833140160511,0.021443297339528343,0.027894276617614074,
0.001524641149667384,0.0056096255321553875,0.01034083022398386,0.016091578215622793,0.022317062623343896,0.030346502175968345,0.03964117087683693,
0.0015874004697596711,0.007454844975740841,0.014331401659150228,0.023176380969350967,0.03267702593433792,0.04254783808387843,0.050275702223540754,
0.001182600560541015,0.005716954632166776,0.01065974804806435,0.016054250935023565,0.02197956367770635,0.0268752891097561,0.033975437557162806,
0.002124281065627025,0.008961365592042367,0.017920040108264746,0.027687055256264945,0.03660653097756915,0.047379907401023005,0.05821746580037331,
0.0019188315453913538,0.00616668599988776,0.011667178647882661,0.01701880467141602,0.02200307476845488,0.026332900907105963,0.031795599669948826,
0.0008593531107399341,0.005135903795025402,0.01068539687266028,0.015792827411432613,0.023407217924265113,0.02921832745816684,0.03883992947033216,
0.00015413716226994614,0.0013064892880642397,0.005333087055399568,0.01137226308438618,0.014115967548014766,0.016370734282387212,0.0179453875352027,
0.0012098812727159296,0.004349811525781947,0.008330659122990422,0.013974240556781795,0.021721320942836207,0.03283139671507579,0.04821696432072447,
0.0008991379456463034,0.003972262655235983,0.008066598359208038,0.011018713122072919,0.016232797018950317,0.02170152744730113,0.029338337389956337,
0.0008600822140488461,0.004488883025471118,0.009760974876634515,0.01631823312209202,0.02165288973171108,0.026643659293637437,0.03271822488237388,
0.0007722455879572606,0.001875902298751359,0.003842578783128853,0.004709636667217043,0.006699542548501676,0.007103651710522968,0.010848670695781328,
0.001867761128819298,0.007750844489742502,0.014143245200717715,0.02070475014653403,0.026723987888179736,0.03525049997510289,0.042187212092781035,
0.002144411744484928,0.009427133161012681,0.019131674648052654,0.03085974487492237,0.0430040927861697,0.05651191983739067,0.07186847710028833,
0.0018814647773436886,0.009107797976873446,0.017689698341836615,0.027442678044485767,0.037253031703449346,0.049027559125795844,0.0618701744715241,
0.00013458196080589932,0.0025884617688157786,0.007170410683388914,0.01186923252790435,0.017015441235346603,0.022463996717227094,0.02607196931985004,
0.0009178479648441965,0.003789052765793257,0.007367047636469175,0.01080278273286323,0.014811222183817927,0.018187433918022546,0.02242206172891058,
0.0010170636521716547,0.004464179501928257,0.008555538401547208,0.012867752974569008,0.01773800016856265,0.021844587037287474,0.028817691720032394,
2.659356270169005e-05,-0.000152995971752002,0.00036726600455520977,0.00015771123777375958,0.0010653587034478084,-6.982820630340633e-05,-0.0041898372449357055,
0.0012528870801749852,0.0044295093684275704,0.007914593769244692,0.012101577488605311,0.016584837438027713,0.020823187082403428,0.027656626346372445,
0.002615630841473871,0.010118458980780615,0.02091303963825821,0.030909129166613685,0.042880122418526324,0.054988104403989754,0.06720998295742801,
0.001421490918200064,0.005656954933336948,0.011666249124714288,0.017576630043932052,0.024988440463186098,0.03405194059588038,0.043857316205950216,
0.00042974947433282876,0.002188581425768372,0.004257386613263665,0.009253730810193825,0.019273219071813112,0.034092527198782016,0.06292379279853355,
0.0013529752195395519,0.008042071143513425,0.01688877351329287,0.027217517050842657,0.03827400419630216,0.05083538101659182,0.06273877586995273,
0.0006801937577227264,0.0024789715174798363,0.003330370280803892,0.004488464192989015,0.006194498202990159,0.008583083306249972,0.012626086605975475,
0.0013241013486019713,0.004929681063023941,0.009182902792170594,0.013724316387710109,0.019544031632816157,0.027085442162823527,0.03477598383291713,
0.0016808258079031863,0.008034057900706987,0.016246220883601944,0.025054668010477933,0.03388984605424493,0.044365237182218846,0.05441125567786998,
0.0012933433809771148,0.006248550737587923,0.012570589385768835,0.018828861985784155,0.025051758646977916,0.03164394155809883,0.03893369015925803,
0.002180767664575255,0.008533588930267554,0.017906688743117186,0.030219295112712725,0.04510010478129918,0.06582202168065496,0.09306455888684297,
0.0013707348015307087,0.007082919903569332,0.013262566059279555,0.01956451453505437,0.024674884998510987,0.029052336432979924,0.03455368697140499,
0.0011434732089026216,0.004839704885423713,0.0100111132650313,0.014428573904425713,0.019795059391832216,0.022370066166906986,0.027683743763897324,
0.0016383775422838698,0.006219473250420534,0.010847121592180424,0.015374911830449839,0.0195943928023298,0.025635147814468434,0.03279977713472814,
0.0020646967019983795,0.008402915711434322,0.015456331133793222,0.022668101739739748,0.029249880443116962,0.0375407452917786,0.04786290264007661,
0.001259288848572132,0.004708884901188121,0.009972916473572012,0.014955167589075223,0.02039007932579562,0.025444247623075265,0.03111570392922159,
0.0017031068020795436,0.008040199863361913,0.016762013067654583,0.02757732049893604,0.039510579090113344,0.053874553663959525,0.06801112115473856,
0.001253211993128526,0.004908579498397937,0.009868555284138204,0.015138135686998512,0.020753068782358153,0.026495187193677244,0.03320156157496166,
0.000900274035210732,0.0043466705483686885,0.008705120096838386,0.01467471042861357,0.02108979975629043,0.02999024687383284,0.040611245486311696,
0.0014378272109304192,0.006144711630817529,0.011508976529000837,0.018383562487429228,0.024977477391058916,0.03214318184713333,0.04156871662585798,
7.165114089168269e-05,0.0026717604445108856,0.00662576674342612,0.011067055671427234,0.016205881226046163,0.020384496389673882,0.023483007867254692,
0.000524455237564698,0.0029197198744125652,0.007783833055054746,0.011131314303795613,0.016921288852102232,0.020841915818815004,0.02536570477873743,
7.267782462363691e-05,0.0003269229622491365,0.0005724939305745135,0.000449091661561731,0.003107515306656092,-0.0005489642732664788,0.002070148739151515,
0.0001529253240703453,0.0007025217330191572,0.0009452538928103321,0.0017363435659841222,0.002238446280739921,0.001929467026705933,0.0007611958162479531,
0.0017115425895305814,0.006660955374916318,0.012280782715991244,0.01932195738056441,0.026729666035657313,0.033450428715460605,0.041663625035456224,
0.0019127824900183653,0.006696792899624504,0.012131662982620028,0.017484505981923974,0.022868529099438234,0.027631002075956684,0.03341655504325416,
0.0016360716398353683,0.009074845361544733,0.019036977975114586,0.03011643496640886,0.041010352727357494,0.052354621826783694,0.06633892231300466,
0.0006586455622486653,0.0038807517255682058,0.007724254809731393,0.010683790571218038,0.014059180372112554,0.0182520609461272,0.022154937354394576,
0.0014093286222008887,0.0065915448712141585,0.012917891330057886,0.018910232995290058,0.02407098391269684,0.02793135954517017,0.03311567542218439,
0.0009394208686669766,0.003296097992542147,0.006356001903664874,0.009414917470627292,0.013201352686614279,0.018487234322395536,0.024024385393208177,
0.0006056109299171079,0.0019724430229230813,0.003234292016128914,0.004235116534141517,0.006762913068739902,0.007510330536551142,0.011739132116577221,
0.0016341449636205038,0.006932599897284676,0.013349511954281013,0.01973442762689945,0.02607822461769809,0.03360687886787256,0.04273403271869373,
0.0014702981985362535,0.007729111893436409,0.015591684158168181,0.02452094101310909,0.03268143665451444,0.04408735841859012,0.056268409328294466,
0.0009971487842463356,0.005770256188661426,0.012170132570160858,0.019457809967562863,0.024662286195998372,0.030927857003702,0.03866571801017233,
0.0005340538117053754,0.0027609801660660113,0.006289742590901578,0.009803145202907693,0.011602536091777712,0.01602375864039473,0.01879339724860642,
0.0009673044394607205,0.004643203126683316,0.009843363498861458,0.0145583372411718,0.019315678142929553,0.025016190561819914,0.02969788554517483,
0.001981136828938416,0.008346068989269137,0.016516135418919047,0.025193073898038265,0.03432573199510384,0.04427861254648844,0.05608863383746675,
0.0025598485214132632,0.009230309359570048,0.01756736744022848,0.025880726935367738,0.03271704102675944,0.03890600369241089,0.04553451615987394,
0.001235853077886824,0.004417728007270799,0.008020818787493004,0.011898337766923024,0.015778388710643403,0.02061736548978889,0.02588396688459016,
0.0017485809772017273,0.007900342138804865,0.014707498339838337,0.023541055151153335,0.031994742728826096,0.04229689784878865,0.05314215139287574,
0.001781486606315214,0.007754210733941665,0.01547441402951119,0.024339585663953497,0.03235592275651461,0.04136941157807541,0.050392104568345704,
0.00023460817573780305,5.075770803173124e-05,0.0004455563884069165,-3.9452145144450686e-05,0.001432907719546629,0.00135255275409488,-0.0014432735374125443,
0.0021872950080944046,0.008892360134696914,0.01703828272130184,0.025831045009973668,0.03383585090163165,0.04309197207979243,0.05211382145698098,
0.0008939905155734585,0.003657183940442706,0.008477032890012066,0.013241803107883898,0.01745137768458974,0.020939033733214808,0.025698931344582038,
0.0014889210385538594,0.006261722919254908,0.011408003759341291,0.016442229950648334,0.021471876931597245,0.027474007469869756,0.034800407713999365,
0.0014183675479653342,0.005212896758379987,0.009505959137216847,0.01409355581753801,0.01859964166333714,0.024423909384303156,0.03254186744697129,
0.0012491074906631134,0.004909061059395285,0.01116343076197301,0.018386376722192562,0.025485575027151854,0.031790523432569544,0.04003917969389791,
0.0007985289159786846,0.0035307606017806925,0.009120805884435644,0.019787700889135704,0.03787370548284196,0.07168056241857944,0.12487582749791941,
0.0007133147038423096,0.00440096112844232,0.010089562077199242,0.01818663047972849,0.030756842590654098,0.048626801381194754,0.08039565957288769,
0.002064518818835472,0.008745770815267223,0.017919559421251532,0.028609201050169092,0.039042578189463883,0.04987334263813103,0.06289861124010311,
0.0019452915146454018,0.00842658456112376,0.01642046878932212,0.025179736116767697,0.03242535531826984,0.04129729788340514,0.0514954486797048,
0.001127346914052994,0.0056101915154369774,0.011727320872583177,0.018531631770750564,0.023343974142116954,0.028860771402629586,0.0362757028329985,
-1.0897298277397928e-05,0.00017187904707289688,0.00018003248611551964,0.00044913725771061517,0.0004959146491511784,-0.00044502423403043514,0.0015462271991368306,
0.0020784465859689507,0.008425204799621328,0.016230500186791154,0.024888982569605644,0.033276524271088376,0.0431347122842543,0.05393975338478947,
0.0015806331570438746,0.00758710523928487,0.014891322696108008,0.02398444974213466,0.03336428894127513,0.04396876675975289,0.055224084530908164,
0.0012258850416875854,0.005060080494893904,0.009589950136346767,0.016199420018433632,0.02379746185399858,0.03547512211950661,0.04942566109389905,
0.0017046460895706053,0.008539667840468555,0.017196318510597122,0.028337009890444808,0.037887095390435784,0.050305335447745986,0.0608064602535544,
0.0013885202123776247,0.006512396713209266,0.013170293176975401,0.020917267341474685,0.029580993058251546,0.0410074880592497,0.05464407396290963,
0.00047495546392633067,0.0009283166681415823,0.0013205503060324875,0.0025490356657235087,0.0037853816561475356,0.00453428567030023,0.0037810158971191003,
0.00017956197137682095,-0.0002531241851102172,0.0001631580153155056,-0.0008364361675288019,0.0013553730429818284,-0.0002419653612211539,0.003397178092846082,
0.0003061082645757896,0.00013419211525675647,0.00036086290839160184,0.0008534621350165151,0.003374756559274842,0.0012025086077928331,0.0027039918318856313,
0.00029316121417440744,0.0004967773441640335,0.0012377383209403962,0.002424306009834998,0.0026979228224825527,0.0011279010329788225,0.0039006317726719628,
0.0011735649714104122,0.0053244778480356905,0.010136599845303337,0.01519742980879282,0.01997631841149252,0.023814429252364187,0.029451497913004717,
0.0024954391618759574,0.008732689550297774,0.016244099037275608,0.023759658197314792,0.030189016823158017,0.03636129270296861,0.04237907358740244,
8.903777287051801e-05,0.00019301555060320647,0.0008365741551782103,0.0008089715276895046,0.0013906189095819752,0.002297323408838536,0.0014705009863392549,
0.000723628749137386,0.0032303901086592913,0.005858560760529111,0.00984062500353343,0.012111395644306907,0.015296364444287827,0.015558470397881633,
0.0006018483015858287,0.003717027069233241,0.008251751323149651,0.011737663084158367,0.015710703346695876,0.017312843263922337,0.028725212180081176,
0.0014584421455191199,0.005887942087483686,0.011245570590752162,0.017204865450944563,0.023190251513106313,0.028876598475551903,0.036831808530998184,
0.001239209280411874,0.005678496393516161,0.011192449528983085,0.016323058093198107,0.02058441453046636,0.025125201635737483,0.03105460872161342,
0.001533278310223324,0.006249469904937334,0.012753685514670661,0.021351899392655183,0.029418461421827354,0.03788850235822073,0.04893891057967345,
0.0007859529912819905,0.004204740922331689,0.008852411205064463,0.013590561258957592,0.01731929854629567,0.021300317553440123,0.025874849212315452,
0.0009179770665916355,0.0036264308296836962,0.006937685110975718,0.008802394532401156,0.013040669138682683,0.01789060276204601,0.019957766481988295,
0.0012665978825120102,0.005130649589373456,0.009445207723220819,0.015094054527411006,0.0220252331638707,0.031999305354869056,0.046818621678822926,
0.000981018477711655,0.004953118257929078,0.00946969685727007,0.014978049058895805,0.022716467182008017,0.03039659184395283,0.04003317817207086,
0.0008192420417859885,0.002318903766295799,0.004882083105750092,0.006954100471291841,0.010161126665012777,0.011470571890740036,0.01524571005990219,
0.0015664695266795687,0.007977041515902603,0.01577386194445816,0.02327585551579734,0.0312138901377787,0.04095648450825191,0.052236602844141604,
0.001205918644134914,0.005553921060853362,0.01038773223583879,0.01582464656424906,0.02154602023865366,0.028380437576877245,0.036578302690752844,
0.0011154415264158564,0.006003843048574948,0.011950216542278288,0.019140037633826438,0.02670822989398764,0.03416896418629298,0.04421859121098951,
0.00211060725354351,0.009301865192976879,0.01786669313803814,0.027196709030274508,0.03541190174983625,0.04437724615115889,0.053938224269573544,
0.0016866284959033407,0.007716609684657487,0.015193646819602644,0.023684581977725532,0.032178758331369274,0.042414151304378866,0.053824409763637025,
0.0013720202461492477,0.005719431191270491,0.011751885660024311,0.01782953061969594,0.023578963922453438,0.030439254595607142,0.03819883039024159,
0.0014695482084361663,0.006922866879843036,0.013157300205117286,0.020378444400762096,0.028536883211121907,0.037973108777448646,0.04935249745175448,
0.0018146314150139266,0.00794956015398475,0.01574492582791687,0.02467708020845276,0.03320996875971736,0.04315844417991715,0.05262710871536847,
0.0005632766025274357,0.0021070728554202743,0.0033149422379045966,0.005291312469462885,0.008080330235349821,0.00973406300719271,0.013317469769281932,
0.002287258461266039,0.009060296632341158,0.018740074094400264,0.02882648226914151,0.03853890854716084,0.050595541957526725,0.06098995811732478,
0.002389761970679582,0.008169121058740743,0.015348098790075265,0.02363310102732682,0.03136200179478826,0.04026207257160958,0.04978048557537438,
0.0014277446042923452,0.0069930949777827775,0.015156253260149457,0.02562351844876642,0.034885813258932044,0.045946275445025775,0.05670695544720965,
0.0004937269172714951,0.0008618485412862542,0.001157353038499786,0.001934879705915442,0.0020814423644621126,0.0024401982286816754,0.004937710380356404,
0.0012016548598927103,0.0056683614581472756,0.011151527569343074,0.01698022441438786,0.022565779400340977,0.0273588600914909,0.03263574433252248,
0.0014264877928213465,0.0060525578806088515,0.011783357107425018,0.01737864815491531,0.02379056800693623,0.028193272757457425,0.035195526711611975,
0.0008762637801991807,0.0026976951320765137,0.004617072458961144,0.006676364671576095,0.0087866485263226,0.010759359111775373,0.014967654801602523,
0.0016601126699326962,0.007581923177532939,0.014561943995057275,0.021845653154825312,0.02742211970169883,0.03381191217903729,0.0417556023636002,
0.0002632331477581076,0.0012085281066359366,0.0038118622549562216,0.00660622470942334,0.013290391535493992,0.020840604938741503,0.03345006463394974,
0.0021988498774073288,0.009902078589901558,0.018804492192668637,0.02805641765803912,0.03560636632742111,0.04278061818999746,0.051147740773660265,
0.0002598660580752638,0.0005885625105659958,0.0014622582657747314,0.002435453316496138,0.004770013382443228,0.006056250355368348,0.008364748999468643,
0.0019228848018563313,0.008883829169533178,0.018057301464377704,0.0281913107852831,0.03841540276773946,0.04996982361609052,0.06368294546467708,
0.001120673488156831,0.005003199768533687,0.010631884621813144,0.01698903298345912,0.02223087605665933,0.028598842709843163,0.033686076597341436,
0.001247579142261639,0.006325085791769845,0.012919041751506776,0.019041216978258647,0.024177624426480557,0.03050899669073881,0.0384241201037085,
0.00177106088707185,0.007112112420267548,0.013580772227489659,0.02132531677825246,0.028502355429225208,0.03824095384239068,0.04665519016416836,
0.0015922369049540424,0.006426159815917274,0.011989688748147166,0.017512930757660247,0.022071211126446888,0.027417471648192315,0.03405462903632455,
0.0007389736123886273,0.00320322396132574,0.006189022470403624,0.009128423929878353,0.012912238785089037,0.01592598078746401,0.019761994821529932,
0.00015052666440247878,0.000510236315097033,0.0006878637448213811,0.0006055939011371074,0.0010672697350681821,0.0011599875022767548,0.002698603681337243,
0.0005077060706036202,0.0013761175587553866,0.002625770052825986,0.0037916182278854575,0.006449731018630228,0.007713809636273221,0.010479336212967764,
0.0013324977751359127,0.006721377431532528,0.01415190171305284,0.024396457688976442,0.0339976643847348,0.045119946458614335,0.056088812753602627,
0.00062655831174066,0.0019237353801259726,0.003465912226906701,0.0033379758211531303,0.005317588613826384,0.006543733173117583,0.009370981764613975,
0.0010741602782558333,0.005101614601011667,0.010361002155038676,0.01504406632146967,0.01950911985620249,0.02380081397174768,0.028587675375722373,
0.0012837862811450823,0.0059039847798044495,0.013862181142462255,0.022397811630556323,0.030786650945186567,0.03942814868231891,0.04755474883798471,
0.0012574550316239174,0.004877565060962376,0.008803913961937125,0.01274225150268588,0.016319760827716447,0.019839842373165967,0.025061062847530714,
0.00175681957870349,0.008892117624263798,0.01967933966148608,0.03319689160483311,0.04653039484811376,0.060100718198440956,0.07489047586795873,
0.0014544765874379083,0.006273445079245637,0.01228954370680597,0.018525292530495188,0.025447831753242056,0.03334347997657618,0.043590009647105105,
0.0009222581151878967,0.0060923467535114505,0.013485251827968886,0.021388983994579905,0.029712214785193165,0.03844123565568113,0.049367690505367,
0.0007636744258694704,0.001921799516902506,0.004431143206659135,0.005613337445263915,0.00692832629847014,0.008324790556478041,0.01050826729927417,
0.0011925682340335423,0.004764204749521466,0.009262763290132371,0.013333665259025301,0.018818783913849394,0.025157602344016452,0.030229186024126997,
0.001802242425450366,0.006425455313629951,0.012237463206779129,0.018954696240108586,0.02522025348581636,0.03149137965988842,0.03889182277337361,
0.0007225610458164334,0.0016020813441492987,0.0025040951745129458,0.002197166152867028,0.0038098121717241563,0.00476163166895096,0.006161990662952217,
0.0009693812156845792,0.004008481331173905,0.007773371045488756,0.011870516226484898,0.018850220704452532,0.02470722286463181,0.031826102082435546,
0.0008774169462644936,0.003411676004006343,0.007863092447154395,0.012314187240660255,0.018547089235845245,0.023673105848453762,0.02932136042062356,
0.0013211525458524454,0.00596010770222442,0.012540957590297714,0.021401459695723574,0.033355315256719434,0.05465324381275833,0.08500576782051028,
0.0014642635830285342,0.005256519806679751,0.009701635547067154,0.01441701476023768,0.019098137394810692,0.023435967962877342,0.029392540579608033,
0.0009028378730393712,0.0051017505025029485,0.009202127459235323,0.01337638111203224,0.016909525358299045,0.020192828462353134,0.02556183321745926,
0.0014525909776407166,0.005845464429540332,0.010740106138744931,0.0157184364158042,0.019657953232897457,0.0259432838220658,0.03152707573783343,
0.0027801332447211467,0.010112832646893607,0.01819137414414348,0.026697049554173947,0.03346845633344569,0.0397162406494642,0.047314008519210124,
0.0013869998522714187,0.006762926477939348,0.01335493108335879,0.020351727306970907,0.02794878292282459,0.03758804996551323,0.04842467553726078,
0.00046153432051301873,0.004174453971388636,0.008793377910700574,0.013894573826397269,0.01916302487863809,0.024282586597390573,0.030805250306620503,
0.0012532018287376968,0.004531352193132749,0.008490365650137326,0.013475716587978989,0.018775092906732644,0.025359820941103787,0.03266578481567434,
0.002122202582386502,0.00723659087007202,0.01419198948007848,0.024473525880426814,0.03766906961047862,0.057155782319023504,0.08351053459671419,
0.0004076270990653798,0.0009156873879614483,0.0025443451413431225,0.003988315628772032,0.0051624289323339775,0.006823728720830571,0.008511561300354954,
0.0019376279450659083,0.008362795313301405,0.015649505392581815,0.023693838691668204,0.03183750353443252,0.04266115847019397,0.05501708357996133,
0.0011442789646297343,0.005103967227550882,0.010404004456782806,0.015716506671214613,0.02047803131382075,0.026870365801761963,0.03389801665937347,
0.001198683858046195,0.007866226981211975,0.017081493163777498,0.027005637237297552,0.03586593260152762,0.04575280613568229,0.05498977238255993,
0.001292466457772896,0.006999463677406445,0.013893332539245278,0.02079359880083019,0.026877874920204277,0.03189365137509155,0.0371756666539156,
0.0011976739776593261,0.004714105033707055,0.00825701924493917,0.01202028861436441,0.016374090552791064,0.020968055996624498,0.026617829401563896,
0.001157676037236599,0.00572950709900058,0.011089601265197967,0.01645464877664616,0.0211713519580421,0.027187584805121214,0.0341729650899294,
0.001617196426060124,0.00603520050348057,0.011868628578267884,0.018753499876702846,0.026146986796905556,0.03451124256480222,0.04696233115204667,
0.0018273167966921964,0.007437583338166866,0.014488254698205293,0.022216264784824056,0.029671393021080947,0.0381880744641447,0.048714371776493626,
0.0009449291161792647,0.004632058023434688,0.009179295899506116,0.01414012323426753,0.018533557633786387,0.023303099133306332,0.02813898776375805,
0.0009179187770991613,0.004680347593736485,0.009393107231749067,0.014309582663758046,0.018928668371114704,0.023216279053138215,0.028345597898713413,
0.0007086737786276306,0.003385306964063949,0.0062241205044610845,0.008863245484299015,0.011573713655186077,0.01444158207026026,0.0186019105777887,
0.0008244555265475122,0.004276894360454282,0.007775532223830146,0.011822669215889819,0.015684516262731606,0.021069710322706242,0.028585907709786404,
0.00029330167497124696,0.0009161124605371074,0.0018022658259022053,0.003451790580463529,0.005701998097307798,0.007168722311527381,0.011828170076449807,
0.0007623673336364106,0.0036084363269087627,0.0074888452479311965,0.012072480905244197,0.018220256221111755,0.0253009346957963,0.03453387246258545,
0.0009800800072946568,0.006264616996746164,0.013658898195361625,0.021383000002773073,0.028122574771181522,0.034894014255407314,0.04262013536785945,
0.0014493272841166424,0.0064483544262352805,0.013240651066764208,0.020356606119140693,0.028137206960861617,0.03793846819411974,0.044937473258170345,
0.001008870141961111,0.004537017740984364,0.00981019591807636,0.014762169176119952,0.02068925819197887,0.027368943064614012,0.03586953709951852,
0.0007562077529046746,0.002758439096957844,0.004903861488275486,0.006700426679695219,0.008459165853594394,0.009718939994002739,0.012235866905405271,
0.000989062978359182,0.0035265163428108604,0.006200773872186516,0.009290091901809069,0.012607795278250239,0.017113693638559167,0.022684679600429202,
0.0009637706103847941,0.0036402640254194684,0.006609087820547666,0.009834263979134242,0.013767821803862861,0.016854202313116746,0.022497002879198962,
0.0012555619102448334,0.003941954075955766,0.007372474079291314,0.010947564266856356,0.013736554414717756,0.018314551235186008,0.021030775224761367,
0.0006563338205969221,0.0029441258462038454,0.006183375893531239,0.00964274719585916,0.013867260788337483,0.016922228637027158,0.019614553139009942,
0.0002107067509924259,0.0008914499602789356,0.002905914887090787,0.004775282020519551,0.007495011521876535,0.012507953561708255,0.010280636073962447,
0.0014943808846366376,0.0063169761012749764,0.013139625822623333,0.02077422235541299,0.028255036215383566,0.036280251326403785,0.04552220787494752,
0.00037888810750094784,0.00038718913607159564,0.0013650272687508686,0.002092474001417142,0.002749262428398387,0.004602302567854435,0.004606769398105893,
0.001132826838799283,0.003909328296169975,0.007024117073536267,0.010036343947442624,0.013675820379839236,0.017999559205889252,0.024721588192501386,
0.0005567185890459108,0.003268109971357888,0.00912387966608192,0.014743769918880406,0.021986903512507223,0.025447355968002967,0.032000789992154645,
0.0006937420135548763,0.0024790341736782165,0.005743615580163935,0.008856060880140222,0.013172219756314845,0.017780171513676276,0.025474980327171777,
0.00044358703626579154,0.002158154440238701,0.004412182910361163,0.004796412045936754,0.010013129461510058,0.016559735094427982,0.027313909558915724,
0.0014067706865129232,0.00589823625958821,0.011618916672179215,0.018056356528023617,0.022820907792811065,0.029160397883390237,0.03738849422786305,
0.0014174438428230024,0.0060020006421612985,0.01176719948005008,0.01750404445495898,0.022329966520267124,0.029588327279654714,0.03495047334794509,
0.0013350824781898627,0.007616189397349273,0.01617741499750605,0.027822125496132742,0.039599817830775666,0.05394538775012594,0.06971924686143002,
0.0018818033544695655,0.008874661196985495,0.01804152589636345,0.02985932389376435,0.04194913138781043,0.055909449554211094,0.06978339203251428,
0.0014146167855529676,0.005775325047060558,0.01192410449943938,0.017709353600917438,0.023266842752663643,0.0283584570316666,0.03448466016412959,
0.0017490431960168792,0.008155864534065638,0.015664885101929617,0.023186042116573855,0.03129709776734062,0.040522230198269726,0.05160204009363605,
7.280161964139466e-05,0.0007691390812042863,0.001971261970393174,0.002966008018830032,0.00404766222638476,0.005625905288787798,0.007927946556442408,
0.0008429168467628634,0.0034737314695636144,0.007508216652373609,0.011256673148513746,0.01659867534190563,0.018872468588070658,0.024179303740266552,
0.0016955742757283985,0.006622003903728514,0.013200051291548064,0.020693599724119452,0.029539932510366445,0.040982964395952906,0.0581571223130859,
0.0018606178464784006,0.0068275357611225695,0.012796183798018222,0.01844582807111026,0.024077640120772584,0.03146715521137894,0.040817607401221444,
0.0011971230276352563,0.0061279163259066296,0.012390081037733723,0.02017176868752947,0.027715900517973662,0.03536575362356429,0.04279437089694754,
0.002370559520550919,0.00839212427165137,0.015796255038368096,0.02367626921760787,0.030391197541583797,0.03765390839950293,0.045017282630755,
0.0013675679933849803,0.006804052862267706,0.014009210688417992,0.02176869593752509,0.02922442198290476,0.03858855761735121,0.04889172663376922,
0.0015830159272097178,0.005558103345967878,0.010433542310199814,0.015314586821305829,0.01983927748508565,0.02419188888746955,0.029608939394854934,
0.0009557168870492883,0.004186468320469015,0.00807467214047148,0.01240090310002233,0.017651945740195827,0.026941888938896017,0.03294718890933153,
0.0029040909406451445,0.010161140772410747,0.01962843044328045,0.029335397027809115,0.03805597118539628,0.04662909983086456,0.0551543850141288,
0.0012483671362489848,0.003959248081271153,0.008162277226994646,0.012630545910823486,0.016417892141124667,0.02027690097029792,0.024975177157681848,
0.0006505159200956566,0.0018648393820167733,0.0030505019226066605,0.003969831473779376,0.004879407856660327,0.0076875469099120805,0.007636734618701406,
0.0013111551442381492,0.007077785160868028,0.015374104095673724,0.02693955196613583,0.03821898072605579,0.05289240605668675,0.0682302796347654,
0.000652240653276598,0.0035532661352730317,0.00659433267715432,0.00968154459689291,0.01229858177381291,0.016427277826871024,0.020763439372218164,
0.0016460846407023763,0.006442721917411844,0.012958089991590153,0.019464837933733662,0.025424224524711485,0.032006691747398876,0.03917343537262591,
0.0008609968663607636,0.003273374164937306,0.005209760158114375,0.008732311967571056,0.012835942058930783,0.01847908088107442,0.02127712271137741,
0.001554794618194795,0.007055283249221893,0.013877750066163475,0.020104218467050575,0.025988651957588527,0.03326632954632178,0.041713007519101494,
0.0010703183886716157,0.004002530148596632,0.007305589363484965,0.011978542347257804,0.01662236703656451,0.021611372630223936,0.027431740613677293,
0.00020907738760718458,0.0015656196058995142,0.0034158968498986257,0.004560208328934674,0.006034329666565453,0.007003105889771695,0.0095341633379447,
0.0012827308876253109,0.005782096033856305,0.011268673852526102,0.017558554034853263,0.022820342135883437,0.029205489561989373,0.03723245680188984,
0.00037299385768908735,0.0009856168489991992,0.003091339128385218,0.004211270278484532,0.00595413375310365,0.0049029824367702295,0.006562101793679299,
0.002128746601367419,0.009031524250628977,0.01688340622291484,0.025245699323502246,0.03306113769649222,0.04255736599592081,0.053124123952611624,
0.0018494258839487781,0.008805211954488744,0.016862215932531118,0.0261788389408099,0.035208636997348795,0.04615019898136491,0.05616560363368409,
0.000742969290140533,0.0028512812543584703,0.004482133444193928,0.006801996118339269,0.009417245817744111,0.010650193226675347,0.017501820964939893,
0.0006980691324535708,0.0026774659521528895,0.006078679404050619,0.009610464302865164,0.012820980160030485,0.015308092821571445,0.020820724003094447,
0.002084787082036692,0.007205308353659642,0.013689205893940536,0.02001851062422311,0.026586223981701563,0.034468653571382284,0.040788808506847365,
0.00034510613837662865,0.000267001044333885,0.0008606987395441131,0.0018320099138786038,0.004381718795372754,0.00693192402732407,0.0059382695067748785,
0.0018922163006565562,0.007985956052994,0.0152536527753879,0.024403155161461833,0.033025865263596126,0.04419575184228444,0.05540616823226267,
0.0019106294803236102,0.006837162884386329,0.013411596308854358,0.020788988451456377,0.02841152823997373,0.03708846558760916,0.044762068605518165,
0.0011993859320402268,0.00688616215407234,0.014707842452058797,0.02483422878865307,0.03450913233121809,0.04734324135413299,0.06166009024852671,
0.0010502166413260895,0.002855127539432179,0.004669389630724054,0.0062836074236860525,0.00849750997423298,0.011084458450493254,0.014262088164845796,
0.002540139025434304,0.010267741675995767,0.019547936669091853,0.029479845659402384,0.03879702188418204,0.0495166265334218,0.0607145208400124,
0.0005681186401842695,0.001274117324103768,0.0008952715914996395,0.0018712560820121243,0.002460370808235583,0.0038910457646024466,0.0034773750016371782,
0.0013146756374249533,0.005869120029563009,0.011404013938416883,0.017063268880408874,0.023741253350283188,0.029987535788522472,0.03729992211684845,
0.0014065104200963003,0.006988062746904575,0.01352249270482452,0.02024123638121044,0.026760804184515683,0.03518654662444232,0.04434478664340777,
0.002194717090271457,0.007964429378161608,0.015657052574624238,0.024038201003780457,0.03212461235334986,0.040435020898798885,0.049828897704824036,
0.001016564676522865,0.00586458318396225,0.011688975888774645,0.018849006273495367,0.02656740213901574,0.03464908232770541,0.04556016653682333,
0.00013443557452601248,0.0009734577928895215,0.004510059350326451,0.013444886842831816,0.03235331123861501,0.08014342778671243,0.16822042779941193,
0.001343020460815001,0.005438513268886138,0.01059536138714457,0.015054080713463038,0.019239306272933902,0.026019388025772826,0.03302730487157745,
0.0014780922342989328,0.006324658449976696,0.012415555657128116,0.01849526316196117,0.023013949077320975,0.027908434872450077,0.033764168491509323,
0.002136159193401139,0.010001371033566022,0.02029776547320716,0.031907762802142685,0.04190142580268858,0.05285966511883635,0.06393180478149128,
0.0009993989096626565,0.005035183972266515,0.009399069430439116,0.013638772502330396,0.020151017701947153,0.026627982611747054,0.03720772275673402,
7.589744325046545e-05,-5.5202340809316604e-05,0.0003543020009427588,-0.0012694153681133162,-0.00041925445727378414,0.0042061341843963075,0.005268455135407181,
0.0003153070375051393,0.0021274174330848865,0.005718254210637354,0.007207813819096152,0.012133197906139183,0.012608498606921115,0.020482351835310504,
0.0002629593334299791,0.0023833388723789595,0.004225115203500732,0.006000791866026754,0.00583442428365004,0.005292037939624284,0.009353645432455789,
0.0017910311206355493,0.007705031410342936,0.015439871967074015,0.022622000524171387,0.02974058046400876,0.036988499323876184,0.0463354722715945,
-5.393408872967099e-05,-0.0004866085324799446,0.001136692738044098,0.0032851960966742972,0.0074070705149986826,-0.00258425537404458,0.008381721134092737,
0.0012113648640224212,0.006131910181344658,0.012862275403500758,0.020249857283265,0.027386968064300177,0.03500860668438985,0.04471813241909816,
0.0017835068941964873,0.00673126923538744,0.01286696957122955,0.020758977281612995,0.027153640626770798,0.03806715343811486,0.048792219958660475,
0.0010153256310181933,0.005474540636132473,0.011830710163934761,0.017813871932854494,0.024744530144535485,0.03084550879681906,0.03962527290943197,
