0.0019941284830473642,0.0072469247974529276,0.01432831804708634,0.023018235982262318,0.02931916276236708,0.03589248142209641,0.04456966864785762,
0.002863029979677825,0.01191685875600025,0.022153838148272667,0.03421201898592972,0.04498399117723248,0.05681356421520666,0.06780156324908203,
0.0020922501724048603,0.006313003752941257,0.009552652872292264,0.013701952620872128,0.017320458796834973,0.02319728806690064,0.030375456645379103,
-0.00010916575138223039,9.432464532974678e-05,-0.0005514604275889523,0.0012466213582488098,-0.0005593106061193559,-0.003909737650546864,0.01424911246967093,
0.0019670134522150693,0.004961779146116411,0.00926490239161004,0.011903940596002992,0.017140625157037622,0.021931430633062233,0.02736098491111562,
0.002538989878447055,0.007811283311242037,0.013436558827038285,0.01898628208154052,0.026532689935575827,0.03142705527654673,0.03982342010123841,
0.0027398998123277295,0.010335266636308344,0.02042121800639983,0.032268393194725416,0.04375593240528361,0.06153120862881594,0.08130681834349397,
0.0018788254994330533,0.0036231789087949897,0.0052157138550567575,0.00669300916046266,0.009618702333981013,0.011313199418958683,0.01565946353921747,
0.0038961970443476784,0.01323640265543384,0.02624988729878256,0.04113486610195427,0.05686975333599423,0.07904659790106987,0.10483276024156277,
0.0005835457348437808,0.0013314546715995493,0.002166145471138755,0.0044824723013926525,0.005383867895536422,0.005588734847397143,0.0067594911343643255,
0.0018103602508383893,0.005484326031724046,0.009902365585131778,0.012704473397543508,0.016091910904675034,0.020237574572420983,0.02418959035103851,
0.0028292666207735896,0.00958174395939335,0.01694006953367277,0.023991135538243096,0.032793542491417076,0.04389211973354435,0.05586790472462005,
0.001846534635540899,0.006278396574932194,0.010972307936503637,0.015784113282168794,0.02241294028426967,0.029796494302146447,0.041204123907034096,
0.0018310454814755388,0.006301128461766882,0.01271158433223265,0.019814537015000255,0.026319909786378253,0.032753781876738504,0.0367634643920303,
0.0033210685501015376,0.009873998498798551,0.016888814282647824,0.02420525670998626,0.03048203982403312,0.039348665578010415,0.04925983674498156,
0.0025712318219046353,0.009503275230568124,0.017745463340363973,0.02650732710135512,0.03515574106953293,0.04366003103049198,0.051794956407401734,
0.002335979744355399,0.00837782826834266,0.016016105752017232,0.024424217952007814,0.03324763099820326,0.04133489942946145,0.049597711376878094,
0.001395004193051024,0.0038888014664587027,0.007201756945719561,0.00781538448345679,0.012917694726096121,0.015928304117281893,0.01738585426981581,
0.000818744119209069,0.0027365384320383597,0.006190010320994355,0.013571930234721903,0.019921483500234153,0.025004760755700545,0.04683841183474108,
0.00043830683594133836,0.0018121453596332802,0.004994251384293658,0.007839696556647882,0.01841681239228919,0.03181650818501373,0.07221002399568358,
0.0016451792452190554,0.006982837146577772,0.012925799847007523,0.019432641363669175,0.026478774004360297,0.03253608002564334,0.041064433152476876,
0.002690897082624078,0.010784859422767294,0.019725062183684857,0.029568285760014707,0.03790240519506941,0.047666075614664793,0.05821020800420574,
0.00017197991838622606,-0.0008003094688147375,0.00019588402631184537,-0.0003387134376060694,0.00019422126563451583,-0.00695373454749404,0.017953779717942705,
0.0010089834806013588,0.0033186899170915603,0.005204363191757434,0.007462624196703838,0.009217142812044863,0.012682411361166967,0.015071086855173702,
0.0025155459538605753,0.00720810123027885,0.01197546659479134,0.016606847879061085,0.021273522865488555,0.025206952182632577,0.03240638528806891,
0.002233202847787413,0.00790638981650916,0.013165256848991745,0.018740277103121143,0.02494991164689857,0.0317411629412575,0.04014765790144068,
0.0007156806261344969,0.004588813865792004,0.012744495723078305,0.02482445819095914,0.035603631224589566,0.05976547410070168,0.08087215459192819,
0.0017191350836436483,0.0069438118055057405,0.013466605512291922,0.020208895915682357,0.026136425140264527,0.0329849400000879,0.03887329421185335,
0.0027305363892900568,0.009855246409871654,0.01779700308587866,0.02684471526608911,0.03603344140829799,0.04492264603939419,0.05726298636632495,
0.002641389189938476,0.008833270190704645,0.016169010084428656,0.024490819440765157,0.0325536631100234,0.042415901924807486,0.048292456956973005,
0.0020644526862715344,0.006725138259062478,0.010515071882718585,0.014773288855264738,0.018882963647085308,0.024381051001937628,0.028456393157191825,
0.002495460159257222,0.006924239471728159,0.011273646672921052,0.014511049877144641,0.018280979420398854,0.022557898374756302,0.029576685536856984,
0.0023312999809817505,0.008792115338621344,0.018864912839896792,0.030423960862423396,0.04551015581733933,0.06356391421489806,0.0819926047199155,
0.0001525640022734336,-1.9415538156085768e-05,0.0024506975545697195,0.004981156778506901,0.0055435993948544805,0.004195296954862553,0.007725328144331278,
0.0018720578981347694,0.0070612596048569365,0.013000232926379623,0.020917981570216123,0.026847390778317756,0.034717752718219426,0.042116395344576577,
0.002569321215785207,0.010887370763298156,0.022195898490037433,0.033473964657713566,0.043870281431296496,0.05638302971481817,0.0730276502784528,
0.0025463200256896383,0.00786391455153959,0.015626575151779832,0.0221266603561623,0.03019863070673109,0.0376706833914785,0.04769931365973107,
0.002354206608020883,0.008676644604860393,0.01564555329349691,0.02254980753514495,0.028015543719155392,0.03530929411084517,0.04299964064501608,
0.0033422908107912223,0.01231901712881678,0.022081865722953748,0.03106615415439725,0.03870162292964261,0.04669954366685305,0.05715908285637756,
0.001596346070690544,0.004754816819945052,0.00806549257510378,0.010674852899785842,0.013145138540797678,0.015270217397504332,0.020127094771411336,
0.00291123644557195,0.01406095086399972,0.02852904740129881,0.0442837650624645,0.05928886488601065,0.07865399790102608,0.0977274044076518,
0.0012877194974306482,0.0028353429544272957,0.004689328342108679,0.005277449517657698,0.008352837475152024,0.012911985203593513,0.014767220953541157,
0.0031335002888412612,0.01077430626276035,0.018734395538014648,0.027486114781125465,0.0340635102144148,0.040965582532610914,0.0465505908764002,
0.00225889355594574,0.00729974454548558,0.012997042575535448,0.01974215106296318,0.028275949904281273,0.037704544867657286,0.04655767184054901,
0.0025374384240909893,0.009194842284990455,0.016708943919110326,0.024848255560957568,0.034095142559662624,0.045925882218693724,0.059706993814476285,
0.003520052425247869,0.015517144519391563,0.031972172122149124,0.05085609235912791,0.06748020705893071,0.08614911717470361,0.10908713514145656,
0.0008755270411700682,0.0020150520813330196,0.00416661099077449,0.006189801841702744,0.00772854542333756,0.01254234376487815,0.014991810009197915,
0.0041569784005943645,0.01578169338530522,0.029797042582054147,0.04385947776862538,0.05767449903291346,0.07517350994775042,0.09550120373687837,
0.0010515315683550202,0.002317632327792361,0.004307958187840981,0.0072130516169209855,0.009687092920614511,0.008870353250619495,0.01533863027858072,
0.0030341970086876268,0.010087112809796234,0.018543598585592413,0.02680533107894108,0.03623432008613878,0.04555662504750036,0.05528015252096007,
0.0009939347327951704,0.003293804716402262,0.0069454132456710765,0.00897810686705578,0.013844247820895767,0.014218101063359821,0.02156454351783025,
0.0023406102986432147,0.007801195175177438,0.013119008730933858,0.018947103073279944,0.024666467124284438,0.03100091852569165,0.041432281218884086,
0.0030594576730113387,0.012013784418153461,0.022941771007573487,0.035189043078610815,0.04638030497165954,0.05866140475919667,0.0711322833223278,
0.0014170691504615252,0.005680629364074061,0.011437630395243932,0.017205648707211255,0.02269229447677808,0.029134490287841465,0.03493369100019231,
0.003815412582327166,0.01537806903560311,0.029421442734049574,0.0460384061444632,0.06154582833097954,0.08038695916855398,0.10046584879343362,
0.0004744184685869167,0.0013514180185332614,0.0014010609738564208,0.0042638460258404,0.004578395890890219,-0.0005016738637560128,0.012597683862436888,
-0.00023072632964143017,-0.00018008632739913505,0.0019974456232765628,0.0007651970792919283,0.0017894427979995554,0.0022432891074412394,-0.0022111675018613094,
-0.00018665992605841728,0.001353043048601649,0.005541773547418654,0.007559650627577138,0.008571422261486026,0.009511494596077032,0.0050997650160244535,
0.0017350369247376527,0.006212154029399009,0.010833965841952066,0.015882156257898194,0.021738447892228216,0.02478567248694547,0.03305342750128184,
0.003119568889114282,0.013873006565616956,0.029118654975611488,0.04930044354671103,0.06853907836847208,0.08927004215380682,0.11410198643521939,
0.0017488509734893782,0.006744099820411911,0.012560718324155926,0.019468165268855073,0.026444278262039326,0.03709404219654324,0.05251573115854821,
0.0026508372078092625,0.012635061202657562,0.02627932127334272,0.043858025902455564,0.06246819532132173,0.0856749197829423,0.10756158631953754,
0.003155908748094758,0.011244293521706377,0.021125082001098413,0.03164242364625101,0.0423836666330111,0.053693380155732356,0.06459158949942624,
0.004593322594666881,0.01725683452178117,0.03414308892749049,0.053546364799441165,0.07326111083212192,0.09821879181780592,0.1274641925922233,
0.002187581433850033,0.00910144926126011,0.017066443852226314,0.025407594165705625,0.032463889182974145,0.04125979215093086,0.052038890862983925,
0.0027073625716281867,0.009787577826062682,0.01807709284443666,0.026806404902537814,0.035698686271606224,0.04767053121307595,0.059390284519150065,
0.0026670688450263834,0.0083335452394434,0.014123317033085224,0.02101388196392427,0.02730267916754455,0.033657419049404676,0.04347117774889675,
0.0020900305148252385,0.007573658559956253,0.016803278709495162,0.026170925900403076,0.0388880832081161,0.05982101481865749,0.07993876021700679,
0.0025361170329712903,0.00813212868874955,0.01435575535197479,0.022520857798505694,0.029005442208382515,0.036772365902667845,0.044176500117457516,
0.003973038822756182,0.015884839246366637,0.030635296774570876,0.045909854087719956,0.061199182349651236,0.07624128220850702,0.09242382156443202,
0.003749569535018957,0.01788856826671203,0.0387019866090378,0.0636172862310325,0.08639330705899557,0.1128048931104415,0.13369176714941253,
0.001996689625655615,0.010680937610336701,0.022557840462852634,0.03864935322443974,0.05680800046950633,0.08457546798008769,0.11548069689245656,
0.0005191411181415474,0.001431916413669308,0.0030885315286769193,0.00632415909030282,0.00644723477129604,0.009973085866346924,0.009774808230592296,
0.002219359042380687,0.013567450872068012,0.030732562951892185,0.05227002552112028,0.07235788490904144,0.10166572151252319,0.1309204644944889,
0.0030451476132797818,0.011292420149126977,0.022322914668918767,0.034121201394941805,0.04650830961707699,0.06027629218639841,0.0709129741349175,
0.0019757406933325334,0.005087471813390029,0.008587741330375771,0.011367644981593891,0.015526026628115698,0.017338613388292443,0.023191132512474812,
0.0035071703656335638,0.013129916495376282,0.025176417017818985,0.0401158579166899,0.05293103491072383,0.06906262720514736,0.08299893774336374,
0.00367068880266265,0.012049435407720608,0.022572856776484244,0.03402347840967443,0.04662861271102751,0.062365942657130136,0.08173101895237679,
0.0013715515931328926,0.004741927331273085,0.009565265005749508,0.01463405037621627,0.018617043248355673,0.024741156860548986,0.031252582729242785,
0.003394997846482359,0.012304374605111672,0.023829313990679918,0.03704231421464865,0.05030471507231304,0.06441753270333832,0.07883097733628937,
-0.00010055192719860281,7.969325360097138e-05,0.0005598190261193737,0.000785056472802761,0.000654728332568499,0.0015572655725000488,-0.00021213685218740227,
0.0027246505854585097,0.014219964358328568,0.03396065112717525,0.057300188312821666,0.08062855798715515,0.10648618843700126,0.13439487116739823,
0.0028956404799040376,0.009826211212532012,0.01763910677846471,0.02577962276873763,0.03245356228802709,0.039492258447351054,0.04824934321107815,
0.004011773618547947,0.013772947991929236,0.02464282860765837,0.03518034222172028,0.044090205430941845,0.05446284627800149,0.06609597090420101,
0.0018438302117951301,0.004346925875717941,0.006542884443216123,0.009513205090202148,0.011588380281893554,0.014023342616173932,0.01985780949374233,
0.002799205096065924,0.00954684662314365,0.01635791995507185,0.024908746761866087,0.0340488144341928,0.044960804591723046,0.056881024177982,
0.0027141303396606394,0.009683701861387534,0.017630928932120316,0.026179345715548308,0.0351338566659867,0.04635989791378412,0.05922654396687043,
0.0016839864295352574,0.007275184606169522,0.01513067528019724,0.02380738614010211,0.03268279921420939,0.04149261611507743,0.049711685244448044,
0.001596413951053487,0.0065143732444796045,0.011589500782720473,0.016179694746795086,0.021795206216099355,0.02654383264972744,0.03181824289898426,
0.002083498481771084,0.00638729179620178,0.010549364514395356,0.014324873157470714,0.018134578789720694,0.024100637790591854,0.0296630494112633,
0.0032318242689161397,0.01232500050800777,0.022962766833504247,0.034297904209478994,0.04605776055409143,0.056883706480124835,0.0683912321033289,
0.0033722270268863367,0.013182291673841754,0.024631869231790383,0.037675622504918495,0.049100116359052655,0.060823680445822405,0.07361352993413385,
0.0021038749311849615,0.009140688825190178,0.017576101970518527,0.028410587018115493,0.04089337704370213,0.05742514590605114,0.07558081154590736,
0.0014944794126657277,0.004755182116765384,0.007306552726470416,0.00984027503145979,0.014940332967868137,0.021910343609727705,0.029815008723661173,
0.0026513774060490714,0.008247840142388782,0.014463408973831058,0.021685013779837878,0.02926439601415257,0.037522885774824315,0.04614583956902243,
0.0014192855523881707,0.006864058221360864,0.01364779991500155,0.02274222697740075,0.0335031489966875,0.04520217353356692,0.0662308091378125,
0.0030501861286182184,0.009917109414083058,0.020809673477336185,0.032235942105502076,0.043920685516681185,0.05815231946477884,0.07007999782679544,
0.0032646183993820977,0.010928271993367884,0.01885541178100181,0.02647213104658933,0.033112489809217625,0.04058118952431664,0.05037957062669535,
0.00239506248503357,0.008545785555645337,0.015557005879142091,0.022667738902619906,0.0301072885869916,0.04072752816883895,0.050708420330309145,
0.001756001157419587,0.004076170828293275,0.006127285549473466,0.007733218114893804,0.009789164543119516,0.010877689118885415,0.016208101954771147,
0.0030327527556843394,0.010366335696646934,0.018532836621694863,0.026610929789016382,0.03332408042105551,0.03944338697639029,0.04694495923062813,
0.0036720703951865375,0.01323423746366219,0.027643280562355273,0.04313550514193753,0.05711116808714057,0.0702258044718756,0.08242754405950675,
0.0004063878566551877,0.0013687647699003715,0.0017669460134858985,0.002249973524922818,0.007691677640489867,0.00854364855039654,0.010180059179770724,
0.002866333662542402,0.010607470951106044,0.020744699437118094,0.03210434129383662,0.04248234191963798,0.05431469691962835,0.06670896113040863,
0.0005744931145611963,0.0001254184397551436,0.0003845408372924179,0.0009412950420349678,-0.0005822289616210978,-4.026073093030269e-05,0.0024228386612956936,
0.00155399272627918,0.003249925157470822,0.0055462673765497425,0.008489612464296217,0.011915002727782486,0.017488963582733382,0.023052699178871348,
0.006368087820989621,0.02003119714663043,0.036289077050026826,0.05412325668696563,0.07085560197595349,0.08809968477066142,0.10669180280603831,
0.0018826744959438515,0.007635432132883647,0.01660065525702145,0.027808751029414026,0.03873893930450366,0.047869912494082734,0.059084897283018495,
0.0006630108643453648,0.0012485717891143916,0.0036407116507423116,0.007094439331870857,0.00963418265780389,0.01699215631807233,0.021225818259573082,
0.00274120040127443,0.01039243349232044,0.018926283525713964,0.028622966071607036,0.03769253172730422,0.04944978583894827,0.059985498570420764,
0.0021707547092332806,0.008567753522524115,0.016482707487098413,0.02679563804274401,0.03774742065081984,0.048160952643049,0.06351980357020627,
0.00015684285926894842,-0.0001651115958729159,0.0007681964939752194,-0.00021360791816223143,0.0005721143127490201,0.004279671666711226,0.024439284741312253,
0.0033362752577858483,0.01232457849053304,0.023565375652470032,0.035923124142626446,0.04813471281226977,0.062177848318527594,0.07752945137007418,
0.0029949807051873703,0.009711279364115782,0.01628074202133095,0.023563874348686082,0.029807778679795994,0.037798407495608394,0.04763220909096421,
0.0038087969974311586,0.0149092820145938,0.030236403610577344,0.0475969519881767,0.06533733780625807,0.08562329901541248,0.1061623817701728,
0.00288429640964136,0.014223735600175612,0.033333971378606754,0.05901496657349061,0.08347192118647208,0.11444019848221924,0.1535103507358308,
0.002615830489590298,0.012892077920960627,0.028186100308355253,0.04874786609753787,0.06749326230878762,0.09173680855618017,0.11748009303364898,
0.002886602620752467,0.009567622437111373,0.01675124123064918,0.02643036876127539,0.03376551516840861,0.044800488370463964,0.054658430848168314,
0.0012964803863605705,0.006326210306072287,0.013450409947648458,0.022343744535228402,0.032304468068602994,0.047272226269871334,0.06201891512340646,
0.000978165043717417,0.004717796416432884,0.011724856261444802,0.02112274424395856,0.033278574689069224,0.04983679369124907,0.07147890563407973,
0.0016108609358508894,0.003794433625404918,0.006281356174640281,0.008860838907085444,0.010343531519777745,0.012315427256522245,0.015381532293226032,
0.0007822436639825639,0.002155888577270391,0.0043277861502844,0.007947678445283988,0.010439026390539312,0.009807780468905153,0.01471140619341505,
0.003962308592947009,0.013471962408771423,0.024038751127601884,0.03560857815787446,0.04666072724196598,0.06384229037008131,0.07887491761230608,
0.0007252954754047853,0.0028923645774522337,0.004530369517403544,0.005445864092824117,0.009629747021380286,0.015315427321097525,0.0106001865406469,
0.002912064737016829,0.011572302854885532,0.02339195862421769,0.037416183163941207,0.05092707653410864,0.06743132247423606,0.08273882476270339,
0.0031715342150582756,0.01317636424025938,0.025050133617399148,0.038807828757422065,0.05237800578040472,0.06845436093072241,0.08538082325739911,
0.0016024965391426395,0.006113263812318813,0.012319630795907349,0.01844682038901224,0.02462591138944544,0.030805701638899875,0.03650427470079521,
0.0032044869062943615,0.011909218702476599,0.022069994269132916,0.032310022938758294,0.040939005574791035,0.05089223833334976,0.06191504383736738,
0.0033700016217227385,0.012043142175473346,0.02220036833268456,0.03314913181795954,0.04432457243563545,0.05959206000231307,0.07767095471918962,
0.0017040455411699747,0.005470171089505136,0.009997047602461555,0.01779525256609515,0.025220071946027198,0.03776045108151837,0.05027672279292564,
0.002678187942616288,0.011668235241721989,0.02374742107783638,0.04041744056412478,0.0537373788915935,0.07221167986641504,0.09327042405562225,
0.0018743121795515036,0.005142909494101177,0.008783369100185545,0.00992055428614061,0.014258104859393496,0.013186947326210577,0.016191000891420847,
0.0025491072233156734,0.007685347353077717,0.012359455109855139,0.01817073652555983,0.023752718510149408,0.034586526922954136,0.04246755992967452,
0.0031065173176768814,0.010218301182282088,0.019862294903372147,0.030122090483063114,0.04156438002522421,0.054445969400317554,0.06824693300184756,
0.0013874575333445267,0.002642904507108114,0.006121834507613673,0.010075836325039745,0.013031955844380173,0.01864393994657348,0.02082325729295054,
0.0018505057963155438,0.005240789623900909,0.00795402878556629,0.010152424509260039,0.013502102034417726,0.018230611599831352,0.022854579187266758,
0.004036428238276106,0.015707770475371866,0.029981834381403036,0.04596525656000141,0.06116792465721137,0.0772389926863497,0.09162837820585125,
0.0025834315907160028,0.01172777457634679,0.02327743339732421,0.03564792038730768,0.046043397699357946,0.05643785695227674,0.0673703909843945,
0.003600646335880919,0.013361279775185565,0.02461267722224259,0.0363945035978879,0.04715294548085848,0.05949181008879939,0.0720340528948382,
0.0018203787291721713,0.00642875043782084,0.013430638803882879,0.023283621202785425,0.036026454648987113,0.05740442991330586,0.08967118324172203,
0.00265471192864,0.009284320816572295,0.01869015643844651,0.03266783360799816,0.0525704910369035,0.08169516388348617,0.12341600756811347,
9.053702797617322e-05,0.0006829289718606004,0.0010482888227313597,0.0026451238285061245,0.0033039308891611445,0.003943014746409773,0.00011990809810234891,
0.0018408391528869086,0.006418415115203126,0.011541587958849705,0.018055302783298317,0.022280612777012137,0.029426482275398354,0.03614166999326243,
0.0014808930857547367,0.006006154113860403,0.012654559989572128,0.020869898289905615,0.032851123791070594,0.04502555936088363,0.05856397160114502,
0.0019270359705072498,0.005135565198847879,0.010351931718702053,0.014873812961593952,0.019773576892685232,0.023175056094469505,0.02779577907066066,
0.002931384283569446,0.013342200087539691,0.0290644874044855,0.04923120903822387,0.06835088836525857,0.08992274883843725,0.11720081879695242,
0.0014094110031592508,0.004998502206658821,0.01072735778581856,0.018795137506857126,0.029068406723609105,0.03914923475575618,0.05753486843592424,
0.0029360313891393756,0.010247378871168635,0.018476066418229787,0.02713076418819901,0.03421882607664885,0.04445578637542355,0.053446814972852,
0.0033222432133066327,0.015690088114006948,0.03413951519561164,0.05857615024608088,0.08217171817769639,0.10773168283529508,0.13037725503619238,
0.002318941201908259,0.008959080073318033,0.01579487028407672,0.022429170741683997,0.028167787417717974,0.03463209390196252,0.04361592136882216,
0.0009632394434038012,0.004737427163381381,0.016314049724495558,0.03040644034281036,0.04606926894146931,0.04427636034535679,0.07019980625863197,
0.0039364098228667444,0.013433507962257542,0.025443466016232687,0.03887031232556302,0.05158523726116591,0.06490936433906563,0.07876735657245953,
0.0029576652586729515,0.009705458612439455,0.017165270629500858,0.02440177944940619,0.030727630281306862,0.03682377092487644,0.04261953397087361,
0.002272856680886274,0.008730660169875006,0.01662046494595515,0.02460662716714817,0.03120176211904827,0.038420173204023474,0.0483145164633819,
0.002163220270117789,0.006337770523842512,0.010604917285833427,0.01395985547351392,0.019081764125048428,0.025051307658571168,0.03239100710217367,
0.0014180351537853187,0.002419710061856845,0.0036335219725204073,0.005231222467574238,0.0062377073819229745,0.008910499627610726,0.012750031208634896,
0.0015793462055644532,0.0036113232883601136,0.005971584054497749,0.009838884924737836,0.012957165930845088,0.019286507840725376,0.021627433904552833,
0.0032098219323738863,0.009342209786691431,0.017199820147827186,0.025142096259632315,0.032978187502884726,0.041691189827872774,0.051896698233519986,
0.003391465967628754,0.013720970462738203,0.025988028150111198,0.03871476935916196,0.051403625700573025,0.06661529062963295,0.08381419753793906,
0.003923509869160398,0.01420059919304008,0.02613683222167158,0.03809585065405929,0.049289251079423294,0.06273845655193629,0.07746300952486779,
0.0026544830397356245,0.013834396253983468,0.031260393641392846,0.05265092925381624,0.0720582774739722,0.09629175588981495,0.12555683102010398,
0.003963868158899482,0.013541419675312298,0.02605401787174828,0.040487895649201196,0.054520038067070425,0.06919778427653898,0.08528241299307554,
0.0036560068907832526,0.01348424675862847,0.0244011746518121,0.03642058056864495,0.0472159209707513,0.061824468019104836,0.07686382900940303,
0.002081316320370668,0.006608626410948505,0.011873710201513324,0.0168532676293809,0.020951200251656036,0.0275893385930653,0.035059016242472325,
5.4972071595529345e-05,2.8207839481502263e-05,-0.0002838408790115169,0.00015495278869563685,0.00037856635649768667,-0.001381480879922625,0.004271713165598585,
0.003205655812427542,0.009684450561358715,0.016919738154164872,0.02512170591258652,0.03243368504164923,0.040436228410532064,0.04894450793520406,
0.00023108040421774653,0.00046587861533124665,0.00493269073533874,0.008883807264754011,0.012808100799306815,0.013658676929592328,0.01448557842866201,
0.002306667678602409,0.00918815675690807,0.01600619206383856,0.022605491637945004,0.028877337763123172,0.036193920329007055,0.04620370748507128,
0.0029886075864179124,0.008553781058982161,0.013705642672602025,0.018454860903328197,0.023086635999153764,0.02857384832355295,0.037179393672175466,
0.002945698685162651,0.012337027865632937,0.023707776359535422,0.03638877466970125,0.049009732895615075,0.06252678616734725,0.07839450994002584,
0.004774573896494608,0.01730664028635904,0.03346652662978368,0.051158523258824196,0.0696755797673496,0.09080563897756795,0.10939314266619833,
0.0035180251531811,0.015350783736507377,0.03007990134848018,0.04719637109416021,0.06574654599191286,0.0885134591396603,0.11341167004853797,
0.0021749536366411377,0.007797693998110486,0.013856774386175495,0.01896152200463175,0.023993730108150618,0.03139090047527168,0.03814852896044607,
8.195595574531863e-05,0.000938522450091878,0.0013862902927274964,0.0029138114672872337,0.006834395002890184,-0.0023891858324745236,-0.0017839076502940345,
0.0011841291957760828,0.0032847329650027,0.005343464292279045,0.009128922675910582,0.014321723040802517,0.020142838141981086,0.02421673882756373,
0.0039741935690278994,0.014800000437412702,0.028733675765604146,0.045764149354017666,0.06343556903894411,0.0790475446379668,0.0940229579697825,
0.0020438829224261523,0.0068135644832279275,0.014784510286644554,0.023992031572375127,0.03295727322109388,0.045720746417824996,0.05637127883700478,
0.0017255158480757517,0.003373022680770725,0.006102427213317654,0.0077883567612802304,0.011271118299474558,0.01506141027829805,0.020326008862177933,
0.0018809943985923525,0.008010098490749486,0.013740537382699553,0.019872895645093775,0.026465647512819157,0.0320738783985992,0.040584837400789234,
0.0011930882535861782,0.002111078095084865,0.003971897633457173,0.006228158178446172,0.008827822352862731,0.012037809771668392,0.013833471866002693,
0.0024676394872940603,0.011888451875593935,0.026825092912195973,0.0474454467234006,0.0687805481376296,0.09057363273517909,0.11901314748611126,
0.001526217281912904,0.0048131088879245785,0.009279996708443703,0.012653387577606012,0.015794514252477198,0.019175442517774543,0.022188297895319207,
0.002228827922356854,0.008937124159875109,0.016501325854254293,0.02418356216175282,0.030443063296802908,0.03768963776029164,0.042968816875589025,
0.003388926928682034,0.01114882438125756,0.02127615450993141,0.03305621081348588,0.04275247876263589,0.05397208547684475,0.06362201985013209,
0.0026313946068343757,0.008625356774347394,0.016080495925910158,0.024821336369252798,0.03545362876090155,0.04653226475142408,0.05933377571566904,
5.761191394272186e-05,0.0005006222948359261,0.0008006921909409908,0.0005803782771496156,0.0031812865708691525,-8.634433393157704e-05,0.0047808607528300046,
0.00017638669545876832,6.255809923057579e-05,0.000330130966980973,-0.000539284545905683,-0.00038189268312874394,0.0026637902804227424,0.0016225943091806422,
0.003150436089137451,0.011008135730244523,0.021492209630710416,0.032919678341700113,0.04474396074363517,0.05760901170200773,0.06934499660943992,
0.002449368016255571,0.007254058956191596,0.011714737940623903,0.016006036258024076,0.01990193790576819,0.02487597621414278,0.030712301803331284,
0.0024746281159562823,0.006717323992587571,0.010932629559908633,0.015821966457084995,0.021473349374397363,0.029642210769709205,0.03764502213926152,
0.0020007479844367277,0.006467340870430395,0.011870287764096156,0.019009447911156666,0.026893544568378468,0.03744781539378136,0.048498658934402666,
0.0038939544726881415,0.013495390287724182,0.024281214410628135,0.03805559087817679,0.05039773564994104,0.06431301476862941,0.07775245875780537,
0.0023792161887370464,0.008191934760454005,0.014987917849332478,0.022213751224648446,0.028865933588223387,0.036728811544681994,0.045841933059536384,
0.003619964610652163,0.01517651610111547,0.029506110742928193,0.04544381149571382,0.06183330235327799,0.08012519207950806,0.09996527993275127,
0.003464514657276033,0.011105082463172584,0.019880720003988966,0.02905688383116171,0.036898470053114335,0.045500918380068395,0.05470786342598059,
0.0016106973092608681,0.0071888572573036175,0.014214997446726938,0.0229052956480548,0.03273674276688985,0.04416225310936283,0.06044202003427642,
0.0008540170974857842,0.00582263588420751,0.014348606557669416,0.024045629535391636,0.029688233083121032,0.033459177279696446,0.03920976496645244,
0.002662444262402018,0.008057455228757322,0.01511208346003767,0.025398783036137847,0.03876627521332394,0.0606909951356496,0.0901100853784425,
0.0017573628828764975,0.0058318388253949935,0.009971781169339817,0.014806245097558677,0.021974504682101628,0.030305953217946546,0.04065121781120676,
0.0026144774598917822,0.00948002006926997,0.019121229916262108,0.03013935488120543,0.04062410242048985,0.05308725060220242,0.06734330128526633,
0.0014082013862429616,0.0029727525598034123,0.004531409226633303,0.006015304943534152,0.007204672537536478,0.00968669137752448,0.012395426908281734,
0.002749070699190985,0.010425574098665822,0.019053692553040128,0.028136408436310413,0.03732009751019057,0.048382969089650237,0.06151834578598959,
0.004047676523516349,0.01662135122231488,0.033462543083133865,0.055375955123073105,0.07770269760268715,0.10268962701056206,0.12819891833449756,
0.003579254888420489,0.014033307079709633,0.02679928588257022,0.041038680180404,0.05604887983856892,0.07213648356212446,0.08881918083696287,
0.0017732035220319922,0.007401957680655676,0.0137404023276595,0.021893459184832462,0.029359858796004508,0.0371550353033483,0.04501252026564431,
0.0019928831382850084,0.005922499333616956,0.01000489498104979,0.013294908869972312,0.016810530877297773,0.020740405741181574,0.025000618782959515,
0.0026098538958186927,0.00714321103737719,0.011507087102130152,0.016155123128816968,0.021482486312333394,0.028257621815381367,0.036577781863744774,
2.9877768925145116e-05,4.348571953775267e-05,-0.0001960658408518045,0.0007071138264467003,0.0011970287011809145,-8.423069976081289e-05,-0.0027764548735434895,
0.0023547992430405394,0.0072704518235344115,0.011570537491382777,0.017105027858392508,0.023137083694076754,0.03128720452241018,0.041156424481264144,
0.004922996458046278,0.0177327217396499,0.03351529012726306,0.050795258688772715,0.06744481900419433,0.08496483606174052,0.10360126841703154,
0.002376119117040543,0.00775416395447516,0.014708226608537905,0.023443459988141756,0.033248286863985455,0.04428417345364722,0.05848360893267733,
0.000337857008810486,0.0007655622397841162,0.0021675961816565005,0.0034312190156149396,0.007106685028543346,0.012805196251730778,0.020073600151578577,
0.0029572244523080496,0.013809327306408499,0.02812654500776197,0.04703305392146011,0.06543170547737805,0.0882376588353553,0.11019702576545018,
0.0016438732573033617,0.0040016701440608645,0.005834057116113708,0.007278411096122522,0.010832020641514607,0.013165012733338831,0.016169446387131473,
0.001660634088867129,0.006064630238180229,0.010735940535641916,0.015875772410749753,0.0239191935141365,0.03357100610760617,0.045411111250329296,
0.003405856108310308,0.013901559315041076,0.027873814722495303,0.0431242916614518,0.05913110983571504,0.07759393646584724,0.097051280620126,
0.0030887443712997575,0.010709123824876437,0.02051083667636123,0.030390465570347587,0.040429943550451375,0.05135726386587911,0.0631168640896339,
0.0038019981674580487,0.013622060021846854,0.026865610163798452,0.043337352518851534,0.06301790453426827,0.08744374523490578,0.11709906833254997,
0.0029605444108614177,0.011236644024366525,0.0207038951051598,0.029939240842885736,0.03788544599900523,0.046173474743006,0.05530948579017778,
0.0020165429856085068,0.006576240531262018,0.010813810520117673,0.016491662003286254,0.020632711672410424,0.024347155671796926,0.025067043542653888,
0.0026097368911654545,0.008493981135896597,0.014428915779337506,0.02050752680207255,0.026542623669720457,0.03477122166490965,0.04433603850106909,
0.0036418502658740397,0.012768190159162812,0.022307000970347504,0.03217893307752723,0.04165245384662972,0.05449225052352522,0.06898905873288134,
0.0026435062571098546,0.008745917676617145,0.015072236863151615,0.021755156929584712,0.028044340423595496,0.034766464057268485,0.04088888338088935,
0.002608819784329254,0.011330235918927565,0.023173721239249555,0.03920515686339666,0.05602926397642176,0.0764575791838755,0.09661557470603445,
0.002584217064374282,0.00864517514088043,0.01534609716287352,0.022298288520095945,0.028540090782710983,0.037049715590491236,0.04590492327422344,
0.0019018236802739875,0.00661529549445648,0.013061663642758386,0.021885654478681262,0.032962050331191144,0.04873793773437036,0.06340411843918585,
0.0028975899212430136,0.00954720990624752,0.018496198659828884,0.028086097489464557,0.03910767313097091,0.05103445936741821,0.06584481797580997,
0.0025140303133913554,0.007956950101514136,0.015837554891054657,0.024660513473773897,0.03275520018110158,0.041115716276280315,0.05002155032935409,
0.002080061923165997,0.00731223170353451,0.013598134750927707,0.020589436101091974,0.02697008459051124,0.033880835871448356,0.04126355755447614,
-5.37244149919879e-05,0.000281194157812352,0.00013377038222206388,0.0011148452090148427,0.0009239684269907155,0.0019120443263238166,0.001478610848544394,
0.000614229162984675,0.0015807015799509767,0.0030666031494268713,0.0057277123017217164,0.006365088088631693,0.005832764740234977,0.0038039648962629943,
0.003551566687426436,0.011263098795002572,0.02038019245697232,0.02969020518408911,0.0394844787367632,0.05018611732870135,0.06103334282788872,
0.0042084472924716135,0.013048644752046822,0.023124047481586727,0.032975886719356404,0.04201616750053926,0.05121100017025527,0.06197458718663942,
0.00309191228489599,0.0147620474704833,0.030559796156499446,0.04962608483894595,0.06797734715289229,0.08880363118862572,0.1120697313736547,
0.0015847393348100906,0.005094081101457682,0.008903864562247059,0.011354984122784417,0.01609276436822248,0.020636552865752934,0.028588816816577156,
0.00258965738754396,0.010557074164859018,0.020367830932901294,0.030055373367475775,0.03813285979320362,0.04710366826140148,0.05622257817186654,
0.0018174966015569404,0.004605137327908349,0.0078097403434984084,0.011424750952245589,0.015547948017219489,0.020310921129859667,0.025414058033500015,
0.0016453382657877766,0.004163766314750342,0.006700201246667482,0.008561569806112286,0.010348750775213777,0.01379375474209391,0.016886273222150517,
0.002999999113054597,0.011033011324950898,0.02054244287265049,0.030650717277352673,0.04113678481759821,0.05519071893279741,0.07118933904554713,
0.0024335375637556263,0.010325451713064827,0.02036570744141786,0.03258085179256587,0.0435757474933789,0.06096776405285513,0.07923542445621477,
0.002623598728021746,0.011265719909677552,0.021656637715568965,0.03247758061864741,0.04327954827218266,0.05464280588696917,0.06800998337912209,
0.0014964487881468818,0.0053031376448125726,0.010093832383762703,0.01445643164459506,0.018481681453164645,0.023040990043408382,0.028209054764172542,
0.0023401600451403146,0.00808738639527194,0.016009800625622187,0.02361547798775697,0.031002701247598626,0.038328051651079956,0.04681840748498623,
0.003450669755064324,0.0130750224266598,0.024848770023505558,0.037968192341702844,0.05236405266900835,0.06836833446008052,0.0837341196589843,
0.004565270135572092,0.015893824946080156,0.028745863388481334,0.042000909336253424,0.053857868240851835,0.06580584032764301,0.07766522234236603,
0.0021665108033744333,0.005068607342646685,0.00831777708474824,0.011909109286047083,0.014890828584639996,0.018689648749847347,0.02149104628725408,
0.003503363614447844,0.011861211744430111,0.022162659349207327,0.03364101746881592,0.04542134865790461,0.05878471026533253,0.0724769874072705,
0.0036811176242157375,0.013492517788089171,0.025711325403485433,0.0394048364957566,0.05248694223032824,0.06718467110934508,0.0827677181900603,
0.00022376622962679747,0.0006741035961016469,0.0012185888970809848,0.00165491677910577,0.0039125213560404,0.003158810243614762,0.004665676730439739,
0.004112169617746628,0.015404944264690081,0.02877360057367804,0.0426501370993096,0.056721748740788565,0.0718259245957626,0.08711588501267227,
0.0020502792953817077,0.007621369799360344,0.014263302294112979,0.02116266009778387,0.02752592246950029,0.034315193727998655,0.04178309380341736,
0.002835105761979834,0.010132610388300428,0.01804008509118094,0.025734264045580796,0.0340914605296927,0.04438635702355337,0.0566660747177738,
0.002397799128159794,0.00833878073782573,0.013877207640480758,0.019960912473771297,0.026696342868639453,0.0370031438973351,0.04827565881073088,
0.0026593605486497193,0.009379091898708237,0.01739319462074763,0.026987913153308535,0.03706493897872658,0.047635176219808194,0.0578358210339309,
0.001038830956119454,0.0030165934483324915,0.006523472942615729,0.013056450777538175,0.022596336221142446,0.03891508513094516,0.06717635609859589,
0.001610322252685386,0.006133360613741017,0.013163242229017736,0.023048666905364022,0.03350430559056176,0.04966349840556475,0.0691434539443257,
0.003747597125437043,0.015190992823713022,0.030137523161629667,0.04747397841317298,0.06437828713496657,0.08381291050556229,0.10507372869818253,
0.00389182547578415,0.015241458976874823,0.028313075386658795,0.042454385102783876,0.05634233258652609,0.07273079366711424,0.09043942025911432,
0.0029862419810447248,0.011691133415834718,0.022705733305767438,0.035016829689867586,0.046538763781519076,0.06016005848070047,0.07678134887138557,
0.00016667367865438618,0.00017726253197727674,0.00040395378300855803,1.903073512221154e-05,0.0001396389791258239,0.0008306144288046476,0.0016436505949398521,
0.0031757961234973983,0.011569160794864293,0.022042763176334464,0.033674033791048816,0.04587648032190299,0.060431448527134314,0.07291406206041985,
0.003468166059629407,0.013100068618528148,0.024616039930053554,0.03823777159638354,0.05191228165793646,0.06631759347425616,0.08082310298437222,
0.0017173388611727556,0.006154074309513667,0.0122919047382847,0.02052218784665893,0.03150714951586313,0.04659373364656824,0.06658251396401836,
0.0028151385960437673,0.012952871005155851,0.02664292661625645,0.04325605495440503,0.05793130515960066,0.07330958364256414,0.09060657747717077,
0.0023137924432137767,0.009328391514905002,0.018567323714147373,0.029988601578838717,0.0429795502719343,0.0613585395230872,0.08129198456104052,
0.0011867108892906818,0.0024987973072066903,0.004948306314553204,0.0074138611616315206,0.01075766702283573,0.012549517225514199,0.015206649397855659,
0.0002329730124331613,0.000206668278855885,-0.00029040340805685367,0.001966013792158879,-0.00023682822128815603,0.004175433409978944,-0.0007793464129922653,
0.0005653524681233406,0.0016319307658633415,0.0030313364307617023,0.005434514789178138,0.00841949257805164,0.009526300976621502,0.014198968548806385,
0.000716634814396208,0.0009359338331584871,0.0016490012879976246,0.002234434365338211,0.004683261317117909,0.008625140863861628,0.006813059131478798,
0.0029673131352039328,0.009531639749431622,0.016596115838372092,0.023716324703183723,0.02984815638946792,0.03771821136443538,0.04488772933741751,
0.004398977258277425,0.015272839557507946,0.026881600051144018,0.038527292639895794,0.049593952822899294,0.06067860350137032,0.07103927676640125,
2.717498766800607e-05,0.000870691519675262,0.0013434361964762248,0.001856249597624814,0.0041526377490140615,0.003946602190919725,0.0012973852887389413,
0.0018602132214229903,0.004493763603322075,0.00719882683999701,0.010348823067237941,0.013501166343364653,0.01639802750158749,0.020868569552164245,
0.0006959828861791141,0.003597594650314144,0.010388839349986297,0.015267865609931016,0.021148268834728787,0.02745976575606011,0.03307402158184458,
0.0029113490038602642,0.010548570308666518,0.019813725535168566,0.030118086846559977,0.040538284560457855,0.05218879637259265,0.06631611716291984,
0.0029789588202290274,0.010581379726706976,0.018764981387993547,0.02711917355810296,0.034115389389103974,0.04293759473179983,0.05366091387115077,
0.0031788904038816297,0.011290893546671973,0.02242035827064984,0.03610151963496387,0.04984595314117449,0.0671499366973776,0.08560316819784451,
0.002011484163868688,0.007374223556439187,0.01373955464864625,0.020565636456670082,0.026276396558707015,0.03344500213832008,0.040315440439210086,
0.0020664910288758663,0.005070955960742225,0.008384337614518891,0.011422062023075162,0.013955111242247279,0.018118900216308794,0.021592102234074217,
0.002456086003051017,0.00809921933928498,0.014182011879821042,0.021401905207746957,0.030578895637177014,0.04467369807503749,0.06216134145647512,
0.001814398676878718,0.006566528416451778,0.012846371276713644,0.02032549441324038,0.030608656157747716,0.04432987643196639,0.05824113794853326,
0.001773875581926427,0.0044190767663380166,0.006884790611533223,0.008496034748348908,0.011091545064043926,0.013884726472521664,0.017356905679411044,
0.003187694593553936,0.013241725277171327,0.02520021006689708,0.03832821628954247,0.052527078057340845,0.06958778503950204,0.08667887207593443,
0.002718146418423385,0.008525558886710373,0.015303958970444677,0.022221645484691816,0.03001450447014699,0.03909402864247725,0.048367772457191024,
0.0028936036732910915,0.009631289862761737,0.017852599113335036,0.02733179753990813,0.03691014468848918,0.04860067181650219,0.06138018983011449,
0.004193190190442058,0.015189214422180798,0.02846579875871461,0.04276734285907759,0.05625985917624257,0.06970856171226988,0.08443428362884954,
0.00367939627731381,0.013569544457530548,0.026156965440817356,0.040104492107322136,0.05511362472314947,0.07216524793419245,0.08919492755394869,
0.0028163290581003676,0.010400988199482,0.018816788447403646,0.027954049727998267,0.03761554165324198,0.049399527938129684,0.06313012364706874,
0.0029011415888233628,0.010833068613529114,0.020569124932696237,0.03247206849645144,0.04506210776415983,0.06220332807671994,0.08116032618167744,
0.002799048517310682,0.01214591081959679,0.02397935790359105,0.038085346343238416,0.05045895899383429,0.0660108533575179,0.08239483843878218,
0.00170312393363257,0.004465405297896933,0.006165546323476873,0.008656467592702345,0.012087503723428315,0.015238461597588541,0.017199369897956125,
0.004041790309458497,0.015039281570589277,0.027415840750763937,0.042504615088775725,0.056665222433783524,0.0723617447325501,0.08814396626646474,
0.0030178704661624227,0.01246281175543552,0.02438146844230833,0.03717328885255177,0.05100316369433901,0.06557342977617965,0.07959355852627464,
0.002483546416247751,0.011571379757375955,0.02471303396389146,0.04197499640025025,0.057108171725833545,0.07586760368065092,0.09173229560003936,
0.0005607930650976676,0.0013469087365560498,0.002807455760290243,0.0044800937285575096,0.005862952133775118,0.009282338812991215,0.009003548930497875,
0.0026556461471737678,0.010014623934172347,0.01894519673930442,0.02847080270175526,0.036955647001775324,0.04615675579668924,0.05492736282422976,
0.0028683870892487924,0.01050553508857515,0.019995146313949184,0.029304171403088827,0.03861675823436017,0.04788431298077414,0.057226662619372815,
0.0019885582767477654,0.004877977686643448,0.007742822073094347,0.010109421135564397,0.013173394605282732,0.016344873761075296,0.022075057392487194,
0.003145703700092629,0.012512795536570474,0.023181085684674658,0.03386565862819603,0.04351019389879455,0.054610443548460584,0.0669697797612265,
6.426037758911278e-05,0.0008790613922919102,0.0020506879810846114,0.004202089080315194,0.005751476866665475,0.013584735710782656,0.026834858753747245,
0.0038078508935979107,0.015405027148417662,0.028867638331931213,0.04270472538230591,0.054354919123240884,0.0670530760853937,0.08121962853565859,
0.001099738212657874,0.002530262329112412,0.005071119593396593,0.006975774268642704,0.00931779804613632,0.009183318895993112,0.010316654060402667,
0.004020069987420106,0.016301779538132912,0.03166353956738893,0.04994927317838934,0.06884881396907302,0.09146173507839665,0.11556332308793904,
0.0029342457488551574,0.00960460043879464,0.01829702581914339,0.027840661973441785,0.03626554735743319,0.045125426864649,0.054655918672837096,
0.002601973841935179,0.010556954109367246,0.019941695961172123,0.029278704476213037,0.03857985359149302,0.04998475589746948,0.06545558578628871,
0.0027218779972488054,0.00976080004225444,0.018494183969597375,0.029038085078396673,0.03950757056839578,0.05162002735743149,0.06354861564741657,
0.003278032758961999,0.010774238845928145,0.01874443330585072,0.026608558772312954,0.03412970662666658,0.04342120542819567,0.05264676571877608,
0.0025622326544412185,0.007066721065663919,0.011143104046645695,0.015499422365014191,0.01922234851796876,0.02377420860803612,0.029423684525038626,
0.0003267959664258453,0.0010851228600111877,0.0013615587489294036,0.003139684759069893,0.004448785113215893,0.003289701150184827,0.00595163890431669,
0.00010346609347531434,0.0022528124251782076,0.0062194436325343746,0.010174386173076809,0.013707303297662354,0.012510936743868972,0.010718207253200314,
0.002923384233814784,0.012082118472265252,0.02504575161335072,0.040904953627657316,0.05712522237631394,0.07626644534426676,0.09635082846191553,
0.0017021763742219157,0.0035445724693515066,0.004809478448933507,0.006031070115208004,0.008736003598189821,0.00858307499428679,0.01200537031332827,
0.0021961831221306055,0.00834543740572345,0.015558757616436355,0.022703290334093053,0.0293490989464722,0.03642828547488897,0.04500275156848238,
0.003409877719049952,0.012473496676686848,0.02396435767602015,0.03634621115591318,0.048966902954366634,0.06230336965823521,0.07483790319082927,
0.00243240656590006,0.007814167140655508,0.013685166040803953,0.019301292813986855,0.024538517221231723,0.031082829333104967,0.03803862961620275,
0.002828079509872852,0.01323858145738481,0.02887958192136882,0.04979782645097755,0.06573486346592892,0.0801144520251675,0.08982208405874767,
0.0028131624899806022,0.009886036903514474,0.018503938268261362,0.02970749376210874,0.041200540927080975,0.055942814921541885,0.07217855774467986,
0.002421562966395838,0.010271703836508989,0.02155077161916283,0.03366306624381104,0.04627519258127439,0.0608384289119979,0.07808653699513135,
0.0016140006234613977,0.0033509709841228557,0.005327454138403411,0.005981879622094139,0.008588286540406347,0.011154138487172578,0.013564950871005305,
0.002432524915334123,0.006882225366274886,0.012119569270520858,0.01665835732304398,0.0229498015128661,0.029806924576069642,0.03808186203741588,
0.0035165371328546406,0.012820761444962383,0.023559285255725457,0.03556214232654308,0.04701450998888996,0.05912876941290616,0.07109838141978374,
0.0011453405415123516,0.0022274061648974307,0.0038715068877908446,0.005390248128147463,0.008543819161366643,0.009857511154280895,0.011836791585314218,
0.0011101250876242583,0.004669990873238406,0.008585256299043446,0.014798524884531407,0.022769367069815385,0.03496116586153809,0.04532871343786838,
0.0028192565159578875,0.007529094414327125,0.013304178352081907,0.019062741800137336,0.025168866977621926,0.03069339535169098,0.03873741376251938,
0.002370157387266425,0.00913500222157637,0.0173427214642775,0.02900141333661897,0.04480990984936108,0.07155778781422625,0.10833315832594428,
0.002760365070950791,0.009320886600036772,0.016588463274811113,0.024086864248671874,0.031084215695523294,0.03840682905989023,0.046377941795215746,
0.0022390318107778245,0.00840174501499407,0.014404684446951302,0.020681208043072843,0.02640025542806425,0.03227347842657988,0.03968012990050702,
0.0029452380000549077,0.009359443066560903,0.01520440223603755,0.022203808173543768,0.02822467292438721,0.03500364110547173,0.04277784416768134,
0.00434434509302675,0.01507625486838393,0.027296328679114558,0.039283354277802655,0.05005857581701303,0.061581340412937315,0.07228143051676572,
0.002573818780777116,0.01014289677335917,0.01916680915149662,0.029585546760861208,0.04101548851975244,0.055892314035933775,0.07355236484638719,
0.00223837704453271,0.007504323047716366,0.014709992566686002,0.023034201866744642,0.030103618434372367,0.038574114327275096,0.04752179590373788,
0.002044724932711849,0.006371652345992173,0.011647864869181603,0.01757743871419448,0.026122379256099074,0.03668201203498261,0.04688823930015145,
0.0037751863205426318,0.011590154750747024,0.021322029674072495,0.03462991701108014,0.051728390558038295,0.07787917750600924,0.10954883106263193,
0.0014065537253301803,0.003554978645046954,0.006016323044349532,0.008056787131101011,0.009908924702174141,0.012708350859490153,0.015492294655760706,
0.003204415015865428,0.01200564263122379,0.022185563203958092,0.034080295540619664,0.04654601194948544,0.06298603779272359,0.08259976307985499,
0.00223474730088112,0.00728855986661057,0.013535718487290172,0.019578214073863648,0.025406747851351167,0.03242899079510763,0.04116558535256759,
0.0025210361615154455,0.012879264652744504,0.027709890841403052,0.04616672011155727,0.06551346660255153,0.09209583340709193,0.12519132148540962,
0.002769785395534738,0.012081803784520073,0.023438826199870432,0.035470951399588564,0.045435665768758085,0.05619857202016117,0.06712855703731392,
0.0020106363719228355,0.0057431224524755456,0.009638234898549357,0.013246997158032112,0.017405268567621264,0.022567343790857876,0.029120047968370717,
0.0023301969040228493,0.008671291289821765,0.01581243191621787,0.023353488697691053,0.030450314187254638,0.040005261276635534,0.04935647840420996,
0.003465089407787778,0.010751535034393177,0.01867666674934088,0.02944437982748904,0.039860410227704285,0.05313350083339024,0.06831581587614319,
0.002754683587881599,0.010814401980911773,0.020220075002350773,0.03137389491882112,0.042391359318482154,0.05513061900543177,0.07044624461782392,
0.002466049664979097,0.008343879339212103,0.015626547681281223,0.023129887125268683,0.029879290989934294,0.03716658017403311,0.04595377806374223,
0.0021051902202539616,0.007851024222955466,0.014736408567298853,0.021389276207443127,0.027651710543744632,0.03332287406187719,0.03950500646651627,
0.0020788069296957938,0.00595829524261508,0.010141380140223972,0.014187911519483502,0.018016910437827636,0.022086002078837957,0.027448074766232598,
0.0015100539041109655,0.005903966989752137,0.01042232274581711,0.015917204265168322,0.020970069283389053,0.02872696827019722,0.04020572540202315,
0.0003794776148289738,0.0012706884439121781,0.002750275087484537,0.005487705286061128,0.00979898967880245,0.015758850982521173,0.022088268537187282,
0.0010017043525881648,0.003956849389333801,0.008330760732172602,0.014012783680266712,0.019386907783088245,0.026719311549991336,0.035586010343820355,
0.0028624765555777362,0.012536244978730215,0.024691387691357567,0.03892401184031799,0.05155593896614335,0.06458187393392965,0.07900881106960066,
0.003103841055885683,0.010137872738107184,0.01849445954699058,0.027067490292279974,0.03665600081794309,0.0455466040218256,0.05609541715917391,
0.0023179747490852977,0.00793291463881561,0.015101765635983097,0.022689279294647664,0.031121559884610402,0.04086116214683668,0.053010105448954285,
0.0019145878970590194,0.005287199893279825,0.008504795492402621,0.011286556064548576,0.013558070438845288,0.01712144911780825,0.019825073903064636,
0.0022167366303258587,0.005443193513938757,0.008940809921269543,0.012308418791418141,0.016397770742698995,0.02028993320995862,0.027063141059232226,
0.002004980750531336,0.006002471296067056,0.010213939157591495,0.014286405790953818,0.020074908918363027,0.028778585481887775,0.038084730610988146,
0.0020300585650077484,0.005382364120015934,0.008784731414933572,0.01182232627122559,0.015175080132581066,0.017743323736762132,0.019548954485523767,
0.001741800802663692,0.005852766961571846,0.009846525776801717,0.013879819345547615,0.017060240955810397,0.02096272611440233,0.025487640405250575,
0.0002088786477360915,0.001112693572111856,0.0031386029688914565,0.004882770094065231,0.009729962900352652,0.00973102478869663,0.014339434458892039,
0.002998271634079441,0.010960352659448166,0.021019201830744405,0.032844702447463424,0.04484121330649297,0.05808463395711719,0.07310664705242198,
0.0009771223417742165,0.0024229478183544597,0.004599527058146368,0.0074689375398740415,0.009005218673515716,0.009311101622409447,0.009860787223833005,
0.0019826667849262053,0.0059767710826988535,0.009671107007560183,0.013702236969452422,0.019643411413478785,0.027592100478311867,0.036393615695784656,
0.002272034722993544,0.009319059193008853,0.018766905817513724,0.030157705469199256,0.04111427259856643,0.05185000512923197,0.06380546388044142,
0.001828126871188903,0.005491937680063071,0.010140633884498535,0.01546898182597867,0.021014701779738878,0.030420276165788296,0.04372264905066749,
0.0006424130698825003,0.0022772864406508347,0.00438324003239033,0.008878846708927742,0.014788733263285479,0.026051681421574168,0.03615313280900143,
0.003086744978743385,0.009425960114831197,0.016835968476206272,0.024728106427075337,0.0325405182845768,0.040783257374424474,0.04878115197476108,
0.002974029521965312,0.009827231465351579,0.017461015324133904,0.024984926720411978,0.032305096218997305,0.040994516376639735,0.05029238854368852,
0.0025058702008076243,0.012042408140906208,0.024899831776782747,0.042418307058384785,0.0604929011868163,0.08368827387538869,0.10590505958844049,
0.003252446259227273,0.013491967413781985,0.027572855802252386,0.04598791687553645,0.06494722929815046,0.08655739726806765,0.10757879921955292,
0.0031385526898169984,0.0109985376972546,0.0204943410146997,0.029770082862394645,0.03847432893889401,0.04661675599660489,0.05610914295684682,
0.003436391735710228,0.01293531008631394,0.023900030258336178,0.03616218033040491,0.04873399019571672,0.06378541790274635,0.08032975351159305,
0.00046339893049942085,0.001234782959513797,0.002323461645257433,0.0036414504657383802,0.006903568075775708,0.007506965116598638,0.010942210097917047,
0.0022807527184341455,0.007388129239271388,0.013578641847998134,0.02062351001823743,0.02684312942924985,0.033634743813417,0.04018061623311177,
0.002947105060632628,0.010487872575349274,0.02096878135911909,0.035365656787815135,0.05408596725255434,0.08202178832660682,0.12185862477751995,
0.0030761021920936416,0.01056958171054935,0.018324943370992317,0.025942467614112456,0.03490200717247482,0.04533611441081811,0.057829713627864376,
0.0027048364104057406,0.010908301908064211,0.02170318192758461,0.03441601460241214,0.04744757742846184,0.06285516670505363,0.07820488457603138,
0.004291025106558352,0.015437262909968491,0.02797393315396144,0.04116594804908852,0.05303532519896576,0.06510332184995399,0.07824576387793016,
0.0033743994554984143,0.012073420311322601,0.024170504620047176,0.03817268733478119,0.051661942745049184,0.06777309315803312,0.08387668090038015,
0.0035339894640565553,0.010960742503813597,0.018946878013074906,0.02710195830694843,0.033962767897935474,0.04170477594118084,0.04982654123748033,
0.0014148835114788144,0.0050327050563333565,0.010329060224012268,0.017332330272145317,0.02550321978967551,0.0380672750470525,0.050400448860763995,
0.0042945422131742675,0.015820134569593386,0.0296260956603851,0.04419896464424767,0.057158953766807095,0.07001993585679141,0.08363397016684936,
0.00218506745079361,0.006361702979244638,0.010646415784923565,0.014358842223346702,0.0178132662913718,0.020430804230924228,0.023465680718738117,
0.0011076371181495605,0.002620140479569707,0.003587538571317338,0.005166806196478567,0.007404479424583092,0.010606250583710137,0.01489553805154564,
0.0024385184679133892,0.011089073620484653,0.024396664662528343,0.041753676186255195,0.06081473975218366,0.08210701506171925,0.10620023596861371,
0.002094009244880238,0.006869031997920027,0.011657296735888183,0.01619647248027181,0.02114969319943731,0.028440025729161652,0.03748643694429999,
0.002892897475323285,0.010029858833752806,0.018560479647089862,0.02718649184889266,0.03554087599457899,0.04489457048549817,0.05373030779863668,
0.0012567878553331406,0.0037240477448068,0.006671968813177327,0.010679420180677034,0.017698933937077225,0.025600988093359298,0.032647361201812344,
0.003014211941543722,0.011167552164116615,0.020591563475740215,0.03034834433292282,0.04002534402333871,0.05188738742152898,0.06708693150175893,
0.0020189008045972683,0.005618110423413335,0.009240699781450463,0.013428410365937853,0.018152165030825295,0.024237632335493576,0.029983829916484295,
0.0010049516726078895,0.0020134428589413523,0.0036260032688577503,0.0051778136537759785,0.0069511603809607365,0.00852908218714245,0.011498902194422912,
0.0030041476555002773,0.010237409255831002,0.018263516971912412,0.026602409284352334,0.03515842842997932,0.04570203431508876,0.058981151902834004,
0.0007047855568323045,0.00351248278228858,0.008370615607994568,0.012308404785088678,0.013932065819436477,0.013942729368193072,0.014855962366374015,
0.003427652150183117,0.012950102526932772,0.024212022911718752,0.036483490724403156,0.04848854582037274,0.06236776198637106,0.0784102900791962,
0.004039585502553565,0.014923631954828459,0.02929373134856929,0.04523891562877163,0.061864244763833454,0.07957434501465256,0.09765112785800986,
0.001042188760726342,0.003652844770567939,0.006496584520616938,0.010133280501261065,0.014469431465095422,0.017664591165248662,0.02686186136468562,
0.0019582984592750917,0.005255451841154581,0.009371238751923127,0.013281186119088809,0.01766581519727452,0.021065588276194668,0.02604994478388274,
0.004199755654960666,0.013805317703397402,0.025029894731375176,0.037296450297022984,0.048622428465739456,0.06101019311611099,0.07412837593710055,
0.00041661593210128055,0.00145162628274742,0.004904952564560118,0.009409481833831668,0.011751071656795443,0.012419695966702443,0.015229814488742086,
0.00346682046441683,0.012470085873137504,0.024294487223057628,0.03801180233501156,0.05214524640295066,0.06984171663897913,0.08645017940902147,
0.003359965701048834,0.012530775727301609,0.024563731376319172,0.038210084766802946,0.05123903570559381,0.06663731708767717,0.08069627729747697,
0.002271923149213925,0.010109242062390942,0.021717443773831363,0.037163327927840925,0.053345435467016145,0.07407359564873249,0.09859690480340404,
0.0019772765298543687,0.0047498261828304925,0.006685061871109762,0.008322782490900902,0.01144341321994495,0.014016692240214852,0.017051756691018684,
0.004793315558799694,0.018218759066126588,0.03475097984592252,0.05276430451039129,0.06987637659160482,0.08922028909283086,0.1106186864715991,
0.0011431817421174422,0.0023473990515033853,0.003755111342793163,0.006625877014150673,0.008545900520464394,0.012229984621505229,0.016267961758434826,
0.002204819160920414,0.008235684754912698,0.014391839550822788,0.022563716131731578,0.029309212793748426,0.03774648834087845,0.04546818345418641,
0.002821951075754126,0.010604107695868793,0.020171481716543,0.03025616571960498,0.04074828999507949,0.05305908467236958,0.06891828720472543,
0.00540337707106539,0.01728493951812914,0.031311246187348436,0.047209408595634446,0.06327346838527739,0.08135214389593766,0.10095727540144268,
0.0020606559318561693,0.008388226531014228,0.01724226008090558,0.02715962023379629,0.038730304141413534,0.05224233993045323,0.06677618247001857,
0.00016296220099022964,0.0010040963275292911,0.004371325822384639,0.012480950411850567,0.03065595592040209,0.07965719744052546,0.17948611434458486,
0.0025120556119853097,0.009031423239800052,0.01622710358008862,0.02387870502243317,0.03182073559879222,0.04303836839216225,0.05599099609513954,
0.0030527179374751938,0.010566316278844457,0.019360180838190886,0.02772752328458416,0.03477399960087649,0.04255688177097321,0.05184453885666866,
0.003923379236892318,0.016605616360049966,0.03275545008903785,0.05017995222128844,0.06628293150692612,0.08349276589192878,0.10162773996415699,
0.0018933702852692623,0.007384564652222207,0.014445376593299778,0.02218474393002268,0.03096549502353339,0.04419013202952475,0.05959939485163787,
0.00019826689800361144,0.0008285898179016529,0.0002737828032752498,0.001306191068187634,0.0008574654250153708,0.0016070141424317432,-0.00035013379713057187,
0.0009880526275071776,0.003515163343828857,0.007215534525134986,0.009156859615982562,0.01592376765984966,0.017831823490271848,0.01691797142041801,
0.0005443183294765798,0.0026767682987563447,0.00328460783910756,0.007922746128850475,0.013930532658331215,0.015898422153675814,0.018032654727468456,
0.0034968108864563687,0.012541995450874326,0.023861319735928116,0.035380282169148465,0.04658709496709962,0.06065433806943983,0.07370630287104224,
0.0003898634045155544,0.0005163537568412534,0.002292282706146844,0.003064629777883987,0.0038762290715904663,0.0053409567592476,0.001981649683798051,
0.0027511110820500804,0.010208984302369823,0.018658174432826868,0.02969766685642119,0.04048891611158014,0.0532945373675515,0.0646729563904067,
0.0035668542762949808,0.012005496057022084,0.022159858329049292,0.0337636540363957,0.04529477247613398,0.05855243298767742,0.07687032782049466,
0.003138392903210722,0.010253698115685989,0.018095074729929585,0.026000750535943872,0.03315933651070443,0.0424283680179612,0.05106230661373972,
