0.0010670396878147371,0.005072181604728333,0.011051986953028893,0.018861083493615132,0.0227025568099206,0.02805106459855783,0.03593331339456541,
0.0020653232382908874,0.009336143042648406,0.01708918486137551,0.025568855123342133,0.03385710016400876,0.0421887552962591,0.050755950949261226,
0.0013337578036360545,0.004434663215901246,0.007867785846675355,0.010077572607485543,0.01388674821018603,0.01843613621125378,0.02536248000545798,
0.00014594316358884816,-0.00011504502622018856,0.0006292977582206262,0.0001787757392304224,0.00044577538071684193,-3.997523126141218e-05,-0.01123446910264115,
0.0010945502861321036,0.004351071557176469,0.006971276364909461,0.008944531860961223,0.012988254140970023,0.01652696090839933,0.02359110789653343,
0.0015397606933354182,0.00600998049389494,0.010818926663076487,0.016661062356853256,0.0217994246571145,0.02755113737805091,0.03347418594874793,
0.001856561048455218,0.008439229368796236,0.01687054226027256,0.026508257555454093,0.03612663279006242,0.04794204945499648,0.06348958692709566,
0.0011508365439645595,0.0030860415979102667,0.0047261731619771385,0.006933404566152844,0.008735923458729757,0.011298704202972652,0.013569929291043238,
0.00275025196508804,0.010275940444394609,0.02033702193956106,0.03269426249378383,0.04512367770374947,0.06082897550335241,0.07942272737891808,
0.0005453462090079382,0.001311698813040368,0.0006506797452914704,-0.000161126741575686,0.0022595601957192896,-0.00142138856156776,0.0010358752338076966,
0.001269958699112017,0.005155745480372339,0.007849508108137773,0.01153825578799076,0.01336430732093988,0.01716865591329288,0.021206405900468586,
0.0017847005638848828,0.007086345854204309,0.012153150031295712,0.01791439962552682,0.023527653609055798,0.031133919408219853,0.04124751790903857,
0.0009086367401112306,0.004170266331988096,0.0077459542443453966,0.01117340062834646,0.014770827423277476,0.01946571222620319,0.025145548000993407,
0.0010335384593397163,0.004771111811306835,0.008934684942343387,0.01481288537369522,0.019634830958784644,0.023628415343543593,0.029694145375061886,
0.002256965496984668,0.006585998794912063,0.010792996222456218,0.014866137533663412,0.019647724802282815,0.025138433086349405,0.03217610494355628,
0.0017146616659942284,0.006164679584278355,0.011684035158874206,0.01816506424444508,0.02411807107720736,0.0291828018498063,0.03440567399449744,
0.0012435064314402944,0.005852738791775662,0.01112167811247381,0.017589115133166407,0.02304188491419534,0.031205882815390634,0.03601110257593468,
0.00038033270014407855,0.002319615017147441,0.004913671125170659,0.0062793504516394545,0.00824728952402739,0.0081994499559761,0.011698257279409189,
0.00024474883050913426,0.0034476457425616767,0.00728532930797077,0.013314862354750526,0.018869958834355726,0.0295979221463365,0.03539579404420169,
-1.91607235134643e-05,0.0013299590132016534,0.0025103626647646703,0.003907042092858305,0.00711723582554065,0.008516390362375836,0.011309107077803533,
0.0005444832268743376,0.0036212755199510065,0.009679004308175114,0.01498456736470028,0.020650277765870532,0.024876947340426715,0.029989090943257083,
0.00215122926136152,0.00831592922732119,0.01515873990493525,0.023072714806546393,0.02978374995796131,0.0373532301934033,0.04502022101594347,
0.0003376424177466081,-0.00041718929532634985,-0.0007716666457302318,-0.00034866289676010776,0.0004170296237349013,-0.004508170225558882,0.007989528223656948,
0.00026339940558352926,0.0014572876363017748,0.0023333701828616503,0.002604517088722341,0.004328716589167597,0.004702190952290634,0.007806068770235849,
0.0011609880439620015,0.0038238647003277873,0.00791127778528533,0.01157992710883139,0.01565916334620286,0.018467315144449485,0.022093217663950945,
0.00143486544850946,0.005245568090632203,0.011217564101127621,0.01600428575458362,0.021695184707034118,0.02872041581287514,0.0372378085882682,
0.0005311411179844198,0.004247393367648793,0.010399026960831498,0.01795323926244796,0.02698561004091986,0.042029413053639615,0.05136376077164007,
0.0008462712063789192,0.004677233488495954,0.00865021588572198,0.013193555100401657,0.017308647249501,0.02280961888649033,0.024707931240195876,
0.0018065819226956966,0.007040330140910585,0.014019666454596258,0.02108530141079257,0.026798182280000877,0.035473334125155666,0.044798167579876626,
0.002333635645267751,0.007673682538158175,0.014350763387685312,0.02171641632934779,0.03104657107834377,0.038893899137562436,0.04753979084612999,
0.0012239506019775378,0.004462571562617131,0.008971748394099763,0.0130577605009142,0.016455592029904834,0.02041958486873936,0.026866882469533934,
0.001435412127120031,0.004490994042004311,0.007259875063378763,0.010351292949978408,0.013595022029355761,0.016125484702667447,0.021818509763989566,
0.0008935742487195769,0.005573911763292412,0.013136218123396786,0.021156269649063905,0.030189743949001206,0.04270178021604487,0.05292507867686901,
2.0327274030682095e-05,0.0004151461424090594,0.0008902201288761393,0.003322579279604549,0.003948464590471366,0.005387173807625766,0.0017900763267462406,
0.0014202015289237193,0.005868888201622457,0.011368213492266578,0.01763759988714121,0.02369645490319732,0.03355192888478963,0.03837143428459602,
0.0019146151300350118,0.008624598477024901,0.016804079099856657,0.02610760622098446,0.03320953843801301,0.04324875414594945,0.05197421896357151,
0.0019394584860947615,0.006723185202473092,0.01331398915567237,0.020942669417371357,0.027884862067964686,0.03892467635135111,0.04824184061598925,
0.0018340158066992294,0.0068338049571243405,0.012389609285824974,0.017696200264666395,0.022477359443951166,0.027367085894475045,0.033148518543807626,
0.0019947182940238694,0.008800437449146745,0.01592707197972392,0.023255480024253965,0.028501199253825733,0.03417495973738974,0.041053766511046835,
0.0003447421076395144,0.0027079950499317488,0.00560712046789125,0.008414432305429567,0.010873848929942843,0.014786787313661781,0.017198921038715783,
0.002731450178538375,0.01240103781394897,0.024391273286286555,0.03758869962609337,0.04912850624198273,0.06261435112838916,0.07895468192392757,
0.0007887489485350107,0.0023257457018019405,0.003740376997150745,0.006045782623002881,0.008598474748375022,0.009093758453661229,0.013822778995793062,
0.0021005527567180054,0.007327202218177721,0.013280757304524892,0.01853025540693619,0.02395532093889367,0.028686118175207952,0.032724486351260136,
0.0017610779540284695,0.00765479615250944,0.014315707203534039,0.021845768884681607,0.030169409699668744,0.0405092159590267,0.05095115314309208,
0.0020054722904276276,0.007863947403247551,0.01370833539112188,0.020434469852468502,0.02649100758000157,0.036600730321049914,0.04636167470281586,
0.002589773580695488,0.012791259818279775,0.026863105102322076,0.04269738626325767,0.05666059625863116,0.07169325137552279,0.08910823161783084,
0.0006395181050775306,0.0026833640134028614,0.0036722577988311986,0.0038856855114482577,0.004840273238466739,0.007404391021278731,0.01186988566654594,
0.003256283368897643,0.012716469366681908,0.02368972920819009,0.0352796767336475,0.04530480123636515,0.05770988264154857,0.07235880551350718,
0.000510364468831003,0.0023444887646788524,0.0031792654404047545,0.0048653433691944635,0.00651037442731247,0.007605301391480994,0.009169310518841074,
0.0019454780320794485,0.007540815046061513,0.014181561486811782,0.020619274340686163,0.027460294684858014,0.03510348589463418,0.04221251248666224,
0.00044047028152998063,0.003701412861642565,0.007064179878838865,0.010791358766042949,0.01553477008278674,0.01678500631985937,0.022633764486042526,
0.0014466878841702302,0.005247524926135623,0.009959198369623438,0.013744931451949712,0.018893258787355136,0.0239046619748744,0.031147064425942606,
0.0019034494723984253,0.009364089790460634,0.018551905756474973,0.02776594770869863,0.03605399425945733,0.04471954054021269,0.054249519908967606,
0.0011359888491141337,0.0043065965428791255,0.009940846406580462,0.014809624703307893,0.020142825948358305,0.02585811913584911,0.03130283825751479,
0.0027197433412977073,0.01147142700468836,0.0223410773526806,0.03514404523576353,0.04613885873874687,0.058780130003823594,0.07430627825108621,
8.877007334960881e-05,0.0020574880672720257,0.003287909136030493,0.004365192553619667,0.002433216010919364,0.0065846145627706,0.014736592356620434,
0.0001332711144894165,0.0008588267490609588,0.0020129179318684105,0.0020943304915858035,0.0016658920920104665,-0.0003991371720344756,0.0037792173023518155,
-7.036231127217404e-05,0.0012041340347443174,0.0031582666461131637,0.005127259486174498,0.005876416941586237,0.008180566851372926,0.003256432325378993,
0.00103963256836372,0.004742086996742401,0.009264043922712963,0.013889396267389163,0.017878123289142456,0.02517389074465818,0.031154597031161736,
0.0023813699317001284,0.010009738035932867,0.022053435303911278,0.03551536957730495,0.04941883922575571,0.0668590128340705,0.08035661003914128,
0.0014906614208578526,0.005258911526485571,0.010827109336013498,0.01739659611597372,0.022117906339380444,0.034123887000420475,0.04359162448092676,
0.0018625005777911025,0.00761957686527722,0.01670715198086576,0.028933504369213495,0.040945734996767576,0.05637430026349104,0.06915647323746123,
0.0020205876828701935,0.0073328443141342705,0.015650932099490266,0.024142431958541714,0.03136456365975406,0.040790080040922765,0.04871180927394949,
0.0034448950770490368,0.01216429892908746,0.024214622682631685,0.03708398574661583,0.05025456919962498,0.06514715327790267,0.08370438863866062,
0.0013974720204490536,0.00723838235227195,0.013696950820887208,0.02062427386270155,0.026741557326445824,0.03251266011851864,0.04104114925967742,
0.0018917609635935946,0.007865979204213384,0.014383207212310291,0.02155936991824747,0.02843079869002884,0.03706972599885506,0.04570578342350224,
0.0019256973066029417,0.005852104491040335,0.010986486931782048,0.01638578007437673,0.02085445338175566,0.028530218295759625,0.03406807644298792,
0.0015199639359670303,0.0070369363663627844,0.014120278341806035,0.022492234038814778,0.03389548343425341,0.048977580077311615,0.07100947976221494,
0.001961391494939237,0.007096009536928203,0.013998395089818741,0.020221001216959415,0.028766412157913635,0.0368340366708182,0.04611187943506914,
0.003171284369828496,0.0118723851492182,0.022192766080578907,0.03373383942947505,0.045120498436221505,0.05466831380500403,0.06580727141551444,
0.0031995548925364,0.015242229169800421,0.03267619992127161,0.05362999519498636,0.07383290389101135,0.09281461757266714,0.11423664119603649,
0.001755628647960407,0.008950764983042562,0.019646817581774823,0.03315050281606081,0.045734900173011774,0.06483840659171825,0.08893944087823576,
0.00023551805249904842,0.0008067565837463778,0.0006630808165875575,0.0027571948929961403,0.0024377749744371124,0.002991624085449707,0.004820412632312253,
0.0015502939837515875,0.010248001360325868,0.021839771817338424,0.03466523881716076,0.05086197227348872,0.06577135916852404,0.08369846830519488,
0.0014225548510480462,0.007096261113497478,0.013737794015498126,0.021649824203607167,0.029266065544482193,0.036964486279002624,0.04370038908552055,
0.0012181086106567258,0.003962752846614625,0.007807813722925905,0.009434426566032966,0.013146292327214176,0.015888625235067896,0.02030904166711878,
0.002484437736192722,0.01195296052860084,0.023478682611652018,0.03729741253986631,0.05077337753483015,0.06489281163779893,0.07783700440865714,
0.00258491708183675,0.009799358297787662,0.018099027131936164,0.02736207012594355,0.03654312409318693,0.04848185117746578,0.06314569584496262,
0.0008638011499493976,0.00383747673372396,0.008577005785898675,0.012739444419981334,0.017815127041590002,0.022940570259328816,0.02703875703200447,
0.002314547549561034,0.008451906051454936,0.017341862593156957,0.02567910654457032,0.034702771827527484,0.043746183008168134,0.05233674059847449,
0.00010602017652163305,0.00046038552022510454,0.0006235624278154236,0.00040475685291703424,0.0008688380689493608,-0.002311900833279125,-0.0027085245460958616,
0.001977185413282409,0.010551661494309828,0.02455101143416135,0.04223707662123922,0.05953187955568823,0.0779772221526034,0.09869121632149401,
0.0021128794953309193,0.007921408910872896,0.013149705822699842,0.01892751380324893,0.024479493265820853,0.03084587109784209,0.036792061549182006,
0.0020046405041271504,0.008716928389067482,0.01668928821129033,0.02447842947956106,0.030914114890179704,0.0376901713279264,0.04686861646735182,
0.0014408964837833605,0.003717318378109808,0.006244664887609141,0.009640888331083002,0.010923941237865688,0.015794935643569763,0.01854399761033099,
0.0014792907944555203,0.006937082565039149,0.012002375989988013,0.018756781628948883,0.025672208704027536,0.03324795753048229,0.04232243951953909,
0.002036502932082435,0.007604248637585354,0.014715237402793386,0.022592335711090684,0.030324609897054874,0.04030437867515236,0.051928168692962906,
0.0016139032712801102,0.005934237679552367,0.011871035984663506,0.01888149946394592,0.025800697804465277,0.03162180035959658,0.03774651414474073,
0.0011307342619920856,0.00390852574439687,0.008333286596294176,0.011932159952481466,0.01625334212685803,0.019809262632346114,0.023068777068967528,
0.0013283157571909326,0.0042439247363096864,0.008147340042836492,0.011547258047686842,0.014340525110817662,0.018069886972650998,0.02364844997263101,
0.002510942531687295,0.008228828399055725,0.015364135309795364,0.023922841207373056,0.03262008494736746,0.04205750275119601,0.04974816897205371,
0.0023855727633203265,0.009190547253232319,0.017622961516358955,0.026113491603898698,0.03496276274448998,0.043259682716086274,0.050928231628170756,
0.0010323859447359115,0.006867276568347506,0.014724468801909326,0.024464603553995084,0.03471322993306915,0.04741346209427485,0.06077382138756696,
0.0009179428052727714,0.004402467498708412,0.007503303013769438,0.011072648524869331,0.015437223605582494,0.02232318760532738,0.024996542714237534,
0.0018313085657061978,0.005722889564803443,0.011286751780563044,0.017797311591175594,0.023833772806681988,0.030484743466571828,0.039668113552803086,
0.0016014740298822547,0.006982033925895171,0.013719269734894459,0.021524829248294592,0.0305184484939557,0.043355602708217596,0.05516761482068828,
0.0018618890650641238,0.008007836056614889,0.016546877586031846,0.026643785336265904,0.03534011079974019,0.04429737710845682,0.052953229899177834,
0.002324270400693384,0.007626348952412507,0.013513339081892875,0.01849793031640596,0.023449056085940164,0.02940411772079575,0.03588600469129199,
0.0017451182634490405,0.006808547960587011,0.012906612557934924,0.02060375460339897,0.02720054058450661,0.03550449085304753,0.04573335983571258,
0.0011480512372623497,0.003282999372273353,0.005360048633120226,0.007489155659259856,0.008590215052415974,0.01051531607048692,0.010850996507978465,
0.002018203432671201,0.006847500932040441,0.01261582552769527,0.018123875973816466,0.02186005824806841,0.025609844388377805,0.03018903535702101,
0.0022314999565255255,0.00984185420607919,0.01995928927140798,0.03061755942154945,0.04194338780588492,0.052292732029650145,0.05926713504867812,
1.6397029399596865e-05,0.0008714677608727132,0.0021651413259986454,0.00478320787258507,0.010052038609500548,0.010772190340088554,0.016250697277330858,
0.0019086888344355879,0.008473544279189336,0.0164609395198551,0.024968933347181352,0.03451098917370966,0.043570160178827005,0.05268299702447978,
0.00011244594464958806,0.0008741267074351085,0.001223821072693144,-0.0005087746136039553,0.0015484557526367515,0.0011342347687405998,3.089403712218893e-05,
0.0007206188831577954,0.0015074232927180427,0.0037398451811180688,0.004817840030953825,0.009087698159709414,0.010734597530899994,0.01702186266411825,
0.0038609350932184423,0.013269143044665442,0.024266463271417082,0.037156431839331365,0.048568061947988975,0.06393818392588811,0.07469427023253504,
0.0015734928827285265,0.008552399533016916,0.016928481451914723,0.029566523584226265,0.04187772067909852,0.05456275880769908,0.06315641539246361,
0.00037048197873303774,0.001288992156305801,0.001857557069704494,0.003846826990362946,0.008134377975926097,0.007995744634564953,0.011648256496628116,
0.0017112561213011017,0.008203180685601559,0.01604497546897118,0.024215024632745996,0.031049737382516998,0.04112525551546841,0.050468897768890734,
0.0014581822257604007,0.00683754931937797,0.013939815094926063,0.022749342950770583,0.030950804749132473,0.04017424184108853,0.05087905470258008,
3.1390185725917775e-05,0.00014874926890748539,-0.00015729696534213071,-0.0010103822557791895,0.00011058455165083811,0.009064797010680723,-0.004169394830170704,
0.002195733806012123,0.008046322751171309,0.016257876207267166,0.0243673502915653,0.03401157907620881,0.042423626172144215,0.053652531957190684,
0.0015766003209296737,0.006379391309705996,0.011091640330781275,0.016764194204553162,0.021724106530499845,0.028466084708596594,0.03560937664707616,
0.002186546298171416,0.010085888302362372,0.020297030398020124,0.032919064183367076,0.04360716104227211,0.05780906192839457,0.06983497306972712,
0.001979456824805686,0.011669917748569389,0.026358369340307494,0.045857771669856225,0.0661572140134022,0.08920664802548134,0.11154636173910147,
0.0020529043013061883,0.011547365141455811,0.025573296929625386,0.044161383898291634,0.06211510989409835,0.08489286649426299,0.1061619023671916,
0.0011097077609819284,0.0064815042588179175,0.012804663711714312,0.01964185396891255,0.027446222168886866,0.033503907186858715,0.04397383263820495,
0.001245890684801788,0.005565283313418216,0.01146729178602788,0.01987102298940574,0.027090365185362234,0.03676962636226433,0.048342983860414045,
0.0009342988019910165,0.003990119726796974,0.009761661242176598,0.017644323493677155,0.02665852831928919,0.03557244454818732,0.04889600547086596,
0.0015622045021966662,0.0034271032127412174,0.007383245768934445,0.009582653957323375,0.011545217267143311,0.013328851361296714,0.017354435811117966,
0.0006310826546174708,0.000504029657130633,0.0015653392667329795,0.0028933093780619205,0.0027815173840456645,0.001589077056727822,0.008084930343689947,
0.0026966621032569137,0.01016709835270113,0.018391043600833816,0.02819196471963403,0.03669981886508374,0.0468753723939814,0.060681237580121485,
0.0005798236340730736,0.0017257889598092633,0.004111511889826241,0.00849384537617167,0.010959422612096141,0.009916965634472636,0.017176410376311613,
0.0022988813637062977,0.008419900930915125,0.015956050974568148,0.02447654226466659,0.032851388141160176,0.040754101594182225,0.053162509415162935,
0.002480657048069129,0.009914062280924943,0.01920292460731265,0.02985927135681311,0.04088572511196132,0.053823398660544364,0.06749019063188115,
0.0008930066601460922,0.004550083027191637,0.00920683689020976,0.014729418039743416,0.021196526350686307,0.028295138134980146,0.03141941559522895,
0.002634328527002677,0.00958897349800347,0.01778121973956375,0.026245767390147733,0.03375471778616357,0.041076949606019014,0.04849749906869557,
0.0022429698755848937,0.008549579571352493,0.016252332800261438,0.024225414646062763,0.032744660539884195,0.042701205438421506,0.0570869614915657,
0.0012214075852585546,0.004295935864612859,0.008723063746393318,0.014598077126981137,0.02026367069359374,0.028476540125828422,0.03614341294990576,
0.0017763918316016905,0.008769952955275127,0.01715262302019595,0.027821141761654136,0.03849085841482846,0.050922544642765126,0.0660470079770243,
0.001393609026963504,0.0047543218076860315,0.009635972701145823,0.012352505937956776,0.01764345435696751,0.019340678263270118,0.02292848143697325,
0.0018670280849848152,0.005791043524481897,0.010109824365815638,0.014549858003619711,0.019122284215793647,0.025666335139413878,0.03447427152690985,
0.0020035630025162228,0.007655097675453097,0.014660401071254254,0.022730142307944845,0.029455931045313574,0.0382748343128041,0.04749498898077531,
0.00038323017863602717,0.0007425000343562753,0.00195796700938902,0.004002546490750543,0.005196068472349877,0.005175947385622836,0.012754840419178112,
0.0013262714891388273,0.004121121505276728,0.006371199454012387,0.009180821325077916,0.01264270441198769,0.016389521576084684,0.020161892349432234,
0.0026440183115178434,0.00981324011628506,0.018335869898073995,0.02796614211578997,0.03717050937576516,0.0468502911509088,0.05753464120680569,
0.0017570902536535342,0.008241199998189506,0.01625047613942827,0.024951465171853215,0.03256971943449028,0.039146910809972894,0.04713947370125263,
0.0023742314237262863,0.009282834502282518,0.01718458158330189,0.025483919057744327,0.03274087629602295,0.040473107634662525,0.04895247021617487,
0.0015624512900895193,0.005046231953642885,0.009635227740995124,0.016578467525393045,0.025470879654431088,0.03927294358578049,0.06046064529334338,
0.0022980538880308992,0.007790829862426519,0.01627306945837305,0.02940221502208072,0.04763148961655297,0.07759565493296457,0.1208031431073948,
0.00010808214831880107,0.0007624082231831864,0.0009820715989299303,0.002336941685833705,0.0013389599288914247,0.004013359782882936,0.004153760062348303,
0.0010807764171696236,0.004564682214104724,0.009390734409778452,0.014671509345289987,0.019988514236315817,0.024735939666810043,0.03129028690812077,
0.0012127320353209382,0.005727682949547137,0.01120832590769605,0.019210059554913894,0.027642854908911867,0.03952265830303639,0.049794129894209165,
0.0009535295722159369,0.0034976920343398974,0.0072285750436115095,0.011868941920351038,0.016604732489398023,0.021805893211516186,0.02543055527691724,
0.0013545689457073028,0.009222893768502353,0.020241105782897107,0.034793248946571084,0.047179708111902606,0.06441740895255803,0.0806727012058202,
0.0008408218540323267,0.00408291721203408,0.008942996088853954,0.0168183325671319,0.022653753197716713,0.029333357405744383,0.04384972740428289,
0.0026334004544921533,0.008538763103619038,0.015530940794717509,0.022892534543897284,0.029572329741279216,0.036838463689374934,0.04714626562021885,
0.0024860503128298094,0.010922546105778568,0.023417589002335745,0.039275405860012685,0.05540260021921298,0.07207685016442263,0.08830482908642995,
0.0016125065176591541,0.006510610229100036,0.011860347742661112,0.01725097079993481,0.020952541735666866,0.025666361799244815,0.031116062610260044,
0.0005481086597101966,0.004845266414257029,0.012096156325217789,0.022869101308098126,0.02699293009138972,0.037690584844688686,0.051958097832562194,
0.0026540677701931133,0.009571711363463214,0.01860154557259562,0.028728422263563463,0.03804687673762298,0.04837917735256204,0.058619049835118474,
0.0022279759770878144,0.006907897108508578,0.012452554444474241,0.017807491571607607,0.022889305843776873,0.027459425184766083,0.03228762352633741,
0.001053237667534664,0.006248054607857597,0.01192850393545989,0.018540812306005617,0.022871268614533542,0.028241862970379592,0.03358967522634261,
0.001708162738524263,0.005622945901680294,0.009347450277206099,0.012927335066011495,0.01776716844831721,0.023410337533526875,0.029359684785951107,
0.0008273043389185594,0.001871757527957088,0.002917130793781564,0.003726502256823787,0.005107620896532051,0.005211937148137292,0.009274434121734678,
0.0008937568880145451,0.002482718620004286,0.004336382547687478,0.005064462038377958,0.007900444429499137,0.007054265470604168,0.009699528929526198,
0.002732428802748426,0.008343200461351534,0.014948612856856563,0.022739038834669136,0.03081431599856274,0.03944631787751252,0.047643032349653475,
0.0021474902922675528,0.009489592604933561,0.01821329393476258,0.02765133792215883,0.03496574580240797,0.04433850822999564,0.05578038452549718,
0.0023621139021296183,0.009712314805681362,0.01818104359453293,0.026963261995804295,0.03422542726788423,0.04333739984762493,0.05390188030115237,
0.0019999495292242573,0.010281654655132534,0.023379701025325866,0.040268050325211774,0.055124268339043284,0.07403356047416908,0.09254227438628146,
0.0023508169982061284,0.009019168099605566,0.017061434106726843,0.026271591196523083,0.03601706996914612,0.044865633421110857,0.05502283792266533,
0.002761408460939382,0.010912670889966744,0.020262255414663706,0.029775193860755812,0.040072897025379216,0.052163232844049424,0.06384316646425064,
0.0012780714776439868,0.005483206898036937,0.009611038883536122,0.01321516005672562,0.017651626670120543,0.023465405857043806,0.02853910930583036,
-9.870089030157636e-05,-0.00012205652053203116,0.0006365934306033906,0.0009836098758842055,-0.0008299098266011951,0.0035385648361040815,0.00044102255005786715,
0.0021296750657952275,0.007545806419453241,0.014596589716975082,0.023207489322016592,0.03150447494771613,0.03784809727483083,0.049479272980512426,
0.0001231880986383526,0.00110539730081467,0.0029983962596275577,0.004024898868338229,0.006417293242821145,0.005950105230187007,0.012521091821686396,
0.0012094710984345586,0.006284955304179055,0.0115179534558727,0.01680325666253801,0.020932733440979522,0.023840334635145198,0.03132279789190471,
0.0016601956163206188,0.005214459958621912,0.009897984516830017,0.014343893234008457,0.01836297973504446,0.02274953830700848,0.029298160759818174,
0.0021818348348897894,0.010031741685926347,0.01866644384424054,0.02829534696888765,0.03690657654818929,0.04662126538141563,0.05724875589068972,
0.003493416064319132,0.011876359558066504,0.024014574036200557,0.0355269492805714,0.048036562310341945,0.061987475643972466,0.07419881929708533,
0.002471040783870448,0.010134663261568637,0.01989534703840111,0.03176176901018555,0.04290554759019125,0.05652303144805272,0.07373524934861364,
0.001597132210512478,0.006313795726559093,0.01099059508619539,0.01605267860692972,0.01945597634101025,0.02423434486426665,0.03061628503522448,
5.18620363172265e-05,0.0006042657822078538,0.001516569555959069,0.0025345157415600796,-0.00021415709602923242,0.003498904247328516,-0.0035242377162684937,
0.0006486874465552262,0.0022691973562882564,0.003461673804281066,0.0053668011686503645,0.010435717494988735,0.010251610533779869,0.011316804127675368,
0.0025644889335905913,0.010966390084108817,0.020363961218062377,0.03181019919841207,0.044766689636114,0.05926005819909653,0.07048957553784496,
0.0014648914906102543,0.005479106074263869,0.011595742574089707,0.01969848475851888,0.025539112235804816,0.03357877040133192,0.04173495521473982,
0.0011085795465569262,0.0019384105501492061,0.0035895693845570498,0.005778175315909138,0.0076814363992912735,0.012760361050033775,0.019307194994743874,
0.0014516295447510408,0.006530152413590485,0.011662478625781094,0.017795882726818153,0.02297568782451975,0.028983265099713017,0.03555650066331361,
0.00036546489456344,0.0015642529222056976,0.002433922706430148,0.003235111275758979,0.00502506971126104,0.005114953774017491,0.007247303816711163,
0.001631886573709737,0.00919357254330635,0.021556160449373953,0.03862675274540885,0.05508689376694414,0.07709781725520942,0.10034429632347237,
0.0012638656985401605,0.00470081702904518,0.008462740080739885,0.01225729130452431,0.01678913673291999,0.019029794373238883,0.02451309774588987,
0.0017160263848707271,0.00673078055208794,0.012280535215339452,0.017723213462583973,0.022098057301754438,0.02659469499545548,0.030499985954495077,
0.002132705076718624,0.007451533297160631,0.014828414500353146,0.022568533270502723,0.03028716421034897,0.035724913703931264,0.04337176561038854,
0.001563069407844339,0.006950685675865097,0.013169813597088582,0.020677733552916733,0.02923560081898836,0.037318065089882654,0.04746833766503487,
0.00022815730556684116,0.0002889361454920108,0.0004744333163356433,0.0007075675611161538,0.0013953285843791843,0.004950344485440294,0.0006920690875662298,
0.00028306356227458156,0.00014958850678136165,0.0008744107079553345,0.0018947273563786303,-0.0027613562498835444,0.005319589188629539,-0.002874403582940113,
0.0018540843145597968,0.007719202972505722,0.015178276739872784,0.024670298316357007,0.03411148118579168,0.04418104922256207,0.05348297719141487,
0.0014171943942249225,0.0050108523087419796,0.009050815296071605,0.012485338140765165,0.015826756810648462,0.019811571833136112,0.025154437421813457,
0.0017243496774668704,0.004827064263634524,0.008652258785219582,0.012622110977934885,0.016770261285136364,0.021941105700451956,0.030715654327044872,
0.0015346390267629115,0.006017201778052651,0.011285444096203308,0.017569114480971197,0.024433279405804333,0.033607730704903,0.04490736889161612,
0.0024394897778458177,0.009061282660520973,0.01749115315676842,0.027270455148057673,0.03713095905333569,0.04789274132825944,0.05987736315180569,
0.0015470094420310663,0.006296816174724333,0.012139529475086343,0.018071534470054475,0.02403176213292166,0.030623652468906967,0.03770385910937594,
0.0027437412515512283,0.010979138306995914,0.02168698484983257,0.033523555152495214,0.044910835516428,0.058399653673923385,0.07324169712280648,
0.0022618056171209125,0.007936757751776326,0.014111575584438102,0.020992425550608963,0.02665481980705779,0.032192780620589716,0.03869126449887989,
0.0014631170606296275,0.00617135798072142,0.01260180957978907,0.01921503122804194,0.02648152248903975,0.0360092293865895,0.04611976121177715,
0.00047247231506780576,0.0026702264685809084,0.00886633401648606,0.015400782933985863,0.020501151828022375,0.022959575402004436,0.026108198771432906,
0.0021440042041810945,0.006375899839471764,0.011712306341156303,0.01934144938756746,0.028456930188832056,0.04417940785795713,0.06383847652285504,
0.0009131682850904133,0.004984087127084537,0.008396420883053143,0.012364332741940084,0.0177469688287787,0.023607609286419674,0.031833572944796266,
0.001314648417172801,0.006367837484494518,0.013155313576833803,0.020311522548142516,0.027073144151948746,0.03363842598501841,0.04178447942773905,
0.0010581372522147719,0.002610480714576469,0.004019310186068151,0.004691435193817738,0.006409875138940693,0.007735090660250631,0.010666422639722789,
0.002184883958804935,0.009130476223927219,0.015984091089978662,0.024152194252704273,0.031259347671553236,0.040155471560087155,0.04943842621303727,
0.0030146626736986958,0.01210235667782288,0.02465475451003342,0.03824762590289767,0.05384194522511912,0.07079334650151016,0.08956553561415641,
0.002570927254300816,0.011528477162924452,0.021939860604395477,0.0342158607333343,0.04658236049897353,0.06119451281916344,0.07583181922990222,
0.0012132850488770154,0.00596098183166947,0.010933479001697097,0.017319200870291276,0.024023864749904183,0.03063968962709129,0.03610765317185296,
0.0016410007700295038,0.0048864888279540625,0.008945070453783406,0.012831949079189884,0.016671879332462055,0.019853429166488138,0.024098617106790884,
0.00161833791701454,0.005497526883925026,0.009925970123437943,0.01462935112226052,0.019692932695536316,0.026385988153168526,0.03347175017429358,
0.00016372999934222208,0.0002573466540206766,0.0003528329030557327,-0.0002600936885181273,0.001756930556815377,0.00033676404860322667,-0.00019448774485190877,
0.00162412045527292,0.005651249590953625,0.009906882560942073,0.014459806957404455,0.020274295435494437,0.02754736809947111,0.03434272529398096,
0.0036991851054594123,0.01309977617324666,0.024305509191769933,0.036342923767848326,0.048763706033186555,0.06209657293499637,0.07478332579859667,
0.001777114354617747,0.006907634835801099,0.013778013178551717,0.02083675856068812,0.030450037189150497,0.04019688417238856,0.05291522961318936,
0.0007826301404727623,0.002155854591969861,0.0046178740673043246,0.008279465474286816,0.013872201624829392,0.025622166779280083,0.04442869241425645,
0.0019176830024550397,0.009469908104445092,0.020203839228746006,0.03316089694235285,0.04591781407345158,0.06182737824041638,0.07693080720762242,
0.0015039107019254024,0.0032581424399360545,0.0048364827050083594,0.006544325662292553,0.008529971481318274,0.011209507043432002,0.015243774069004205,
0.0017996614973166366,0.0060284196683060304,0.011002317454814345,0.017216892661706697,0.02429892477665511,0.03460191748826239,0.04412522085156039,
0.0025529894258375426,0.010591953524539163,0.02093655170849395,0.032789407057497895,0.044184677311109845,0.05742642426874106,0.072140843915788,
0.0019624361094049934,0.007410087376495439,0.014681837271456553,0.022251326923132475,0.02877837667629255,0.03621206961950569,0.04479021935964134,
0.002645215228171839,0.009636745457482611,0.018662826645447272,0.028536832599250172,0.04007063857506582,0.05337990359649201,0.06828294462798822,
0.0021092998362511367,0.008351317834885573,0.01554203489736036,0.02270597301174751,0.02838149711172942,0.03397928205817544,0.0400020806172004,
0.001383774462197138,0.0053945852447875465,0.010009876992856034,0.015098282539992458,0.020768454382286777,0.02520949263246193,0.028958771190834058,
0.002075728223348351,0.0072684775764901705,0.012197059544523239,0.01741140470871562,0.02243360314330725,0.02869985740726986,0.03658097432955016,
0.0025173520107765225,0.009609401176731133,0.017590858364083015,0.025223812706886208,0.03216694287062908,0.04206687545105324,0.05297146961795627,
0.0014357207044430511,0.005525077721022738,0.010880998086051212,0.016165162089097213,0.021087299066641304,0.02669928986074086,0.03241463380637206,
0.0018810452650461626,0.009227648520182718,0.018907131949733393,0.03161455574283183,0.04427014050927431,0.06131530423167856,0.07832027688795942,
0.0015539472367208653,0.006481912544675037,0.01199231200325591,0.017995113191635062,0.023449112009783037,0.030713322783831213,0.03873689013849906,
0.0013312602579439654,0.005896172654879095,0.011030461095797124,0.017746149423397948,0.026799691810445832,0.038518208763275996,0.050430929557521195,
0.0019221551418716243,0.007874631624088028,0.01500821582028789,0.02246848149068466,0.03126952353827759,0.041616337344720485,0.05193152796448129,
0.0013778608923352743,0.005343072782798852,0.010800862575471791,0.016293924205145426,0.022607039949889076,0.02926400030158412,0.033589406256452514,
0.0009559378079936829,0.004758578267604257,0.009041430896271838,0.013641215502419545,0.019025466215042634,0.02344468815370753,0.029881208819782474,
6.18132243849176e-05,-0.0001285785470549637,0.0008978894040419055,0.0010391119167337472,0.0023732033315679297,0.000699612882231705,0.0005449262023280413,
0.00023603273436750892,0.0005789297458098495,0.0019335836305801434,0.0033000806551991163,0.00389185801537159,0.004371240258933311,0.0039226613951420875,
0.002393763059066259,0.008036351015286597,0.015494585380730454,0.02306587893503139,0.030161428922428575,0.039616398582333914,0.047737789511000994,
0.0025935959551575114,0.008104170223122584,0.014074634076569803,0.02054840009117423,0.026368734579288428,0.03214988675970692,0.03865207455671161,
0.002155074363165548,0.01143384841501622,0.024156271274119148,0.03840685083843275,0.05190802877890008,0.06791390268115421,0.08572143002730925,
0.0010086866059261302,0.004050869073826816,0.0074683432742771875,0.011791651708622992,0.016052434363003385,0.01757447816507186,0.02596898397765945,
0.001587979386268924,0.007739840259396613,0.014853324670450084,0.022525213442239296,0.028362908924528148,0.03378651662104376,0.03954947248570219,
0.0012940607175989305,0.003745601955897127,0.006647185924604225,0.01009259062441142,0.013864579381794534,0.018751076473923267,0.025579771984410454,
0.0008316302434277399,0.0025822041052451657,0.0037814322274740755,0.004968824288132506,0.006273137373041441,0.007990613371299249,0.011183749467139811,
0.0022617110935534285,0.009408556285090686,0.017354559686542956,0.025548893205526998,0.0337880428789274,0.04429807595872148,0.05730113946439438,
0.0018507742191651352,0.008809666968194463,0.0177389001153401,0.02736003499497981,0.038371289322357546,0.0506023278811442,0.06532427609073166,
0.001576613956855897,0.008060330712569513,0.0161278276046359,0.024270666922295535,0.031871702563648595,0.040186723745920576,0.049020573307501675,
0.0009849259274159465,0.004050322691561795,0.0079818801187066,0.011192564901443668,0.015049919436781717,0.018310223981911736,0.021812092270090924,
0.0015780039823253995,0.006134814276885776,0.01192780321079301,0.018049515120516918,0.022854235347542072,0.029801529176056482,0.034785048959213034,
0.0024820158911026406,0.010204182821883947,0.01974034412541945,0.02975620453052746,0.04023491199274009,0.05283506727848608,0.06657110964946422,
0.0032662412150656116,0.011003221587829798,0.019981117887188822,0.02898907995604816,0.03654007706644085,0.04389600857092089,0.05106392624480969,
0.0013658107949609298,0.004372155275905064,0.0075525055102923675,0.010660318329933917,0.014956706181905586,0.017429327759476834,0.021236810961747253,
0.002627019932241064,0.009562419452957372,0.018220816422685263,0.02831626030433034,0.03798473888483755,0.05076295071728137,0.06319200303641333,
0.002474807185088402,0.010462240683367482,0.02056036384665552,0.03137865835232806,0.04196525898909259,0.052803804584144756,0.06633883991662023,
0.00025214689902372696,0.0003120942586219157,0.00086381133650008,0.0005824151533689065,0.0008943367276031401,0.0029726284433890136,0.004386552021129172,
0.0031191532932485304,0.011644257883424425,0.02186975664120589,0.032584326886771764,0.042417934711934675,0.054082151293471395,0.06511772199634244,
0.0012548209231457463,0.005278463779090339,0.010648243831567152,0.0158611754224229,0.021480562428732322,0.02618379329078737,0.03140019624990391,
0.0020326940868052703,0.007789783924564658,0.014182856708599824,0.02030950461743645,0.026047247986895502,0.033974162341245,0.04290318609642328,
0.001627715458371076,0.005832925318249191,0.010614544214987922,0.01580081136437573,0.020987326898545114,0.027773448904997524,0.03592274416863893,
0.001504123017309123,0.00650174722874388,0.01330702239192094,0.020126513249925534,0.027899275379663885,0.0365658713938845,0.04538899490960622,
0.0009238273544449268,0.00336613210037991,0.007748099757118653,0.015720927194064732,0.03038197808362318,0.05439143192838185,0.09735644229550502,
0.001378342209602502,0.0051793119427142485,0.011310828646775168,0.019840712454143625,0.030990937144588393,0.04762739190076641,0.07062509161355428,
0.0024695777207563853,0.010914631054646209,0.022123885324006567,0.03491542211468631,0.04706310732162738,0.06131105953409609,0.07688146160218647,
0.0026385083349491213,0.010488369996554727,0.019348046524319013,0.029015194410676837,0.03779356557529767,0.04798517031949835,0.05989592353327341,
0.0019477074682230408,0.008261272122653662,0.015818447031276668,0.024317777798569404,0.03153087389348365,0.039943489215099666,0.04945167117949314,
5.761700626887281e-06,7.189177244050059e-06,0.00012633284332178645,0.0003396872639389465,0.0006336993369784334,0.0003760736816012369,-0.00030186061781212024,
0.0023963230059943362,0.00964243432115364,0.018743089382527892,0.02955958953427173,0.03997291767059851,0.052288755913415044,0.06632753853472152,
0.002028911369440072,0.008707055984617197,0.017226059227405197,0.028137232491444775,0.037933920794482164,0.0486760405255128,0.060161815335880046,
0.0010478814025468932,0.004615356641513252,0.009684929212061986,0.016057106494893364,0.02436927499792441,0.03727012438389665,0.05320512390218596,
0.0023514510711133306,0.009725351718272532,0.020705354387127492,0.03322076875541157,0.04564056626655701,0.058260416112801285,0.07070893984384742,
0.0016985039808322061,0.007812182503807622,0.015266504118130832,0.024795351578675916,0.03544744279585554,0.048537356848051154,0.06453066376747976,
0.00047233073418971507,0.0014297876535218574,0.0025829578421136586,0.0035694694638603764,0.004825165943541742,0.005251443082410354,0.007821982421538252,
0.00011187266385074162,-0.00010513836270044717,5.4058971697526725e-05,-0.00016578098153134665,-0.0001523465018065421,-0.0009980891063781894,0.0013748297377965911,
0.00048337417376203754,0.0008590110452660816,0.0017613120265019676,0.002946211237147068,0.0037830480475040326,0.007284119442729274,0.005821111072788523,
0.0003332428189864888,0.000506690400267507,0.0013057643235816975,0.0017591949110347669,0.0023685753146199117,0.005490104952616173,0.00419735029637089,
0.0017592286388331362,0.006558528177096428,0.011938817602722626,0.01735282986211627,0.022011357512409898,0.02709794917052953,0.03333331877172645,
0.003162371186110556,0.01080817180395188,0.019540059084778492,0.028458215835746238,0.035961958069689666,0.04311072134471416,0.05077286186091885,
0.0002142844502057032,0.0002558815237933644,0.0008925619681565391,0.0024505368471919443,0.0024622358637997927,0.001688260929117483,0.0025752253286470154,
0.0015067470917826508,0.004312444728332167,0.007562364742309686,0.010854702194799375,0.014010557917478737,0.0171932193949177,0.021152402026504293,
0.0010906571805298576,0.00478072792692666,0.011639488932606568,0.016719459861431717,0.01667484465634327,0.014685988652548332,-0.00863943900314818,
0.002164843850391844,0.007772150459650389,0.014381361418658747,0.021065836063192143,0.028571096987447694,0.03780135306466192,0.04653798634902982,
0.001742169028878693,0.007453245314870997,0.013968287738330573,0.020601049620386995,0.025766068362731764,0.03193169548298952,0.03917866185918073,
0.0021776073448390868,0.008268559798171524,0.016360484990578104,0.02601943478033339,0.03600690794632571,0.04970008784496525,0.06153587316646277,
0.0015335050589030965,0.005327167385822979,0.010460967313730746,0.015533545418445227,0.020008770685089855,0.02373213938040723,0.028355615541605515,
0.0012800412336023085,0.004163882149305715,0.006968167171633673,0.010525868514636145,0.013751349906234878,0.018231580059133626,0.021383222201929335,
0.0016216524696694226,0.006280327032786335,0.011250738339984403,0.017005265226051842,0.02371077156303284,0.034272062005314054,0.048614491687985,
0.0012765863775588077,0.005293453536077006,0.010227680207104689,0.016319337270723516,0.023974742398046093,0.03382331878600661,0.0441620873847118,
0.0010145968733525571,0.0035817108067277927,0.005864371483843575,0.007972388115766723,0.011483212148781795,0.0134159154345328,0.01447438254530852,
0.002483921070974889,0.009985185779774638,0.019388648830362502,0.029242778637718143,0.040331101589288224,0.051742677112342664,0.06443930668967593,
0.0018318575579591159,0.007089755314538312,0.012644835116181417,0.018696232270697274,0.025178647872142145,0.03139790188496507,0.04179318815337928,
0.0017751254540308722,0.007370180749916023,0.014433380843830642,0.021518489844039083,0.03030669510436995,0.03911339411873182,0.04983438100734539,
0.003246822543646458,0.01114619088750195,0.02104942619457754,0.03184637962083298,0.041564632975522556,0.05208353657722849,0.06189044215225137,
0.002453983251771316,0.010152839684480167,0.019720674158911346,0.03130107915428403,0.041882579944966976,0.05649422323205105,0.06986090792405039,
0.001848852042292945,0.007870554136249817,0.014179603201842495,0.021241202540909193,0.02848760728032781,0.03738004224868068,0.04752551931494048,
0.002032535872954505,0.008577331559376504,0.017068156093084666,0.026183493366409592,0.03622588376434516,0.04955779033514029,0.06303493313313124,
0.002382920034966093,0.01000364081513211,0.019495766396394915,0.030354843002577955,0.04080187710722089,0.051367171728906806,0.06450501383587465,
0.0007548284771569825,0.002467472943752043,0.004303342651248763,0.006035314099736522,0.008254822523518548,0.011587939581846564,0.015253159406341857,
0.002735189956378161,0.01029589907789856,0.020407172688452022,0.03128126594745303,0.04144764154604098,0.052609849972849655,0.06426223071576534,
0.0023450090820181678,0.008657784150206902,0.01644979794100511,0.026208986950295294,0.03509386913073274,0.04560900900441669,0.055312162786820655,
0.0018763348813711919,0.00894917980620624,0.01916196721887919,0.030739492082955948,0.04225360425887005,0.05527756644120643,0.06809599643792032,
0.00031709370125840346,0.0005448212203326429,0.0016546650664739566,0.001773995052105756,0.0030817427972875664,0.0038120978362903633,0.005654176772333786,
0.0015052852705189034,0.006823836989625615,0.013274936297425417,0.02011676849644492,0.02611419464734892,0.03231446273240683,0.03791793272695255,
0.0021958657687580195,0.008885422293106973,0.016220124238319724,0.02441603394282501,0.03194393125966615,0.03913454912272219,0.04617277393016668,
0.0011622360229032389,0.003312523711841278,0.005477657678564232,0.007686468755226479,0.009680220107035122,0.011778581131093974,0.015432871657509837,
0.002134058575438345,0.009084107032572234,0.017147195366148265,0.02527879665757711,0.032099288181759826,0.03963506506392282,0.048252147779926556,
0.00042898123086489035,0.0005990902067244501,0.00409595366675872,0.007703670034943611,0.02039367789246742,0.03282534570043787,0.054797477469001384,
0.0025705781131317744,0.011342201681590936,0.021483985740940015,0.031789217134202914,0.039748147968160064,0.0484608047173209,0.05809090102523485,
0.0008381400860524121,0.0013929385201285555,0.0026584025889063597,0.003786382574196528,0.004671045099871286,0.0061109400528179545,0.007708276530892386,
0.0025427614405677504,0.011207284146918906,0.021682222395960526,0.03363540239596936,0.045468463464416735,0.06016090587269976,0.0752359439194432,
0.0019123903526371666,0.006866987612129374,0.013366351159672439,0.020030583747770444,0.026424015044042577,0.032991879074054646,0.04007159119278933,
0.0016526556282411883,0.007640429649336478,0.014755965714611028,0.022158524871771917,0.028312523068375263,0.03561489027984527,0.045618335709002346,
0.002053623252368909,0.008186505955054088,0.01623670083125185,0.023901988116140506,0.03334598202350142,0.043754214590769246,0.05495498492057811,
0.0020566356473442782,0.0076609091284769275,0.013857207350671075,0.02033988996543592,0.025610396698786245,0.03260214243758775,0.040132353705737464,
0.001346397861832988,0.004570522735074303,0.00800064102192823,0.011365753855268765,0.01495856407402088,0.018240752643499118,0.021759423322942242,
0.00029794722866376784,0.0006066996799267109,0.001470546975641567,0.0026571076184357992,0.0026738385033974912,0.0015261514041371774,0.003045936512262662,
-7.908308887783008e-06,0.001787790790608983,0.0041903049822218435,0.006079990009783854,0.007170909878123627,0.007459700133826506,0.01187440295821776,
0.0017155115955980029,0.008563587290430769,0.01792374416359897,0.029636794374025225,0.042034530025938176,0.055946091233975544,0.06982235377128983,
0.0010570339149253143,0.002797025899123462,0.003376262574171117,0.0042146897807316145,0.005747044141370582,0.007267747131236364,0.00971953519190326,
0.001491894156765867,0.006775845968645188,0.01254705565304862,0.01848363479379955,0.023796644657265185,0.028544438756352573,0.03557174120189183,
0.0022587502222357024,0.008827918958575593,0.01759347133556644,0.027619462658356502,0.03718557997843438,0.04710464998381999,0.05761957248624712,
0.0015751494612177678,0.005652205941366917,0.010490925873265776,0.014894373583600897,0.018784955774197813,0.02270146411300664,0.028734965699383604,
0.002386703321991424,0.011569061842487701,0.02563832891244492,0.043049661587810185,0.06062935896439278,0.07863948791281006,0.10153529545229137,
0.0020058663847991997,0.008389840569256908,0.015911922231312187,0.024501191301473765,0.033312407392785987,0.04556675885498387,0.05789677574702005,
0.0015248045378088823,0.007663525410954723,0.016157713024388513,0.026144518952329828,0.0356112113047786,0.04622921462339152,0.058053805503570075,
0.0011008502161088413,0.0026949949283340264,0.004520539587792964,0.0057845736216375334,0.0073707578757784544,0.008450963692674843,0.01153903726955127,
0.0018694187779240846,0.006103913810761013,0.01097589760931545,0.01667428915562342,0.021116873435547544,0.02827304074695913,0.03495095792340905,
0.0021257838691037378,0.008305321819160055,0.015292790858999698,0.023765651628631892,0.030275355539147883,0.03775974332188082,0.046345628341764866,
0.0006700982690736703,0.0020192828285516963,0.003125208677335534,0.003386710540898531,0.004674866051385475,0.006366626000520398,0.006524526278652859,
0.0010512025240998139,0.004401102440845714,0.008092663376338958,0.0131940300756881,0.019344609741246743,0.030340118769975832,0.042029428345112814,
0.0016289302081574693,0.0043399984292024,0.009188979412918295,0.015129291823880573,0.020364667106989025,0.027098707388769478,0.03209482282715209,
0.0018137300954522556,0.0067877526807943,0.013561707920406604,0.023598950958889284,0.037954575832758464,0.05936259174782019,0.09454913055999939,
0.0017469810198411145,0.007490002036791163,0.013806483891318297,0.01909646974819213,0.02482224686848988,0.030997122221712303,0.03790021549874911,
0.0014678036518480327,0.005977198110338899,0.010620924479427477,0.01577853048952249,0.019512914093432608,0.022992356337445223,0.028069872877546337,
0.002001561446985213,0.007285697722270017,0.012849934541309784,0.01825233711268028,0.02347834833947084,0.03007956300235472,0.03561203593468585,
0.0032620798768733224,0.012494934072632758,0.022189993134285137,0.032471248127142915,0.04057443384657674,0.04940918677521983,0.05782069208196626,
0.0018239499509447447,0.0081263452257687,0.015635009212191856,0.02416150322666894,0.03319313000221675,0.045343125982494556,0.06000023296224145,
0.0015133289708093621,0.005850434752724048,0.011893507221348234,0.018268930683055552,0.024793312124458563,0.031108379654406267,0.038390506986521584,
0.0016691573551863013,0.005902487181709031,0.010380454420609602,0.0167262344385137,0.02382888964260789,0.03210451240906508,0.04197881935664572,
0.0028826955764678177,0.00911859597975989,0.017626005283674213,0.029347015058974153,0.04443878812217619,0.06543269102859041,0.09675277801049945,
0.00036983538091920357,0.001423678054516432,0.003500156822405895,0.004412821433869206,0.00587172394616542,0.007186144750190642,0.008006973169552695,
0.002170350872533573,0.00967108395717808,0.018368955467266267,0.028274592827185557,0.038335312843627276,0.05128251081316131,0.0664770030074386,
0.0016503254872798398,0.006509523440729975,0.011985706737256597,0.017858761497370073,0.024138488598874817,0.030230671338558505,0.03752338602316628,
0.0017724252525612677,0.00915402449038343,0.01966877747290774,0.0320189246566551,0.044724117785149925,0.06208694539181193,0.08248476488879994,
0.0018223076290462257,0.008673767321683238,0.0172943498539747,0.026164459897811587,0.03357482519043213,0.04055510350330943,0.04773702165735401,
0.0013780031610418613,0.004967702004138846,0.008538253005735248,0.012169980028712989,0.015851581677477328,0.020026560607381044,0.025693424461151967,
0.0017098169500850955,0.007282793604685761,0.013701142394161675,0.019882337710327973,0.026245899765782562,0.033001270753560824,0.04143800531523104,
0.0021983325672461124,0.007457254113124978,0.014493752028585966,0.02259764684637407,0.03158938002161027,0.04194998225421883,0.05622333632705438,
0.0019981988919139924,0.00886699986501906,0.01595674291450155,0.024147962337845132,0.032982196639986645,0.0423735438275836,0.053832058693410706,
0.0016040873548629835,0.006124264132825097,0.011528148256054268,0.017881144791227068,0.02299818044918336,0.02867229113250567,0.034477622410477936,
0.0011664255297065258,0.005098836181213677,0.009960873409027722,0.015430657338450204,0.01928289407365116,0.023914596128346222,0.02844000256248253,
0.001355637754073134,0.004482000566826824,0.008383653282397933,0.010992856540638937,0.014109427119751019,0.01865730061801016,0.02268854126103077,
0.0011112341948074568,0.004608129538350333,0.00860645113445789,0.012775336920982606,0.016539058695351543,0.0209939852083453,0.029777369278390253,
0.00019973710614745992,0.0008810003618532441,0.002308196298886111,0.004280148342534201,0.0063622358604120514,0.010699186653981197,0.01661006442793221,
0.0008092045633250889,0.003959654961481991,0.008517278826474843,0.014389858962588011,0.019979229414027414,0.02764569411885811,0.03499073690857818,
0.001964330085680491,0.008339002712323063,0.016788596425022288,0.026026278641429014,0.03363095674422295,0.041546584430511346,0.04989932137198377,
0.0019232664016403816,0.007339126956334701,0.013355566990763616,0.01868389039460983,0.022973672946295855,0.025493249013221565,0.027330365159537025,
0.001363226281388371,0.006045097323728397,0.011647006869200541,0.018206130563140906,0.0239923274730484,0.032051102229782226,0.04033175850994899,
0.0010562739314016252,0.00342654097064444,0.005909344898216908,0.008227558123780563,0.010151991404225397,0.012005156193783508,0.014246953289645013,
0.0013708568153491837,0.003933661221963703,0.007461168543090906,0.011084661514285738,0.014222084209401086,0.018892008715483126,0.023501801015732477,
0.0012742977284869793,0.00491652612742219,0.00812700924593733,0.012090227555635201,0.016469255986271105,0.02319016319339735,0.029561775006885435,
0.0017284558375763542,0.00477310516746341,0.008310785697985757,0.012535791872661005,0.014704778641740947,0.018252511191428688,0.022196516641740677,
0.0011649502422559003,0.003965258964366056,0.007497215210817327,0.011018278762554347,0.013535860079834528,0.017817249267401327,0.021513530549245093,
0.00027474904142826123,0.0013837191190854933,0.0036693347845742166,0.005768660860532444,0.009088063005882276,0.012235671001813801,0.01329260068238667,
0.0019352392285034202,0.008625784125104745,0.016546240768771852,0.02614247986023577,0.035566203057308905,0.045973454031560876,0.05669543219133285,
0.0006989532421095012,0.0010508322536110998,0.002352612137138707,0.003963325122693493,0.0049421370100153125,0.0057977422921426875,0.007392886800092517,
0.0014860798456517446,0.005010807940883046,0.008586029964295534,0.012324218847516381,0.016714444290444903,0.02373925696791855,0.03070028427777299,
0.0014780898664282728,0.006797942275712493,0.013512413139575375,0.021111674754710995,0.029040917588334318,0.0359250171361254,0.04440464676828412,
0.0008987535044194063,0.0033281614384972264,0.006347806690003783,0.009904346169954793,0.013281712977207904,0.019583890020459013,0.026949455297119312,
0.0004037764191176284,0.0020872111328356082,0.0037046024478515653,0.005858554338106424,0.01143382026668219,0.018496388226486797,0.02525709558413076,
0.0018776603077847974,0.007789790475631275,0.014719077659909423,0.02156655346506832,0.029829153824024304,0.03737088211902502,0.04597207824036253,
0.001980784147505469,0.007747006775307358,0.014033469834524135,0.020345588800194617,0.026717878144247646,0.03398058932906054,0.0420311267429963,
0.0017677287827025936,0.008835704123793421,0.019007890568451653,0.033349372723932035,0.047508175595671866,0.06448796735326967,0.08254685762789259,
0.00270535004713916,0.011130150523588334,0.022820915240120115,0.03717007298225641,0.0513758357811133,0.06962736582750878,0.08836457318125174,
0.002170625442123419,0.007848141590054805,0.014217278536090127,0.02106396882224725,0.02756418871268266,0.03313333114804611,0.03958945928877889,
0.002356245467948767,0.009800394375970786,0.018963436880000375,0.02844490084180424,0.037959903361691076,0.049222627152942,0.06247352179948908,
0.0002633854490866546,0.000779092287969175,0.0018989254412354374,0.002947002368709225,0.005190199490871875,0.005494569765936191,0.008793321945373286,
0.0013959659379445498,0.0054838392111112985,0.00940100822501867,0.014670158764647686,0.019780225915016273,0.025109276771663053,0.029701224214982558,
0.0021372571992481896,0.008548751389801698,0.01709505245550958,0.027486871272802662,0.03963044210766654,0.05707938193079083,0.07977976107584435,
0.0021966427322969314,0.007865082029348044,0.013845122349621838,0.01997136998740235,0.02644988401186588,0.03425179714197046,0.04424680824858148,
0.0018762549782758663,0.00871957060764488,0.017803909368157806,0.028078997270047635,0.03873902372616395,0.04984179528056918,0.06194508833228997,
0.002881834737575517,0.011232637033916703,0.020817048775432254,0.030696008687112253,0.040059427101579344,0.049497265191948935,0.059540003049464954,
0.002299298768734244,0.009405694254607742,0.018105403203140562,0.028532638787725804,0.038910240069013294,0.05101080155438468,0.06180726284242812,
0.0022851875788416224,0.0076841814812460595,0.013207366075807412,0.019214318200139854,0.024419267526799186,0.030065309202434103,0.03555973946525272,
0.0012788325211718337,0.005129067917711813,0.009695750317573137,0.016003132986834086,0.02329804459508782,0.03302536194772981,0.04333269590275707,
0.0029503902115226564,0.011509683098077917,0.021389070436268857,0.03188412989721837,0.041417115610124865,0.05161189033253616,0.06122775103129765,
0.0012673364116016557,0.004632244744983722,0.009050654670659906,0.012759275660579524,0.01753308100477812,0.02054960611362465,0.025420891541947103,
0.0007026121528973001,0.0022228866970946536,0.0031873346668354467,0.003510048960289319,0.005154166984055772,0.008697110329509424,0.009816953607911577,
0.0015953524055494377,0.0087908747006647,0.019942425215500926,0.03492358207105451,0.05062677046828832,0.06879893130977394,0.0893283620429485,
0.0011353853743876212,0.004491104022537052,0.00859674320966724,0.012090957266734618,0.015409767225519599,0.020107490481768953,0.026610971265141815,
0.002016117946167738,0.006652327647654139,0.013365946026998973,0.02030099144112317,0.02646959020129726,0.03402359008984337,0.04102183567686326,
0.000950130339539898,0.003126559682623285,0.005722863072892417,0.0095546033387513,0.014559147637591112,0.019188931122832903,0.02862770821234049,
0.0018471521714653978,0.008218523713971531,0.015418380304190295,0.022771594923796105,0.029051797516325827,0.037644717153743755,0.04734198663214501,
0.001582651841241051,0.004312321691757993,0.008245852011009634,0.012699103829529912,0.016233258590814596,0.021586772212735618,0.027346030172414434,
0.0006139651849329097,0.0016846743112652288,0.0032668449345169765,0.004115223115908842,0.006613148382879437,0.006766551812820133,0.01063226690511238,
0.0018749091213400122,0.007093879195165735,0.013441137429020108,0.01910022923475563,0.02494840691267093,0.03257052778435043,0.04163062288448927,
7.5008297423281464e-06,0.0018091239319411412,0.004406573755898806,0.006655126598189187,0.007925672825940035,0.0073723212315718704,0.006120191914569229,
0.0026284926509418344,0.010284590815220915,0.01935507530593083,0.028685693050963506,0.03818924198053324,0.0497413573284577,0.061936175254553444,
0.0027222768587498642,0.011189971778335424,0.02195326596226196,0.0343810665741166,0.045958786759073784,0.0598772089131144,0.07360479682042607,
0.0007552793033980536,0.0034649830657426128,0.005323037181021035,0.00675442264090666,0.009417715782315858,0.0117253414042174,0.016145685073958752,
0.0011586666265868968,0.004269435673252355,0.00838122510108991,0.012028589380090472,0.016100837212361895,0.019472515665947238,0.025431550462673595,
0.0026166842811548726,0.00919966702422116,0.01713929571625673,0.025622891117774473,0.03352264478519171,0.041526167863691954,0.04932212248675523,
0.00012505510892413948,0.0005724304456295046,0.0025067466342797978,0.005460640638887046,0.008660652536951634,0.007880463482810306,0.007592162917260778,
0.0024580674114210274,0.009845277500510178,0.019163453762347068,0.029641994799476098,0.04048532383055821,0.05332150342451683,0.06688506174793703,
0.0023534055239234357,0.008908362169140866,0.017246540007594745,0.027281648499744585,0.036431949667917095,0.04730624694974674,0.05683259116162036,
0.001573413991726169,0.008166708338334536,0.017258439596110172,0.02907305555567086,0.04161552247548433,0.05680727906927013,0.07443057683912571,
0.0010750453064322357,0.003467764448471864,0.005009421389794984,0.006597681669528808,0.008125941276970956,0.010863244678532563,0.013693691349648474,
0.0035568720686487343,0.01413080888266161,0.027030500531756353,0.041047880053829845,0.05323130220855774,0.06710682718465934,0.08285367233353826,
0.0006212539891918135,0.0010424194929523002,0.0019960136617861606,0.0028041236619099625,0.00468041364439189,0.005836713517887037,0.007243059808232684,
0.0020622305625374172,0.006891597409107797,0.01277213930478399,0.018962495581529844,0.025409658111112406,0.032599275037782094,0.04013197482211624,
0.0018231838419477777,0.008676100887422497,0.016464123241102687,0.024647151499339166,0.032937592228465616,0.04246246394228765,0.05393190809788012,
0.003626822781842979,0.011868218313746884,0.021934963544317204,0.03282990931536503,0.04342100797549022,0.05561842845421157,0.06782208720254385,
0.0015546612685401527,0.0075194273861644454,0.01531143523473913,0.02462694790975126,0.03480002781765832,0.04800465064419853,0.06043306372669431,
-3.4350257260346545e-05,0.001221426252797671,0.005771070804296024,0.014610773675955388,0.03458106736615379,0.08855966429010201,0.19060324479622837,
0.0017601718441203015,0.006700888821701517,0.012527058573962838,0.019239302307313657,0.024395408005502158,0.032318559087457274,0.04187133187548654,
0.002063214874767631,0.008485818582553655,0.015029497318709362,0.02219949918531138,0.027769863197436098,0.03416780657228285,0.04130266575672176,
0.002842860075343734,0.012571344279395113,0.02430188322571372,0.0372203269525651,0.04932743747027322,0.06159376951982946,0.07368312994472648,
0.00130428725809825,0.005241888342942687,0.010104728263645703,0.01592723347615579,0.022645259404245062,0.03216496956016739,0.041286854036757296,
0.00036693198426540624,-0.00040895343390656014,0.000503153073275529,0.0010521863974541237,0.0018491867657587909,0.00019973669257802615,0.0010271586139961033,
0.0012459432125620537,0.002668834799908703,0.00654633222851705,0.009091651387235557,0.017071809881003593,0.01469626038877371,0.018673187012819444,
0.001006412366239145,0.0029361689749583587,0.004101090522725338,0.00659730038673412,0.009297842367704616,0.009547807233385075,0.007844648040035375,
0.0027682577990225067,0.010136270218023874,0.019311822778064015,0.028692664646582922,0.037113102643876246,0.0483330217619893,0.05899820009157902,
0.00021632810265783927,0.0009247622641285495,0.001664995325965344,0.004202793926906164,0.0027031937944912133,0.0037998105481350836,0.009390830409062818,
0.0019295867082832281,0.007861259294442058,0.015645366455193665,0.023889707072103916,0.03196481787405156,0.04171857863217961,0.052948785823239336,
0.002234535920743387,0.009003824694418953,0.016109455565497473,0.025303839742110874,0.033114523439092505,0.04300053323584525,0.05567753892550177,
0.0021294101201159658,0.007699523733293963,0.013587040459384315,0.02060179310772018,0.02771973886962229,0.034454243071057156,0.04148429803860313,
